-- Discretization of the 10-1 data sets, using z-scores
-- based on only the values from the second half of the time series
-- (see numerics.m2 for details)
--------------------------------
| 0  1  0  1  -1 -1 1  1  0  0  |
| -4 0  0  1  0  -1 1  1  -2 1  |
| -6 -2 3  -1 1  0  -1 0  0  0  |
| -6 -2 2  0  2  0  -1 1  -1 0  |
| -7 1  0  -1 4  -1 -1 0  -2 1  |
| -7 -1 -1 -1 5  0  1  2  -1 -1 |
| -6 0  1  -2 4  -1 1  -1 1  0  |
| -7 -1 0  -2 4  0  2  -2 1  1  |
| -6 0  2  -1 5  -2 0  -1 0  2  |
| -6 -1 0  -2 5  1  0  -1 1  0  |
| -6 -1 1  -1 6  0  0  0  0  0  |
| -2 -1 0  0  3  0  -1 0  1  -1 |
| -1 1  2  0  2  0  -1 1  -2 -1 |
| -1 1  0  0  1  -1 -1 0  0  0  |
| 0  -1 0  1  0  -1 1  0  2  0  |
| 0  0  1  0  0  -1 1  1  0  1  |
| -1 0  0  1  0  0  0  0  1  0  |
| 1  0  1  1  0  0  -1 -1 0  0  |
| 0  -1 1  1  -1 0  -1 0  0  1  |
| 0  0  0  0  0  0  1  -1 0  0  |
| 0  -1 0  0  0  -1 1  0  1  -1 |
--------------------------------
| 0  2  -1 0  0  -2 1  -1 0  0  |
| -1 0  -1 0  1  1  -3 -2 0  0  |
| -1 -1 -1 0  1  0  -4 1  -1 -1 |
| -1 -1 -2 -1 0  1  -4 0  2  0  |
| -1 0  -2 -2 0  0  -5 0  2  0  |
| -2 0  -2 -2 0  1  -4 1  1  0  |
| -2 0  -1 -2 1  1  -4 0  0  1  |
| -1 -1 -1 -2 0  1  -5 -1 0  0  |
| -2 0  -1 -3 0  -2 -4 1  1  0  |
| -2 1  -2 -3 0  1  -4 0  0  1  |
| -2 0  -1 -2 1  2  -4 -1 0  0  |
| 0  0  0  -2 1  -1 1  0  0  -1 |
| -1 0  -1 0  0  1  1  2  2  -1 |
| 1  -1 1  0  0  0  2  0  0  -1 |
| 1  -1 0  0  0  0  0  0  -1 0  |
| 2  0  1  0  -1 -1 0  -1 0  -1 |
| 1  0  0  0  -1 0  -1 -1 1  1  |
| -1 -2 1  1  0  0  -1 0  -1 1  |
| 0  0  0  -1 0  -1 -1 0  -1 0  |
| 0  -1 -1 2  0  -1 0  0  -1 0  |
| 1  0  -1 0  0  -2 0  0  -1 -1 |
--------------------------------
| 0  0  2  0  0  -1 1  0  0  0  |
| -5 -3 1  0  0  0  -1 -5 2  1  |
| -6 -3 0  0  2  1  0  -7 1  0  |
| -6 -3 0  -1 4  2  1  -8 0  0  |
| -6 -3 0  -2 5  3  -1 -8 1  0  |
| -6 -3 -1 -3 4  4  0  -9 1  2  |
| -6 -3 1  -2 6  6  1  -8 1  -1 |
| -6 -3 2  -2 4  4  1  -8 0  0  |
| -7 -3 -1 -2 5  5  1  -8 0  0  |
| -7 -3 1  -2 4  2  0  -8 0  0  |
| -6 -3 1  -2 4  4  0  -8 1  0  |
| -2 2  0  -2 5  4  0  -2 1  1  |
| 0  1  -1 -1 1  2  1  -1 -1 0  |
| 1  -1 1  -1 1  0  0  0  -1 0  |
| -1 -1 1  0  0  0  -1 0  -1 1  |
| 1  0  -1 0  0  1  -2 -1 1  1  |
| 1  2  -1 0  -1 0  0  2  2  1  |
| -1 0  1  0  1  1  0  -1 -1 0  |
| 0  0  -1 0  0  0  -1 1  0  0  |
| -1 0  0  0  0  1  0  2  0  1  |
| 1  -1 0  0  0  0  0  1  1  0  |
--------------------------------
| 1  2  2  1  0  -2 -1 1  -1 -1 |
| -2 2  0  0  -1 1  -4 -5 -4 1  |
| -1 2  -1 0  0  1  -5 -5 -4 1  |
| 0  3  -2 -2 0  2  -5 -6 -5 0  |
| 1  5  -1 -3 0  3  -6 -7 -4 0  |
| 1  6  -2 -2 -1 1  -6 -6 -5 0  |
| 0  4  -2 -2 0  3  -6 -6 -6 1  |
| 0  5  -1 -2 0  4  -6 -7 -6 0  |
| 1  5  -2 -1 0  3  -6 -6 -4 1  |
| 0  4  -2 -3 0  2  -6 -7 -5 0  |
| 0  5  -1 -3 -1 2  -6 -7 -5 -1 |
| 0  2  -2 -2 -1 1  1  -1 -1 -1 |
| -1 1  0  -1 -1 2  1  0  -1 0  |
| 0  1  1  0  -1 2  2  0  0  1  |
| -1 1  1  0  0  0  0  -1 1  1  |
| 0  1  1  -1 0  0  -1 0  1  1  |
| 1  0  1  1  0  -1 0  1  -1 0  |
| 2  -1 1  -1 -1 0  -1 0  -1 0  |
| 1  -1 1  0  0  1  0  0  1  0  |
| 0  -1 0  -1 -1 -1 0  1  -2 1  |
| -1 -1 0  2  0  0  -1 1  1  0  |
--------------------------------
| 0  -1 1  0  -1 -1 -1 0  2  0  |
| -1 0  -1 0  -1 0  -3 1  -4 0  |
| -1 -1 0  -1 -1 -1 -4 2  -7 0  |
| 0  -2 0  -2 -1 -1 -4 2  -7 0  |
| 0  -1 1  0  -1 0  -4 -1 -9 -2 |
| 0  -2 -1 -3 -1 -1 -4 1  -8 -4 |
| -1 1  -1 -3 -1 -1 -3 2  -9 -5 |
| 0  0  -2 -2 -1 0  -4 1  -8 -5 |
| 1  0  -1 -2 -1 -1 -3 1  -9 -6 |
| 0  -1 -1 -3 -1 -1 -4 0  -9 -5 |
| 0  0  -1 -2 -1 1  -4 -2 -8 -6 |
| 1  1  -3 -3 -1 -1 1  -1 -3 -5 |
| 1  -1 -3 -2 -1 0  1  2  -1 -1 |
| -1 0  0  -1 0  0  0  0  0  1  |
| 1  0  0  0  -1 0  1  -1 -1 0  |
| 1  -2 2  1  -1 -1 2  -1 1  0  |
| 0  0  0  0  -1 0  -2 -2 -2 0  |
| 0  1  -2 2  0  2  -1 -2 0  0  |
| -1 1  -1 1  -1 -2 0  -1 2  0  |
| -1 -1 -1 0  0  -2 1  -2 0  0  |
| 0  0  0  1  0  1  2  1  -1 1  |
--------------------------------
