#TS1
1 0 1 1 0 1 1 1 1 1 
1 0 1 1 0 1 1 1 1 1 
0 0 1 1 0 1 1 1 1 1 
0 0 1 1 1 1 1 1 1 1 
0 0 1 1 1 1 1 1 1 1 
0 0 1 1 1 1 1 1 1 1 
0 0 1 1 1 1 1 1 1 1 
0 0 1 1 1 1 1 1 1 1 
0 0 1 1 1 0 1 1 1 1 
0 0 1 1 1 1 1 1 1 1 
0 0 1 1 1 1 1 1 1 1 
1 0 1 1 1 1 1 1 1 1 
1 0 1 1 0 1 1 1 1 1 
1 0 1 1 0 1 1 1 1 1 
1 0 1 1 0 1 1 1 1 1 
1 0 1 1 0 1 1 1 1 1 
1 0 1 1 0 1 1 1 1 1 
1 0 1 1 0 1 1 1 1 1 
1 0 1 1 0 1 1 1 1 1 
1 0 1 1 0 1 1 1 1 1 
1 0 1 1 0 1 1 1 1 1 
#TS2
1 0 1 1 0 1 1 1 1 1 
1 0 1 1 0 1 0 1 1 1 
1 0 1 1 0 1 0 1 1 1 
1 0 1 1 0 1 0 1 1 1 
1 0 1 1 0 1 0 1 1 1 
1 0 1 1 0 1 0 1 1 1 
1 0 1 1 0 1 0 1 1 1 
1 0 1 1 0 1 0 1 1 1 
1 0 1 1 0 1 0 1 1 1 
1 0 1 1 0 1 0 1 1 1 
1 0 1 1 0 1 0 1 1 1 
1 0 1 1 0 1 1 1 1 1 
1 0 1 1 0 1 1 1 1 1 
1 0 1 1 0 1 1 1 1 1 
1 0 1 1 0 1 1 1 1 1 
1 0 1 1 0 1 1 1 1 1 
1 0 1 1 0 1 1 1 1 1 
1 0 1 1 0 1 1 1 1 1 
1 0 1 1 0 1 1 1 1 1 
1 0 1 1 0 1 1 1 1 1 
1 0 1 1 0 1 1 1 1 1 
#TS3
1 0 1 1 0 1 1 1 1 1 
1 0 1 1 0 1 1 0 1 1 
0 0 1 1 0 1 1 0 1 1 
0 0 1 1 1 1 1 0 1 1 
0 0 1 1 1 1 1 0 1 1 
0 0 1 1 1 1 1 0 1 1 
0 0 1 1 1 1 1 0 1 1 
0 0 1 1 1 1 1 0 1 1 
0 0 1 1 1 1 1 0 1 1 
0 0 1 1 1 1 1 0 1 1 
0 0 1 1 1 1 1 0 1 1 
1 0 1 1 1 1 1 1 1 1 
1 0 1 1 0 1 1 1 1 1 
1 0 1 1 0 1 1 1 1 1 
1 0 1 1 0 1 1 1 1 1 
1 0 1 1 0 1 1 1 1 1 
1 0 1 1 0 1 1 1 1 1 
1 0 1 1 0 1 1 1 1 1 
1 0 1 1 0 1 1 1 1 1 
1 0 1 1 0 1 1 1 1 1 
1 0 1 1 0 1 1 1 1 1 
#TS4
1 0 1 1 0 1 1 1 1 1 
1 0 1 1 0 1 0 0 1 1 
1 0 1 1 0 1 0 0 1 1 
1 0 1 1 0 1 0 0 1 1 
1 0 1 1 0 1 0 0 1 1 
1 0 1 1 0 1 0 0 1 1 
1 0 1 1 0 1 0 0 1 1 
1 0 1 1 0 1 0 0 1 1 
1 0 1 1 0 1 0 0 1 1 
1 0 1 1 0 1 0 0 1 1 
1 0 1 1 0 1 0 0 1 1 
1 0 1 1 0 1 1 1 1 1 
1 0 1 1 0 1 1 1 1 1 
1 0 1 1 0 1 1 1 1 1 
1 0 1 1 0 1 1 1 1 1 
1 0 1 1 0 1 1 1 1 1 
1 0 1 1 0 1 1 1 1 1 
1 0 1 1 0 1 1 1 1 1 
1 0 1 1 0 1 1 1 1 1 
1 0 1 1 0 1 1 1 1 1 
1 0 1 1 0 1 1 1 1 1 
#TS5
1 0 1 1 0 1 1 1 1 1 
1 0 1 1 0 1 0 1 1 1 
1 0 1 1 0 1 0 1 1 1 
1 0 1 1 0 1 0 1 1 1 
1 0 1 1 0 1 0 1 0 1 
1 0 1 1 0 1 0 1 0 0 
1 0 1 1 0 1 0 1 0 0 
1 0 1 1 0 1 0 1 0 0 
1 0 1 1 0 1 0 1 0 0 
1 0 1 1 0 1 0 1 0 0 
1 0 1 1 0 1 0 1 0 0 
1 0 0 1 0 1 1 1 1 0 
1 0 1 1 0 1 1 1 1 1 
1 0 1 1 0 1 1 1 1 1 
1 0 1 1 0 1 1 1 1 1 
1 0 1 1 0 1 1 1 1 1 
1 0 1 1 0 1 1 1 1 1 
1 0 1 1 0 1 1 1 1 1 
1 0 1 1 0 1 1 1 1 1 
1 0 1 1 0 1 1 1 1 1 
1 0 1 1 0 1 1 1 1 1 
#TS6
1 0 1 1 0 1 1 1 1 1 
1 0 1 1 0 1 1 1 1 1 
#TS7
0 1 1 1 1 1 1 1 1 1 
0 1 1 1 1 1 1 1 1 1 
#TS8
1 0 1 1 0 1 1 1 1 1 
1 0 1 1 0 1 1 1 1 1 
#TS9
1 0 0 1 0 1 1 1 1 1 
1 0 0 1 0 1 1 1 1 1 
#TS10
1 0 1 0 0 1 0 1 1 1 
1 0 1 0 0 1 0 1 1 1 
#TS11
1 0 1 1 0 1 1 1 1 1 
1 0 1 1 0 1 1 1 1 1 
#TS12
1 1 1 1 0 0 1 1 1 1 
1 1 1 1 0 0 1 1 1 1 
#TS13
1 0 1 0 0 1 0 1 1 1 
1 0 1 0 0 1 0 1 1 1 
#TS14
1 0 1 1 0 1 1 0 1 1 
1 0 1 1 0 1 1 0 1 1 
#TS15
1 0 1 1 0 1 1 1 0 0 
1 0 1 1 0 1 1 1 0 0 
#TS16
1 0 1 1 0 1 1 1 1 0 
1 0 1 1 0 1 1 1 1 0 
