#TS1
1 0 1 1 0 0 0 1 0 1 0 0 0 0 1 
1 1 1 1 0 0 0 1 0 1 0 0 0 0 1 
#TS2
1 1 1 1 0 1 1 0 1 0 0 0 1 0 0 
1 1 1 1 0 1 1 1 1 0 0 0 1 0 0 
#TS3
1 0 1 1 0 0 1 1 1 0 1 0 0 0 0 
1 1 1 1 0 0 0 1 1 0 1 0 0 0 0 
#TS4
1 1 1 1 0 1 0 1 1 0 0 0 1 0 0 
1 1 1 1 0 1 1 1 1 0 0 0 1 0 0 
#TS5
1 1 1 1 0 1 1 1 1 1 0 1 0 0 0 
0 1 1 1 0 1 1 1 1 1 0 1 0 0 0 
#TS6
1 0 1 1 0 1 0 1 1 1 0 0 0 0 0 
1 0 1 1 0 1 0 1 1 1 0 0 0 0 0 
#TS7
1 0 1 1 0 1 0 1 0 1 0 1 0 0 0 
1 0 1 1 1 1 0 1 0 1 0 1 0 0 0 
#TS8
1 0 1 1 1 1 0 1 0 1 0 1 0 0 0 
1 1 1 1 1 1 0 1 0 1 0 1 0 0 0 
#TS9
1 1 1 1 1 1 0 1 0 1 0 1 0 0 0 
1 1 1 1 0 1 1 1 0 1 0 1 0 0 0 
#TS10
1 0 1 1 0 0 0 1 1 0 1 0 0 0 0 
1 0 1 1 0 0 1 1 1 0 1 0 0 0 0 
#TS11
0 1 1 1 0 1 1 1 1 1 0 1 0 0 0 
1 0 1 1 0 1 1 1 1 1 0 1 0 0 0 
#TS12
1 1 1 1 0 1 0 1 1 1 0 0 0 0 1 
1 0 1 1 0 1 1 1 1 1 0 0 0 0 1 
#TS13
1 1 1 0 1 1 1 1 0 1 0 1 0 0 0 
1 1 1 1 0 1 1 1 1 1 0 1 0 0 0 

