# knockout 1
1 0 1 1 0 1 0 1 1 1 0 0 0 0 0 
1 0 1 1 0 1 0 1 1 1 0 0 0 0 0 
# knockout 2
0 0 1 1 1 1 0 1 1 1 0 0 0 0 0 
0 0 1 1 1 1 0 1 1 1 0 0 0 0 0 
# knockout 3
1 0 1 1 0 1 0 1 1 0 0 0 0 0 0 
1 0 1 1 0 1 0 1 1 0 0 0 0 0 0 
# knockout 4
1 0 1 1 0 1 0 0 1 1 0 0 0 0 0 
1 0 1 1 0 1 0 0 1 1 0 0 0 0 0 
# knockout 5
1 0 0 1 0 1 0 1 1 1 0 0 0 0 0 
1 0 0 1 0 1 0 1 1 1 0 0 0 0 0 
# knockout 6
1 0 1 1 0 0 0 1 1 1 0 0 0 0 0 
1 0 1 1 0 0 0 1 1 1 0 0 0 0 0 
# knockout 7
1 1 1 0 0 1 1 1 1 1 0 0 0 0 0 
1 1 1 0 0 1 1 1 1 1 0 0 0 0 0 
# knockout 8
1 0 1 1 1 1 0 1 1 1 0 0 0 0 0 
1 0 1 1 1 1 0 1 1 1 0 0 0 0 0 
# knockout 9
1 1 1 1 0 1 1 1 0 1 0 0 0 0 0 
1 1 1 1 0 1 1 1 0 1 0 0 0 0 0 

