#TS1
1 0 0 0 0 1 1 0 1 0 1 1 0 0 1 1 0 0 1 1 0 0 1 1 1 0 0 0 1 1 0 1 1 1 1 0 1 1 1 0 0 1 1 1 1 0 1 0 1 1 1 1 0 1 1 1 1 0 0 0 1 1 1 1 0 1 1 1 0 1 1 1 1 0 1 1 0 1 1 1 0 1 0 0 1 1 1 1 1 0 1 1 1 1 1 1 1 0 1 1 
1 0 1 0 0 1 1 0 1 0 1 1 0 0 1 1 0 1 1 1 0 0 1 1 1 0 0 0 1 1 0 1 0 1 1 0 1 1 1 0 1 1 1 1 1 0 1 0 1 1 1 1 0 1 1 1 1 1 0 0 1 1 1 1 0 1 1 1 0 1 1 1 1 0 1 1 0 1 1 1 0 1 1 1 1 1 1 1 1 0 1 1 1 1 1 1 1 0 1 1 
0 0 1 0 0 1 1 0 1 0 1 1 0 0 1 1 0 1 1 1 0 0 1 0 1 0 0 0 0 1 0 1 1 1 1 0 1 1 1 0 1 1 1 1 1 0 1 0 1 1 1 1 0 1 1 1 1 1 0 0 1 1 1 1 0 1 1 1 0 1 1 1 1 0 1 1 0 1 1 1 0 1 1 1 1 1 1 1 1 0 1 1 1 1 1 0 1 0 1 1 
0 0 1 1 0 1 1 0 1 0 1 1 0 0 1 1 0 0 1 1 0 0 1 0 0 0 0 0 0 1 0 1 1 1 1 0 1 1 1 0 1 1 1 1 1 0 1 0 1 1 1 1 0 1 1 1 1 1 0 0 1 1 1 1 0 1 1 1 0 1 1 1 1 0 1 1 0 1 1 1 0 1 1 1 1 1 1 1 1 0 1 1 1 1 1 1 1 0 1 1 
0 0 1 1 0 1 1 0 1 0 1 1 0 0 1 1 0 1 1 1 0 0 1 0 0 0 0 0 0 1 0 1 1 1 1 0 1 1 1 0 1 1 1 1 1 0 1 0 1 1 1 1 0 1 1 1 1 1 0 0 1 1 1 1 0 1 1 1 0 1 1 1 1 0 0 1 0 1 1 1 0 1 1 1 1 1 1 1 1 0 1 1 1 1 1 0 1 0 1 1 
0 0 1 1 0 1 1 1 1 0 1 1 0 0 1 1 0 1 1 1 0 0 1 0 0 0 0 0 0 1 0 1 1 1 1 0 1 1 1 0 1 1 1 1 1 0 1 0 1 1 1 1 0 1 1 1 1 1 0 0 1 1 1 1 0 1 1 1 0 1 1 1 1 0 1 1 0 1 1 1 0 1 1 1 1 1 1 1 1 0 1 1 1 1 1 0 1 0 1 1 
0 0 1 1 0 1 1 1 1 0 1 1 0 0 1 1 0 1 1 1 0 0 1 0 0 0 0 0 0 0 0 1 1 1 1 0 1 0 1 0 1 1 1 1 1 0 1 0 1 1 1 1 0 1 1 1 1 1 0 0 1 1 1 1 0 1 1 1 0 1 1 1 1 0 1 1 0 1 1 1 0 1 1 1 1 1 1 1 1 0 1 1 1 1 1 0 1 0 1 1 
0 0 1 1 0 1 1 1 1 0 1 1 0 0 1 1 0 1 1 1 0 0 1 0 0 0 0 0 0 1 0 1 1 1 1 0 1 1 1 0 1 1 1 1 1 0 1 0 1 1 1 1 0 1 1 1 1 1 0 0 1 1 1 1 0 1 1 1 0 1 1 1 1 0 1 1 0 1 1 1 0 1 1 1 1 1 1 1 1 0 1 1 1 1 1 0 1 0 1 1 
0 0 1 1 0 1 1 1 1 0 1 1 0 0 1 1 0 1 1 1 0 0 1 0 0 0 0 0 0 1 0 1 1 1 1 0 1 1 1 0 1 1 1 1 1 0 1 0 1 1 1 1 0 1 1 1 1 1 0 0 1 1 1 1 0 1 1 1 0 1 1 1 1 0 1 1 0 1 1 1 0 1 1 1 1 1 1 1 1 0 1 1 1 1 1 0 1 0 1 1 
0 0 1 1 1 1 1 1 1 0 1 1 0 0 1 1 0 0 1 1 0 0 1 0 0 0 0 0 0 0 0 1 1 1 1 0 1 1 1 0 1 1 1 1 1 0 1 0 1 1 1 1 0 1 1 1 1 1 0 0 1 1 1 1 0 1 1 1 0 1 1 1 1 0 1 1 0 1 1 0 0 1 1 1 1 1 1 1 1 0 1 1 1 1 1 0 1 0 1 1 
0 0 1 1 1 1 1 1 1 0 1 1 0 0 1 1 0 1 1 1 0 0 1 0 0 0 0 0 0 1 0 1 1 1 1 0 1 1 1 0 1 1 1 1 1 0 1 0 1 1 1 1 0 1 1 1 1 1 0 0 1 1 1 1 0 1 1 1 0 1 1 1 1 0 1 1 0 1 1 1 0 1 1 1 1 1 1 1 1 0 1 1 1 1 1 1 1 0 1 1 
0 0 0 1 0 1 1 1 1 0 1 1 0 0 1 1 0 0 1 1 1 0 1 1 0 0 0 0 0 1 0 1 1 1 1 0 1 1 1 1 1 1 1 1 1 0 1 0 1 1 1 1 0 1 1 1 1 1 0 0 1 1 1 1 0 1 1 1 0 1 1 1 1 0 1 1 0 1 1 1 0 1 1 1 1 1 1 1 1 0 1 1 1 1 1 1 1 0 1 1 
0 0 0 1 0 1 1 1 1 0 1 1 0 0 1 1 0 1 1 1 0 0 1 1 0 0 0 0 1 1 0 1 1 1 1 0 1 1 1 1 1 1 1 1 1 0 1 0 1 1 1 1 0 1 1 1 1 1 0 0 1 1 1 1 0 1 1 1 0 1 0 1 1 0 1 1 0 1 1 1 0 1 0 1 1 1 1 1 1 0 1 1 1 1 1 1 1 0 1 1 
1 0 0 1 0 1 1 0 1 0 1 1 0 0 1 1 0 0 1 1 0 0 1 1 1 0 0 0 1 1 0 1 1 1 1 0 1 1 1 0 0 1 1 1 1 0 1 0 1 1 1 1 0 1 1 1 1 0 0 0 1 1 1 1 0 1 1 1 0 1 1 1 1 0 1 1 0 1 1 1 0 1 0 1 1 1 1 1 1 0 1 1 1 1 1 1 1 0 1 1 
1 0 0 0 0 1 1 0 1 0 1 1 0 0 1 1 0 0 1 1 0 0 1 1 1 0 0 0 1 1 0 1 1 1 1 0 1 1 1 0 0 1 1 1 1 0 1 0 1 1 1 1 0 1 1 1 1 0 0 0 1 1 1 1 0 1 1 1 0 1 1 1 1 0 1 1 0 1 1 1 0 1 0 0 1 1 1 1 1 0 1 1 1 1 1 1 1 0 1 1 
1 0 0 0 0 1 1 0 1 0 1 1 0 0 1 1 0 1 1 1 0 0 1 1 1 0 0 0 1 1 0 1 1 1 1 0 1 1 1 0 0 1 1 1 1 0 1 0 1 1 1 1 0 1 1 1 1 0 0 0 1 1 1 1 0 1 1 1 0 1 1 1 1 0 1 1 0 1 1 1 0 1 0 0 1 1 1 1 1 0 1 1 1 1 1 1 1 0 1 1 
1 0 0 0 0 1 1 0 1 0 1 1 0 0 1 1 0 1 1 1 0 0 1 1 1 0 0 0 1 1 0 1 1 1 1 0 1 1 1 0 0 1 1 1 1 0 1 0 1 1 1 1 0 1 1 1 1 0 0 0 1 1 1 1 0 1 1 1 0 1 1 1 1 0 1 1 0 1 1 1 0 1 0 0 1 1 1 1 1 0 1 1 1 1 1 1 1 0 1 1 
1 0 0 0 0 1 1 0 1 0 1 1 0 0 1 1 0 1 1 1 0 0 1 1 1 0 0 0 1 1 0 1 1 1 1 0 1 1 1 0 0 1 1 1 1 0 1 0 1 1 1 0 0 1 1 1 1 0 0 0 1 1 1 1 0 1 1 1 0 1 1 1 1 0 1 1 0 1 1 1 0 1 0 0 1 1 1 0 1 0 1 1 1 1 1 1 1 0 1 1 
1 0 0 0 0 1 1 0 1 0 1 1 0 0 1 1 0 1 1 1 0 0 1 1 1 0 0 0 1 1 0 1 0 1 1 0 1 1 1 0 0 1 1 1 1 0 1 0 1 1 1 1 0 1 1 1 1 0 0 0 1 1 1 1 0 1 1 1 0 1 1 1 1 0 1 1 0 1 1 1 0 1 0 0 1 1 1 1 1 0 1 1 1 1 1 1 1 0 1 1 
1 0 0 0 0 1 1 0 1 0 1 1 0 0 1 1 0 1 1 1 0 0 1 1 1 0 0 0 1 1 0 1 1 1 1 0 1 1 1 0 0 1 1 1 1 0 1 0 1 1 1 1 0 1 1 1 1 0 0 0 1 1 1 1 0 1 1 1 0 1 1 1 1 0 1 1 0 1 1 1 0 1 0 0 1 1 1 1 1 0 1 1 1 1 1 1 1 0 1 1 
1 0 0 0 0 1 1 0 1 0 1 1 0 0 1 1 0 1 1 1 0 1 1 1 1 0 0 0 1 1 0 1 1 1 1 0 1 1 1 0 0 1 1 1 1 0 1 0 1 1 1 1 0 1 1 1 1 0 0 0 1 1 1 1 0 1 1 1 0 1 1 1 1 0 1 1 0 1 1 1 0 1 0 0 1 1 1 1 1 0 1 1 1 1 1 1 1 0 1 1 
#TS2
1 0 1 1 0 1 1 1 1 0 1 1 0 0 1 1 1 0 1 1 0 0 1 1 1 1 0 0 0 0 0 1 1 1 1 0 1 0 1 0 1 0 1 0 0 1 1 0 1 1 0 1 0 1 1 1 1 0 0 1 0 0 1 1 0 1 0 0 0 0 1 1 1 0 1 0 1 1 1 0 0 1 1 0 1 1 1 1 0 1 1 1 0 1 0 1 1 1 0 1 
1 0 1 1 0 1 1 1 1 0 1 1 0 0 1 1 1 0 1 1 0 0 1 1 1 1 0 0 0 0 0 1 1 1 1 0 1 0 1 0 0 0 1 0 0 1 1 0 1 1 0 1 0 1 1 1 1 1 0 1 0 0 1 1 0 1 0 0 0 0 1 1 1 0 1 1 1 1 1 0 0 1 1 0 1 1 1 1 0 1 1 1 0 1 0 1 1 1 0 1 
1 0 1 1 0 1 1 1 1 0 1 1 0 0 1 1 1 0 0 1 0 0 1 1 1 1 0 0 0 0 0 1 1 1 1 0 1 0 1 0 0 0 1 0 0 1 1 0 1 1 0 1 0 1 1 1 1 1 0 1 0 0 1 1 0 1 0 0 0 0 1 0 1 0 1 1 1 1 0 0 0 1 1 1 1 1 1 1 0 1 1 0 0 1 0 1 1 1 0 1 
1 0 1 1 0 1 1 1 1 0 1 1 0 0 1 1 1 0 0 1 0 0 1 1 1 1 0 0 0 0 0 1 1 1 1 0 1 0 1 0 0 0 1 0 0 1 1 0 1 1 0 1 0 1 1 1 1 1 0 1 0 0 1 1 0 1 0 0 0 0 1 0 0 0 1 1 1 1 0 0 0 1 1 1 1 1 1 1 0 1 1 0 0 1 0 1 1 1 0 1 
1 0 1 1 0 1 1 1 1 0 1 1 0 0 1 1 1 0 0 1 0 0 1 1 1 1 0 0 0 0 0 1 1 1 1 0 1 0 1 0 0 0 1 0 0 1 1 0 1 1 1 1 0 1 1 1 1 1 0 1 0 0 1 1 0 1 0 0 0 0 1 0 0 0 1 1 1 1 0 0 0 1 1 1 1 1 1 1 0 1 1 0 0 1 0 1 1 1 0 1 
1 0 1 1 0 1 1 1 1 0 1 1 0 0 1 1 1 0 0 1 0 0 1 1 1 1 0 0 0 0 0 1 1 1 1 0 1 0 1 0 0 0 1 0 0 1 1 0 1 1 0 1 0 1 1 1 1 1 0 1 0 0 1 1 0 1 0 0 0 0 1 0 0 0 1 1 1 1 1 0 0 1 1 1 1 1 1 1 0 1 1 0 0 1 0 1 1 1 0 1 
1 0 1 1 0 1 1 1 1 0 1 1 0 0 1 1 1 0 0 1 0 0 1 1 1 1 0 0 0 0 0 1 1 1 1 0 1 0 1 0 0 0 1 0 0 1 1 0 1 1 0 1 0 1 1 1 1 1 0 1 0 0 1 1 0 1 0 0 0 0 1 0 0 0 1 1 1 1 0 0 0 1 1 1 1 1 1 1 0 1 1 0 0 1 0 1 1 1 0 1 
1 0 1 1 0 1 1 1 1 0 1 1 0 0 1 1 1 0 0 1 0 0 1 1 1 1 0 0 0 0 0 1 1 1 1 0 1 0 1 0 0 0 1 0 0 1 1 0 1 1 0 1 0 0 1 1 1 1 0 1 0 0 1 1 0 1 0 0 0 0 1 0 0 0 1 1 1 1 0 0 0 1 1 1 1 1 1 1 0 0 1 0 0 1 0 1 1 1 0 1 
1 0 1 1 0 1 1 1 1 0 1 1 0 0 1 1 1 0 0 0 0 0 1 1 1 1 0 1 0 0 0 1 1 1 1 0 1 0 1 0 0 0 1 0 0 1 1 0 1 1 0 1 0 1 1 1 1 1 0 1 0 0 1 1 0 1 0 0 0 0 1 0 0 0 1 1 1 1 0 0 0 1 1 1 1 1 1 1 0 0 1 0 0 1 0 1 1 1 0 1 
1 0 1 1 0 1 1 1 1 0 1 1 0 0 1 1 1 0 0 1 0 0 1 1 1 1 0 0 0 0 0 1 1 1 1 0 1 0 1 0 0 0 1 0 0 1 1 0 1 1 0 1 0 1 1 1 1 1 0 1 0 0 1 1 0 1 0 0 0 0 1 0 0 0 1 1 1 1 0 0 0 1 1 1 1 1 1 1 0 0 1 0 0 1 0 1 1 1 0 1 
1 0 1 1 0 1 1 1 1 0 1 1 0 0 1 1 1 0 0 1 0 0 1 1 1 1 0 0 0 0 0 1 1 1 1 0 1 0 1 0 0 0 1 0 0 1 1 0 1 1 0 1 0 1 1 1 1 1 0 1 0 0 1 1 0 1 0 0 0 0 1 0 0 0 1 1 1 1 0 0 0 1 1 1 1 1 1 1 0 0 1 0 0 1 0 1 1 1 0 1 
1 0 1 1 0 1 1 1 1 0 1 1 0 0 1 1 1 0 1 1 0 0 1 1 1 1 0 0 0 0 0 1 1 1 1 0 1 0 1 0 1 0 1 0 0 1 1 0 1 1 0 1 0 1 1 1 1 1 0 1 0 0 1 1 0 1 0 0 0 0 1 1 0 0 1 1 1 1 1 0 0 1 1 0 1 1 1 1 0 1 1 1 0 1 0 1 1 1 0 1 
1 0 1 1 0 1 1 1 1 0 1 1 0 0 1 1 1 0 1 1 0 0 1 1 1 1 0 0 0 0 0 1 1 1 1 0 1 0 1 0 1 0 1 0 0 1 1 0 1 1 0 1 0 1 1 1 1 0 0 1 0 0 1 1 0 1 0 0 0 0 1 1 1 0 1 0 1 1 1 0 0 1 1 0 1 1 1 1 1 1 1 1 1 1 1 1 1 1 0 1 
1 0 1 1 0 1 1 1 1 0 1 1 0 0 1 1 1 0 1 1 0 0 1 1 1 1 0 0 0 0 0 1 1 1 1 0 1 0 1 0 1 0 1 0 0 1 1 0 1 1 0 1 0 1 1 1 0 0 0 1 0 0 1 1 0 1 0 0 0 0 1 1 1 0 1 0 1 1 1 0 0 1 1 0 1 1 1 1 1 1 1 1 1 1 1 1 1 1 0 1 
1 0 1 1 0 1 1 1 1 0 1 1 0 0 1 1 1 0 1 1 0 0 1 1 1 1 0 0 0 0 0 1 1 1 1 0 1 0 1 0 1 0 1 0 0 1 1 0 1 1 0 1 0 1 1 1 1 0 0 1 0 0 1 1 0 1 0 0 0 0 1 1 1 0 1 0 1 1 1 0 0 1 1 0 1 1 1 1 1 1 1 1 0 1 1 1 1 1 0 1 
1 0 1 1 0 1 1 1 1 0 1 1 0 0 1 1 1 0 1 1 0 0 1 1 1 1 0 0 0 0 0 1 1 1 1 0 1 0 1 0 1 0 1 0 0 1 1 0 1 1 0 1 0 1 1 1 1 0 0 1 0 0 1 1 0 1 0 0 0 0 1 1 1 0 1 0 1 1 1 0 0 1 1 0 1 1 1 1 1 1 1 1 0 1 0 1 1 1 0 1 
1 0 1 1 0 1 1 1 1 0 1 1 0 0 1 1 1 0 1 1 0 0 1 1 1 1 0 0 0 0 0 1 1 1 1 0 1 0 1 0 1 0 1 0 0 1 1 0 1 1 0 1 0 1 1 1 1 0 0 1 0 0 1 1 0 1 0 0 0 0 1 1 1 0 1 0 1 1 1 0 0 1 1 0 1 1 1 1 1 1 1 1 0 1 0 1 1 1 0 1 
1 0 1 1 0 1 1 1 1 0 1 1 0 0 1 1 1 0 1 1 0 0 1 1 1 1 0 0 0 0 0 1 1 1 1 0 1 0 1 0 1 0 1 0 0 1 1 0 1 1 0 1 0 1 1 1 1 0 0 1 0 0 1 1 0 1 0 0 0 0 1 1 1 0 1 0 1 1 1 0 0 1 1 0 1 1 1 1 1 1 1 1 0 1 0 1 1 1 0 1 
1 0 1 1 0 1 1 1 1 0 1 1 0 0 1 1 1 0 1 1 0 0 1 1 1 1 0 0 0 0 0 1 1 1 1 0 1 0 1 0 1 0 1 0 0 1 1 0 1 1 0 1 0 1 1 1 1 0 0 1 0 0 1 1 0 1 0 0 0 0 1 1 1 0 1 0 1 1 1 0 0 1 1 0 1 1 1 1 1 1 1 1 0 1 0 1 1 1 0 1 
1 0 1 1 0 1 1 1 1 0 1 1 0 0 1 1 1 0 1 1 0 0 1 1 1 1 0 0 0 0 0 1 1 1 1 0 1 0 1 0 1 0 1 0 0 1 1 0 1 1 0 1 0 1 1 1 1 1 0 1 0 0 1 1 0 1 0 0 0 0 1 1 1 0 1 0 1 1 1 0 0 1 1 0 1 1 1 1 1 1 1 1 0 1 0 1 1 1 0 1 
1 0 1 1 0 1 1 1 1 0 1 1 0 0 1 1 1 0 1 1 0 0 1 1 1 1 0 0 0 0 0 1 1 1 1 0 1 0 1 0 1 0 1 0 0 1 1 0 1 1 0 1 0 1 1 1 1 0 0 1 0 0 1 1 0 1 0 0 0 0 1 1 1 0 1 0 1 1 1 0 0 1 1 0 1 1 1 1 1 1 1 1 0 1 0 1 1 1 0 1 
#TS3
1 0 1 1 0 1 1 1 1 0 1 1 0 0 1 1 1 0 1 1 0 0 1 1 1 1 0 0 0 0 0 1 1 1 1 0 1 0 1 0 1 0 1 0 0 1 1 0 1 1 0 1 0 1 1 1 1 0 0 1 0 0 1 1 0 1 0 0 0 0 1 1 1 0 1 0 1 1 1 0 0 1 1 0 1 1 1 1 0 1 1 1 0 1 0 1 1 1 0 1 
1 0 1 1 0 1 1 1 1 0 0 1 0 0 1 1 1 0 1 1 0 0 1 1 1 1 0 0 1 0 0 1 1 1 1 0 1 0 1 0 1 1 1 0 0 0 1 0 1 1 0 1 0 1 1 1 1 0 0 1 0 0 1 1 0 1 0 0 0 0 1 1 1 0 1 0 1 1 1 0 0 1 0 0 1 1 1 1 0 1 1 1 0 1 0 1 1 1 0 1 
1 0 1 1 0 1 1 1 1 0 0 1 0 1 1 1 1 0 1 1 0 0 1 1 1 1 0 0 1 0 0 1 1 1 1 0 1 0 1 0 1 1 1 0 0 0 1 0 1 1 0 1 0 1 1 1 1 1 0 1 1 0 1 1 0 1 0 0 0 0 1 1 1 0 1 0 1 1 1 0 0 1 0 0 1 1 1 1 0 1 1 1 0 1 0 1 1 1 0 1 
1 0 1 1 0 1 1 1 1 0 0 1 0 1 1 1 1 0 1 1 0 0 1 1 1 1 0 0 1 0 0 1 1 1 1 0 1 0 1 0 1 1 1 0 0 0 1 0 1 1 0 1 0 1 1 1 1 1 0 1 1 0 1 1 0 1 0 0 0 0 1 1 1 0 1 0 1 1 1 0 0 1 0 0 1 1 1 1 0 1 1 1 0 1 0 1 1 1 0 1 
1 0 1 1 0 1 1 1 1 0 0 1 0 1 1 1 1 0 1 1 0 0 1 1 1 1 0 0 1 0 0 1 1 1 1 0 1 0 1 0 1 1 1 0 1 0 1 0 1 1 0 1 0 1 1 1 1 1 0 1 1 0 1 1 0 1 0 0 0 0 1 1 1 0 1 0 1 1 1 0 0 1 0 0 1 1 0 1 0 1 1 1 0 1 0 1 1 1 0 1 
1 0 1 1 0 1 1 1 1 0 0 1 0 1 1 1 1 0 1 1 0 0 1 1 1 1 0 0 1 0 0 1 1 1 1 0 1 0 1 0 1 1 1 0 1 0 1 0 1 1 0 1 0 1 1 1 1 1 0 1 1 0 1 1 0 1 0 0 0 0 1 1 1 0 1 0 1 1 1 0 0 1 0 0 1 1 0 1 0 1 1 1 0 1 0 1 1 1 0 1 
1 0 1 1 1 1 1 1 1 0 0 1 0 0 1 1 1 0 1 1 0 0 1 1 1 1 0 0 1 0 0 1 1 1 1 0 1 0 1 0 1 1 1 0 1 0 0 0 1 1 0 1 0 1 1 1 1 1 0 1 1 0 1 1 0 1 0 0 0 0 1 1 1 0 1 0 1 1 1 0 0 1 0 0 1 1 0 1 0 1 1 1 0 1 0 1 1 1 0 1 
1 0 1 1 1 1 1 1 1 0 0 1 0 1 1 1 1 0 1 1 0 0 1 1 1 1 0 0 1 0 0 1 1 1 1 0 1 0 1 0 1 1 1 0 1 0 0 0 1 1 0 1 0 1 1 1 1 1 0 1 1 0 1 1 0 1 0 0 0 0 1 1 1 0 1 0 1 1 1 0 0 1 0 0 1 1 0 1 0 1 1 1 0 1 0 1 1 1 0 1 
1 0 1 1 1 1 1 1 1 0 0 1 0 0 1 1 1 0 1 1 0 0 1 1 1 1 0 0 1 0 0 1 1 1 1 0 1 0 1 1 1 1 1 0 1 0 0 0 0 1 0 1 0 1 1 1 1 1 0 1 1 0 1 1 0 1 0 0 0 0 1 1 1 0 1 0 1 1 1 0 1 1 0 0 1 1 0 1 0 1 1 1 0 1 0 1 1 1 0 1 
1 0 1 1 1 1 1 1 1 0 0 1 0 0 1 1 1 0 1 1 0 0 1 1 1 1 0 0 1 0 0 1 1 1 1 0 1 0 1 0 1 1 1 0 1 0 0 0 1 1 0 1 0 1 1 1 1 1 0 1 1 0 1 1 0 1 0 0 0 0 1 1 1 0 1 0 1 1 1 0 0 1 0 0 1 1 0 1 0 1 1 1 0 1 0 1 1 1 0 1 
1 0 1 1 1 1 1 1 1 0 0 1 0 0 1 1 1 0 1 1 0 0 1 1 1 1 0 0 1 0 0 1 1 1 1 1 1 0 1 1 1 1 1 0 1 0 0 0 1 1 0 1 0 1 1 1 1 1 0 1 1 0 1 1 0 1 0 0 0 0 1 1 1 0 1 0 1 1 1 0 0 1 0 0 1 1 0 1 0 1 1 1 0 1 0 1 1 1 0 1 
1 0 1 1 0 1 1 1 1 0 1 1 0 0 1 1 1 0 1 1 0 0 1 1 1 1 0 0 1 0 0 1 1 1 1 0 1 0 1 0 1 1 1 0 1 1 0 0 1 1 0 1 0 1 1 1 1 1 0 1 1 0 1 1 0 1 0 0 0 0 1 1 1 0 1 0 1 1 1 0 0 1 1 0 1 1 0 1 0 1 1 1 0 1 0 1 1 1 0 1 
1 0 1 1 0 1 1 1 1 0 1 1 0 0 1 1 1 0 1 1 0 0 1 1 1 1 0 0 0 0 0 1 1 1 1 0 1 0 1 0 1 1 1 0 1 1 0 0 1 1 0 1 0 1 1 1 1 1 0 1 1 0 1 1 0 1 0 0 0 0 1 1 1 0 1 0 1 1 1 0 0 1 1 0 1 1 0 1 0 1 1 1 0 1 0 1 1 1 0 1 
1 0 1 1 0 1 1 1 1 0 1 1 0 0 1 1 1 0 1 1 0 0 1 1 1 1 0 0 0 0 0 1 1 1 1 0 1 0 1 0 1 1 1 0 1 1 1 0 1 1 0 1 0 1 1 1 1 0 0 1 1 0 1 1 0 1 0 0 0 0 1 1 1 0 1 0 1 1 1 0 0 1 1 0 1 1 0 1 0 1 1 1 0 1 0 1 1 1 0 1 
1 0 1 1 0 1 1 1 1 0 1 1 0 0 1 1 1 0 1 1 0 0 1 1 1 1 0 0 0 0 0 1 1 1 1 0 1 0 1 0 1 1 1 0 0 1 1 0 1 1 0 1 0 1 1 1 1 0 0 1 0 0 1 1 0 1 0 0 0 0 1 1 1 0 1 0 1 1 1 0 0 1 1 0 1 1 0 1 0 1 1 1 0 1 0 1 1 1 0 1 
1 0 1 1 0 1 1 1 1 0 1 1 0 0 1 1 1 0 1 1 0 0 1 1 1 1 0 0 0 0 0 1 1 1 1 0 1 0 1 0 1 0 1 0 0 1 1 0 1 1 0 1 0 1 1 1 1 0 0 1 0 0 1 1 0 1 0 0 0 0 1 1 1 0 1 0 1 1 1 0 0 1 1 0 1 1 0 1 0 1 1 1 0 1 0 1 1 1 0 1 
1 0 1 1 0 1 1 1 1 0 1 1 0 0 1 1 1 0 1 1 0 0 1 1 1 1 0 0 0 0 0 1 1 1 1 0 1 0 1 0 1 0 1 0 0 1 1 0 1 1 0 1 0 1 1 1 1 0 0 1 0 0 1 1 0 1 0 0 0 0 1 1 1 0 1 0 1 1 1 0 0 1 1 0 1 1 1 1 0 1 1 1 0 1 0 1 1 1 0 1 
1 0 1 1 0 1 1 1 1 0 1 1 0 0 1 1 1 0 1 1 0 0 1 1 1 1 0 0 0 0 0 1 1 1 1 0 1 0 1 0 1 0 1 0 0 1 1 0 1 1 0 1 0 1 1 1 1 0 0 1 0 0 1 1 0 1 0 0 0 0 1 1 1 0 1 0 1 1 1 0 0 1 1 0 1 1 1 1 0 1 1 1 0 1 0 1 1 1 0 1 
1 0 1 1 0 1 1 1 1 0 1 1 0 0 1 1 1 0 1 1 0 0 1 1 1 1 0 0 0 0 0 1 1 1 1 0 1 0 1 0 1 0 1 0 0 1 1 0 1 1 0 1 0 1 1 1 1 0 0 1 0 0 1 1 0 1 0 0 0 0 1 1 1 0 1 0 1 1 1 0 0 1 1 0 1 1 1 1 0 1 1 1 0 1 0 1 1 1 0 1 
1 0 1 1 0 1 1 1 1 0 1 1 0 0 1 1 1 0 1 1 0 0 1 1 1 1 0 0 0 0 0 1 1 1 1 0 1 0 1 0 1 0 1 0 0 1 1 0 1 1 0 1 0 1 1 1 1 0 0 1 0 0 1 1 0 1 0 0 0 0 1 1 1 0 1 0 1 1 1 0 0 1 1 0 1 1 1 1 0 1 1 1 0 1 0 1 1 1 0 1 
1 0 1 1 0 1 1 1 1 0 1 1 0 0 1 1 1 0 1 1 0 0 1 1 1 1 0 0 0 0 0 1 1 1 1 0 1 0 1 0 1 0 1 0 0 1 1 0 1 1 0 1 0 1 1 1 1 0 0 1 0 0 1 1 0 1 0 0 0 0 1 1 1 0 1 0 1 1 1 0 0 1 1 0 1 1 1 1 0 1 1 1 0 1 0 1 1 1 0 1 
#TS4
1 0 1 1 0 1 1 1 1 0 1 1 0 0 1 1 1 0 1 1 0 0 1 1 1 1 0 0 0 0 0 1 1 1 1 0 1 0 1 0 1 0 1 0 0 1 1 0 1 1 0 1 0 1 1 1 1 0 0 1 0 0 1 1 0 1 0 0 0 0 1 1 1 0 1 0 1 1 1 0 0 1 1 0 1 1 1 1 0 1 1 1 0 1 0 1 1 1 0 1 
1 0 1 1 0 1 1 1 1 0 1 1 0 0 1 1 1 0 1 1 0 1 1 1 1 1 0 0 0 1 0 1 1 1 1 0 1 0 1 0 1 0 1 0 0 1 1 0 1 1 0 1 0 1 1 1 1 0 0 1 0 0 1 1 0 1 0 0 0 0 1 1 1 0 1 0 1 1 0 0 0 1 1 1 1 1 0 1 0 1 1 1 0 1 0 1 1 1 0 1 
1 0 1 1 0 1 1 1 1 0 1 1 0 0 1 1 1 0 1 1 0 1 1 1 1 1 0 0 1 1 0 1 1 1 1 1 1 0 1 0 1 0 1 0 0 1 1 0 1 1 0 1 0 1 1 1 1 0 0 1 0 0 1 1 0 1 0 0 0 0 1 1 1 0 1 0 1 1 0 0 0 1 1 1 1 1 0 1 0 1 1 1 0 1 0 1 1 0 0 1 
1 0 1 1 0 1 1 1 1 0 1 1 0 1 1 1 1 0 1 1 0 1 1 1 1 1 0 0 1 1 0 1 1 1 1 1 1 0 1 0 1 0 1 0 0 1 1 0 1 1 0 1 0 1 1 1 1 0 0 1 1 0 1 1 0 1 0 0 0 0 1 0 0 0 1 0 1 1 0 0 0 1 1 1 1 1 0 1 0 1 1 1 0 1 0 1 1 0 0 1 
1 0 1 1 0 1 1 1 1 0 1 1 0 0 1 1 1 0 1 1 0 1 1 1 1 1 0 0 0 1 0 1 1 1 1 1 1 0 1 0 1 0 1 0 0 1 1 0 1 1 0 1 0 1 1 1 1 0 0 1 1 0 1 1 0 1 0 0 0 0 1 0 0 0 1 0 1 1 0 0 0 1 1 1 1 0 0 1 0 1 1 1 0 1 0 1 1 0 0 1 
1 0 1 1 0 1 1 1 1 0 1 1 0 0 1 1 1 0 1 1 0 1 1 1 1 1 0 0 0 1 0 1 1 1 1 1 1 0 1 0 1 0 1 0 0 1 1 0 1 1 0 1 0 1 1 1 1 0 0 1 1 0 1 1 0 1 0 0 0 0 1 0 0 0 1 0 1 1 0 0 0 1 1 1 1 0 0 1 0 1 1 1 0 1 0 1 1 0 0 1 
1 0 1 1 0 1 1 1 1 0 1 1 0 0 1 1 1 0 1 1 0 1 1 1 1 1 0 0 1 1 0 1 1 1 1 1 1 0 1 0 1 0 1 0 0 1 1 0 1 1 0 1 0 1 1 1 1 0 0 1 1 0 1 1 0 1 0 0 0 0 1 0 0 0 1 0 1 1 0 0 0 1 1 1 1 0 0 1 0 1 1 1 0 1 0 1 1 0 0 1 
1 0 1 1 0 1 1 1 1 0 1 1 0 0 1 1 1 0 1 1 0 1 1 1 1 1 0 0 0 1 0 1 1 1 1 1 1 0 1 0 1 0 1 0 0 1 1 0 1 1 0 1 0 1 1 1 1 0 0 1 1 0 1 1 0 1 0 1 0 0 1 0 0 0 1 0 1 1 0 0 0 1 1 1 1 0 0 1 0 1 1 1 0 1 0 1 1 0 0 1 
1 0 1 1 0 1 1 1 1 0 1 1 0 0 1 1 1 0 1 1 0 1 1 1 1 1 0 0 0 1 0 1 1 1 1 1 1 0 1 0 1 0 1 0 0 1 1 0 1 1 0 1 0 1 1 1 1 0 0 1 0 0 1 1 0 1 0 1 0 0 1 0 0 0 1 0 1 1 0 0 0 1 1 1 1 0 0 1 0 1 1 1 0 1 0 1 1 0 0 1 
1 0 1 1 0 1 1 1 1 0 1 1 0 0 1 1 1 0 1 1 0 1 1 1 1 1 0 0 0 1 0 1 1 1 1 1 1 0 1 0 1 0 1 0 0 1 1 0 1 1 0 1 0 1 1 1 1 0 0 1 1 0 1 1 0 1 0 1 0 0 1 0 0 0 1 0 1 1 0 0 0 1 1 1 1 0 0 1 0 1 1 1 0 1 0 1 1 0 0 1 
1 0 1 1 0 1 1 1 1 0 1 1 0 0 1 1 1 0 1 1 0 1 1 1 1 1 0 0 0 1 0 1 1 1 1 1 1 0 1 0 1 0 1 0 0 1 1 0 1 1 0 1 0 1 1 1 1 0 0 1 1 0 1 1 0 1 0 1 0 0 1 0 0 0 1 0 1 1 0 0 0 1 1 1 1 0 0 1 0 1 1 1 0 1 0 1 1 0 0 1 
1 0 1 1 0 1 1 1 1 0 1 1 0 0 1 1 1 0 1 1 0 0 1 1 1 1 0 0 0 0 0 1 1 1 1 0 1 0 1 0 1 0 1 0 0 1 1 0 1 1 0 1 0 1 1 1 1 0 0 1 0 0 1 1 0 1 0 1 0 0 1 0 0 1 1 0 1 1 1 0 0 0 1 0 1 1 0 1 0 1 1 1 0 1 0 1 1 1 1 1 
1 0 1 1 0 1 1 1 1 0 1 1 0 0 1 1 1 0 1 1 0 0 1 1 1 1 0 0 0 0 0 1 1 1 1 0 1 0 1 0 1 0 1 0 0 1 1 0 1 1 0 1 0 1 1 1 1 0 0 1 1 0 1 1 0 1 0 1 0 0 0 0 1 1 1 0 1 1 1 0 0 0 1 0 1 1 1 1 0 1 1 1 0 1 0 1 1 1 1 1 
1 0 1 1 0 1 1 1 1 0 1 1 0 0 1 1 1 0 1 1 0 0 1 1 1 1 0 0 0 0 0 1 1 1 1 0 1 0 1 0 1 0 1 0 0 1 1 0 1 1 0 1 0 1 1 1 1 0 0 1 0 0 1 1 0 1 0 1 0 0 0 0 1 1 1 1 1 1 1 0 0 0 1 0 1 1 1 1 0 1 1 1 0 1 0 1 1 1 1 1 
1 0 1 1 0 1 1 1 1 0 1 1 0 0 1 1 1 0 1 1 0 0 1 1 1 1 0 0 0 0 0 1 1 1 1 0 1 0 1 0 1 0 1 0 0 1 1 0 1 1 0 1 0 1 1 1 1 0 0 1 0 0 1 1 0 1 0 1 0 0 1 0 1 0 1 1 1 1 1 0 0 0 1 0 1 1 1 1 0 1 1 1 0 1 0 1 1 1 1 1 
1 0 1 1 0 1 1 1 1 0 1 1 0 0 1 1 1 0 1 1 0 0 1 1 1 1 0 0 0 0 0 1 1 1 1 0 1 0 1 0 1 0 1 0 0 1 1 0 1 1 0 1 0 1 1 1 1 0 0 1 0 0 1 1 0 1 0 1 0 0 1 0 1 0 1 0 1 1 1 0 0 0 1 0 1 1 1 1 0 1 1 1 0 1 0 1 1 1 1 1 
1 0 1 1 0 1 1 1 1 0 1 1 0 0 1 1 1 0 1 1 0 0 1 1 1 1 0 0 0 0 0 1 1 1 1 0 1 0 1 0 1 0 1 0 0 1 1 0 1 1 0 1 0 1 1 1 1 0 0 1 0 0 1 1 0 1 0 1 0 0 1 0 1 0 1 0 1 1 1 0 0 0 1 0 1 1 1 1 1 1 1 1 0 1 0 1 1 1 0 1 
1 0 1 1 0 1 1 1 1 0 1 1 0 0 1 1 1 0 1 1 0 0 1 1 1 1 0 0 0 0 0 1 1 1 1 0 1 0 1 0 1 0 1 0 0 1 1 0 1 1 0 1 0 1 1 1 1 0 0 1 0 0 1 1 0 1 0 1 0 0 1 0 1 0 1 0 1 1 1 0 0 0 1 0 1 1 1 1 1 1 1 1 0 1 0 1 1 1 0 1 
1 0 1 1 0 1 1 1 1 0 1 1 0 0 1 1 1 0 1 1 0 0 1 1 1 1 0 0 0 0 0 1 1 1 1 0 1 0 1 0 1 0 1 0 0 1 1 0 1 1 0 1 0 1 1 1 1 0 0 1 0 0 1 1 0 1 0 1 0 0 1 1 1 0 1 0 1 1 1 0 0 1 1 0 1 1 1 1 1 1 1 1 0 1 0 1 1 1 0 1 
1 0 1 1 0 1 1 1 1 0 1 1 0 0 1 1 0 0 1 1 0 0 1 1 1 1 0 0 0 0 0 1 1 1 1 0 1 0 1 0 1 0 1 0 0 1 1 0 1 1 0 1 0 1 1 1 1 0 0 1 0 0 1 1 0 1 0 0 0 0 1 1 1 0 1 0 1 1 1 0 0 1 1 0 1 1 1 1 1 1 1 1 1 1 0 1 1 1 0 1 
1 0 1 1 0 1 1 1 1 0 1 1 0 0 1 1 1 0 1 1 0 0 1 1 1 1 0 0 0 0 0 1 1 1 0 0 1 0 1 0 1 0 1 0 0 1 1 0 1 1 0 1 0 1 1 1 1 0 0 1 0 0 1 0 0 1 0 0 0 0 1 1 1 0 1 0 1 1 1 0 0 1 1 0 1 1 1 1 1 1 1 1 1 0 1 1 1 1 0 1 
#TS5
1 0 1 1 0 1 1 1 1 0 1 1 0 0 1 1 1 0 1 1 0 0 1 1 1 1 0 0 0 0 0 1 1 1 1 0 1 0 1 0 1 0 1 0 0 1 1 0 1 1 1 1 0 1 1 1 1 0 0 1 0 0 1 1 0 1 0 0 0 0 1 1 1 0 1 0 1 1 1 0 0 1 1 0 1 1 0 1 0 1 1 1 0 1 0 1 1 1 0 1 
1 0 1 1 0 1 1 0 1 0 1 1 0 0 1 1 1 0 1 1 0 0 1 1 1 1 0 0 0 0 0 1 1 1 1 0 1 0 1 0 0 0 1 0 0 1 1 0 1 1 1 1 0 1 1 1 1 0 0 1 0 0 1 1 0 1 0 0 0 0 1 1 1 0 1 1 1 1 1 0 0 1 1 0 1 1 0 1 0 1 1 1 0 1 0 1 1 1 0 1 
1 0 1 1 0 1 1 0 1 0 1 1 0 0 1 1 1 0 1 1 0 0 0 1 1 1 0 0 1 0 0 1 1 1 1 0 1 0 1 0 0 1 1 0 0 1 1 0 1 1 1 1 0 1 1 1 1 0 0 1 0 0 1 1 0 1 0 0 0 0 1 1 1 0 1 1 1 1 1 0 0 1 1 0 1 1 0 1 0 1 1 1 0 1 0 1 1 1 0 1 
1 0 1 1 0 1 1 0 0 0 1 1 0 0 1 0 1 0 1 1 0 0 0 1 1 1 0 0 1 0 0 1 1 1 1 0 1 0 1 0 0 1 1 0 0 1 1 0 1 1 1 1 0 1 1 1 1 0 0 1 1 0 1 1 0 1 0 0 0 0 1 1 1 0 1 1 1 1 1 0 0 1 1 0 1 1 0 1 0 1 1 1 0 1 0 1 1 1 0 1 
1 0 1 1 0 1 1 0 1 0 1 1 0 0 1 1 1 0 1 1 0 0 0 1 1 1 0 0 1 0 0 1 1 1 1 0 1 0 1 0 0 1 1 0 0 1 1 0 1 1 1 1 0 1 1 1 1 0 0 1 1 0 1 1 0 1 0 0 0 0 1 1 1 0 1 1 1 1 1 0 0 1 1 0 1 1 0 1 0 1 1 1 0 1 0 1 1 1 0 1 
1 0 1 1 0 1 1 0 1 0 1 1 0 0 1 1 1 0 1 1 0 0 0 1 1 1 0 0 1 0 0 1 1 1 1 0 1 0 1 0 0 1 1 0 0 1 1 0 1 1 1 1 0 1 1 1 1 1 0 1 1 0 1 1 0 1 0 0 0 0 1 1 1 0 1 1 1 1 1 1 0 1 1 0 1 1 0 1 0 1 1 1 0 1 0 1 1 1 0 1 
1 0 1 1 0 1 1 0 1 0 1 1 0 0 1 1 1 0 1 1 0 0 0 1 1 1 0 0 1 0 0 1 1 1 1 0 1 0 1 0 0 1 1 0 0 1 1 0 1 1 1 1 0 1 1 1 1 1 0 1 1 0 1 1 0 1 0 0 0 0 1 1 1 0 1 1 1 1 1 1 0 1 1 0 1 1 0 1 0 1 1 1 0 1 0 1 1 1 0 1 
1 0 1 1 0 1 1 0 1 0 1 1 0 0 1 1 1 0 1 1 0 0 0 1 1 1 0 0 1 0 0 1 1 1 1 0 1 0 1 0 0 1 1 0 1 1 0 0 1 1 1 1 0 1 0 1 1 1 0 1 1 0 1 1 0 1 0 0 0 0 1 1 1 0 1 1 1 1 1 1 0 1 1 0 1 1 0 1 0 1 1 1 0 1 0 1 1 1 0 1 
1 0 1 1 0 1 1 0 1 0 1 1 0 0 1 1 1 0 1 1 0 0 0 1 1 1 0 0 1 0 0 1 1 1 1 0 1 0 1 0 0 0 1 0 0 1 0 0 1 1 1 1 0 1 1 1 1 1 0 1 1 0 1 1 0 1 0 0 0 0 1 1 1 0 1 1 1 1 1 1 0 1 1 0 1 1 0 1 0 1 1 1 0 1 0 1 1 1 0 1 
1 0 1 1 0 1 1 0 1 0 1 1 0 0 1 1 1 0 1 1 0 0 0 1 1 1 0 0 1 0 0 1 1 1 1 0 1 0 1 0 0 1 1 0 0 1 0 0 1 0 1 1 0 1 1 1 1 1 0 1 1 0 1 1 0 1 0 0 0 0 1 1 1 0 1 1 1 1 1 1 0 1 1 0 1 1 0 1 0 1 1 1 0 1 0 1 1 1 0 1 
1 0 1 1 0 1 1 0 1 0 1 1 0 0 1 1 1 0 1 1 0 0 0 1 1 1 0 0 1 0 0 1 1 1 1 0 1 0 1 0 0 1 1 0 0 1 0 0 1 1 1 1 0 1 1 1 1 1 0 1 1 0 1 1 0 1 0 0 0 0 1 1 1 0 1 1 1 1 1 1 0 1 1 0 1 1 0 1 0 1 1 1 0 1 0 1 1 1 0 1 
1 0 1 1 0 1 1 1 1 0 1 1 0 0 1 1 1 0 1 1 0 0 1 1 1 1 0 0 1 0 0 1 1 1 1 0 1 0 1 0 1 0 1 0 0 1 0 0 1 1 1 1 0 1 1 1 1 1 0 1 1 0 1 1 0 1 0 0 0 0 1 1 1 0 1 0 1 1 1 1 0 1 1 0 1 1 0 1 0 1 1 1 0 1 0 1 1 1 0 1 
1 0 1 1 0 1 1 1 1 0 1 1 0 0 1 1 1 0 1 1 0 1 1 1 1 1 0 0 1 0 0 1 1 1 1 0 1 0 1 0 1 0 1 0 0 1 0 0 1 1 1 1 0 1 1 1 1 1 0 1 1 0 1 1 0 1 0 0 0 0 1 1 1 0 1 0 1 1 1 0 0 1 1 0 1 1 0 1 0 1 1 1 0 1 0 1 1 1 0 1 
1 0 1 1 0 1 1 1 1 0 1 1 0 0 1 1 1 0 1 1 0 0 1 1 1 1 0 0 0 0 0 1 1 1 1 0 1 0 1 0 1 0 1 0 0 1 0 0 1 1 0 1 0 1 1 1 1 1 0 1 1 0 1 1 0 1 0 0 0 0 1 1 1 0 1 0 1 1 1 0 0 1 1 0 1 1 0 1 0 1 1 1 0 1 0 1 1 1 0 1 
1 0 1 1 0 1 1 1 1 0 1 1 0 0 1 1 1 0 1 1 0 1 1 1 1 1 0 0 0 0 0 1 1 1 1 1 1 0 1 0 1 0 1 0 0 1 1 0 1 1 0 1 0 1 1 1 1 0 0 1 1 0 1 1 0 1 0 0 0 0 1 1 1 0 1 0 1 1 1 0 0 1 1 0 1 1 0 1 0 1 1 1 0 1 0 1 1 1 0 1 
1 0 1 1 0 1 1 1 1 0 1 1 0 0 1 1 1 0 1 1 0 0 1 1 1 1 0 0 0 0 0 1 1 1 1 0 1 0 1 0 1 0 1 0 0 1 1 0 1 1 0 1 0 1 1 1 1 0 0 1 1 0 1 1 0 1 0 0 0 0 1 1 1 0 1 0 1 1 1 0 0 1 1 0 1 1 0 1 0 1 1 1 0 1 0 1 1 1 0 1 
1 0 1 1 0 1 1 1 1 0 1 1 0 0 1 1 1 0 1 1 0 0 1 1 1 1 0 0 0 0 0 1 1 1 1 1 1 0 1 0 1 0 1 0 0 1 1 0 1 1 0 1 0 1 1 1 1 0 0 1 0 0 1 1 0 1 0 0 0 0 1 1 1 0 1 0 1 1 1 0 0 1 1 0 1 1 0 1 0 1 1 1 0 1 0 1 1 1 0 1 
1 0 1 1 0 1 1 1 1 0 1 1 0 0 1 1 1 0 1 1 0 0 1 1 1 1 0 0 0 0 0 1 1 1 1 0 1 0 1 0 1 0 1 0 0 1 1 0 1 1 0 1 0 1 1 1 1 0 0 1 0 0 1 1 0 1 0 0 0 0 1 1 1 0 1 0 1 1 1 0 0 1 1 0 1 1 0 1 0 1 1 1 0 1 0 1 1 1 0 1 
1 0 1 1 0 1 1 1 1 0 1 1 0 0 1 1 1 0 1 1 0 0 1 1 1 1 0 0 0 0 0 1 1 1 1 0 1 0 1 0 1 0 1 0 0 1 1 0 1 1 0 1 0 1 1 1 1 0 0 1 0 0 1 1 0 1 0 0 0 0 1 1 1 0 1 0 1 1 1 0 0 1 1 0 1 1 0 1 0 1 1 1 0 1 0 1 1 1 0 1 
1 0 1 1 0 1 1 1 1 0 1 1 0 0 1 1 1 0 1 1 0 0 1 1 1 1 0 0 0 0 0 1 1 1 1 0 1 0 1 0 1 0 1 0 0 1 1 0 1 1 0 1 0 1 1 1 1 0 0 1 1 0 1 1 0 1 0 0 0 0 1 1 1 0 1 0 1 1 1 0 0 1 1 0 1 1 0 1 0 1 1 1 0 1 0 1 1 1 0 1 
1 0 1 1 0 1 1 1 1 0 1 1 0 0 1 1 1 0 1 1 0 0 1 1 1 1 0 0 0 0 0 1 1 1 1 0 1 0 1 0 1 0 1 0 0 1 1 0 1 1 0 1 0 1 1 1 1 0 0 1 0 0 1 1 0 1 0 0 0 0 1 1 1 0 1 0 1 1 1 0 0 1 1 0 1 1 0 1 0 1 1 1 0 1 0 1 1 1 0 1 
#TS6
1 0 1 1 0 1 1 1 1 0 1 1 0 0 1 1 1 0 1 1 0 0 1 1 1 1 0 0 0 0 0 1 1 1 1 0 1 0 1 0 1 0 1 0 0 1 1 0 1 1 0 1 0 1 1 1 1 0 0 1 0 0 1 1 0 1 0 0 0 0 1 1 1 0 1 0 1 1 1 0 0 1 1 0 1 1 0 1 0 1 1 1 0 1 0 1 1 1 0 1 
1 0 1 1 0 1 1 1 1 0 1 1 0 0 1 1 1 0 1 1 0 0 1 1 1 1 0 0 0 0 0 1 1 1 1 0 1 0 1 0 1 0 1 0 0 1 1 0 1 1 0 1 0 1 1 1 1 1 0 1 1 0 1 1 0 1 0 0 0 0 1 1 1 0 1 0 1 1 1 0 0 1 0 0 1 1 0 1 0 1 1 1 0 1 0 1 1 1 0 1 
1 1 1 1 0 1 1 1 1 0 0 1 0 0 1 1 1 0 1 1 0 0 1 1 1 1 0 0 0 0 0 1 1 1 1 1 1 0 1 0 1 0 1 0 0 1 1 0 1 1 0 1 0 1 1 1 1 1 0 1 1 0 1 1 0 1 0 0 0 1 1 1 1 0 1 0 1 1 1 0 0 1 0 0 1 1 0 1 0 1 1 1 0 1 0 1 1 1 0 1 
1 0 1 1 0 1 1 1 1 0 0 1 0 0 1 1 1 0 1 1 1 0 1 1 1 1 0 0 0 0 0 1 1 1 1 1 1 0 1 0 1 0 1 0 0 1 1 0 1 1 0 1 0 1 1 1 1 1 0 1 1 0 1 1 0 1 0 0 0 1 1 1 0 0 1 0 1 1 0 0 0 1 0 0 1 1 0 1 0 1 1 1 0 1 0 1 1 1 0 1 
1 0 1 1 0 1 1 1 1 0 0 1 0 0 1 1 1 0 1 1 0 0 1 1 1 1 0 0 0 0 0 1 1 1 1 1 1 0 1 0 1 0 1 0 0 1 1 0 1 1 0 1 0 1 1 1 1 1 0 1 1 0 1 1 0 1 0 0 0 1 1 1 0 0 1 0 1 1 0 0 0 1 0 0 1 1 0 1 0 1 1 1 0 1 0 1 1 1 0 1 
1 1 1 1 0 1 1 1 1 0 0 1 0 0 1 1 1 0 1 1 0 0 1 1 1 1 0 0 0 0 0 1 1 1 1 1 1 0 1 0 1 0 1 0 0 1 1 0 1 1 0 1 0 1 1 1 1 1 0 1 1 0 1 1 0 1 0 0 0 1 1 1 0 0 1 0 1 1 0 0 0 1 0 0 1 1 0 1 0 1 1 1 0 1 0 1 1 1 0 1 
1 0 1 1 0 1 1 1 1 0 0 1 0 0 1 1 1 0 1 1 0 1 1 1 1 1 0 0 0 0 0 1 1 1 1 1 1 0 1 0 1 0 1 0 0 1 1 0 1 1 0 1 0 1 1 1 1 1 0 1 1 0 1 1 0 1 0 0 0 1 1 1 0 0 1 0 1 1 0 0 0 1 0 0 1 1 0 1 0 0 1 1 0 1 0 1 1 1 0 1 
1 1 1 1 0 1 1 1 1 0 0 1 0 0 1 1 1 0 1 1 0 0 1 1 1 1 0 0 0 0 0 1 1 1 1 1 1 0 1 0 1 0 1 0 0 1 1 0 1 1 0 1 0 1 1 1 1 1 0 1 1 0 1 1 0 1 0 0 0 1 1 1 0 0 1 0 1 1 0 0 0 1 0 0 1 1 0 1 0 0 1 1 0 1 0 1 1 1 0 1 
1 1 1 1 0 1 1 1 1 0 0 1 0 0 1 1 1 0 1 1 0 0 1 1 1 1 0 0 0 0 0 1 1 1 1 1 1 0 1 0 1 0 1 0 0 1 1 0 1 1 0 1 0 1 1 1 1 1 0 1 1 0 1 1 0 1 0 0 0 1 1 1 0 0 1 0 1 1 0 0 0 1 0 0 1 1 0 1 0 0 1 1 0 1 0 1 1 1 0 1 
1 1 1 1 0 1 1 1 1 0 0 1 0 0 1 1 1 0 1 1 0 0 1 1 1 1 0 0 0 0 0 1 1 1 1 1 1 0 1 0 1 0 1 0 0 1 1 0 1 1 0 1 0 1 1 1 1 1 0 1 1 0 1 1 0 1 0 0 0 1 1 1 1 0 1 0 1 1 0 0 0 1 0 0 1 1 0 1 0 0 1 1 0 1 0 1 1 1 0 1 
1 1 1 1 0 1 1 1 1 0 1 1 0 0 1 1 1 0 1 1 0 1 1 1 1 1 0 0 0 0 0 1 1 1 1 1 1 0 1 0 1 0 1 0 0 1 1 0 1 1 0 1 0 1 1 1 1 1 0 1 1 0 1 1 0 1 0 0 0 1 1 1 0 0 1 0 1 1 0 0 0 1 0 0 1 1 0 1 0 0 1 1 0 1 0 1 1 1 0 1 
1 0 1 1 0 1 1 1 1 0 1 1 0 0 1 1 1 0 1 1 0 0 1 1 1 1 0 0 0 0 0 1 1 1 1 1 1 0 1 1 1 0 1 0 0 1 1 0 1 1 0 1 0 1 1 1 1 0 0 1 0 0 1 1 0 1 0 0 0 1 1 1 0 0 1 0 1 1 1 0 0 1 1 0 1 1 0 1 0 1 1 1 0 1 0 1 1 1 0 1 
1 0 1 1 0 1 1 1 1 0 1 1 0 0 1 1 1 0 1 1 0 0 1 1 1 1 0 0 0 0 0 1 1 1 1 1 1 0 1 0 1 0 1 0 0 1 1 0 1 1 0 1 0 1 1 1 1 0 0 1 0 0 1 1 0 1 0 0 0 0 1 1 0 0 1 0 1 1 1 0 0 1 1 0 1 1 0 1 0 1 1 1 0 1 0 1 1 1 0 1 
1 0 1 1 0 1 1 1 1 0 1 1 0 0 1 1 1 0 1 1 0 0 1 1 1 1 0 0 0 0 0 1 1 1 1 0 1 0 1 0 1 0 1 0 0 1 1 0 1 1 0 1 0 1 1 1 1 0 0 1 0 0 1 1 0 1 0 0 0 0 1 1 1 0 1 0 1 1 1 0 0 1 1 0 1 1 0 1 0 1 1 1 0 1 0 1 1 1 0 1 
1 0 1 1 0 1 1 1 1 0 1 1 0 0 1 1 1 0 1 1 0 0 1 1 1 1 0 0 0 0 0 1 1 1 1 0 1 0 1 0 1 0 1 0 0 1 1 0 1 1 0 1 0 1 1 1 1 0 0 1 0 0 1 1 0 1 0 0 0 0 1 1 1 0 1 0 1 1 1 0 0 1 1 0 1 1 1 1 0 1 1 1 0 1 0 1 1 1 0 1 
1 0 1 1 0 1 1 1 1 0 1 1 0 0 1 1 1 0 1 1 0 0 1 1 1 1 0 0 0 0 0 1 1 1 1 0 1 0 1 0 1 0 1 0 0 1 1 0 1 1 0 1 0 1 1 1 1 0 0 1 0 0 1 1 0 1 0 0 0 0 1 1 1 0 1 0 1 1 1 0 0 1 1 0 1 1 1 1 0 1 1 1 0 1 0 1 1 1 0 1 
1 0 1 1 0 1 1 1 1 0 1 1 0 0 1 1 1 0 1 1 0 0 1 1 1 1 0 0 0 0 0 1 1 1 1 0 1 0 1 0 1 0 1 0 0 1 1 0 1 1 0 1 0 1 1 1 1 0 0 1 0 0 1 1 0 1 0 0 0 0 1 1 1 0 1 0 1 1 1 0 0 1 1 0 1 1 1 1 0 1 1 1 0 1 0 1 1 1 0 1 
1 0 1 1 0 1 1 1 1 0 1 1 0 0 1 1 1 0 1 1 0 0 1 1 1 1 0 0 0 0 0 1 1 1 1 0 1 0 1 0 1 0 1 0 0 1 1 0 1 1 0 1 0 1 1 1 1 0 0 1 0 0 1 1 0 1 0 0 0 0 1 1 1 0 1 0 1 1 1 0 0 1 1 0 1 1 1 1 0 1 1 1 0 1 0 1 1 1 0 1 
1 0 1 1 0 1 1 1 1 0 1 1 0 0 1 1 1 0 1 1 0 0 1 1 1 1 0 0 0 0 0 1 1 1 1 0 1 0 1 0 1 0 1 0 0 1 1 0 1 1 0 1 0 1 1 1 1 0 0 1 0 0 1 1 0 1 0 0 0 0 1 1 1 0 1 0 1 1 1 0 0 1 1 0 1 1 0 1 0 1 1 1 0 1 0 1 1 1 0 1 
1 0 1 1 0 1 1 1 1 0 1 1 0 0 1 1 1 0 1 1 0 0 1 1 1 1 0 0 0 0 0 1 1 1 1 0 1 0 1 0 1 0 1 0 0 1 1 0 1 1 0 1 0 1 1 1 1 0 0 1 0 0 1 1 0 1 0 0 0 0 1 1 1 0 1 0 1 1 1 0 0 1 1 0 1 1 0 1 0 1 1 1 0 1 0 1 1 1 0 1 
1 0 1 1 0 1 1 1 1 0 1 1 0 0 1 1 1 0 1 1 0 0 1 1 1 1 0 0 0 0 0 1 1 1 1 0 1 0 1 0 1 0 1 0 0 1 1 0 1 1 0 1 0 1 1 1 1 0 0 1 0 0 1 1 0 1 0 0 0 0 1 1 1 0 1 0 1 1 1 0 0 1 1 0 1 1 1 1 0 1 1 1 0 1 0 1 1 1 0 1 
#TS7
1 0 1 1 0 1 1 1 1 0 1 1 0 0 1 1 1 0 1 1 0 0 1 1 1 1 0 0 0 0 0 1 1 1 1 0 1 0 1 0 1 0 1 0 0 1 1 0 1 1 0 1 0 1 1 1 1 0 0 1 0 0 1 1 0 1 0 0 0 0 1 1 1 0 1 0 1 1 1 0 0 1 1 0 1 1 1 1 0 1 1 1 0 1 0 1 1 1 0 1 
1 0 1 1 0 1 1 1 1 0 1 1 0 0 1 1 1 0 1 1 0 0 1 1 1 1 0 0 0 0 0 1 1 1 1 0 1 0 1 0 1 1 1 0 0 1 1 0 1 1 0 1 0 1 1 1 1 0 0 0 1 0 1 1 0 1 1 0 0 0 1 1 1 0 1 0 1 1 1 0 0 1 1 0 1 1 1 1 0 1 1 1 0 1 0 1 1 1 0 1 
1 0 1 1 0 1 1 1 1 0 1 1 0 0 1 1 1 0 1 1 0 0 1 1 1 1 0 0 0 0 0 1 1 1 1 0 1 0 1 0 1 1 1 0 0 1 1 0 1 1 0 1 0 1 1 1 1 0 0 0 1 0 1 1 0 1 1 0 0 0 1 1 1 0 1 0 1 1 0 0 0 1 1 0 1 1 1 1 0 1 1 1 0 1 0 1 1 1 0 1 
1 0 1 1 0 1 1 1 1 0 1 1 0 0 1 1 1 0 1 1 1 0 1 1 1 1 0 0 1 0 0 1 1 1 1 0 1 0 1 0 1 1 1 0 0 1 1 0 1 1 0 1 0 1 1 1 1 0 0 0 1 0 1 1 0 1 1 0 0 0 1 1 0 0 1 0 1 1 0 0 0 1 1 0 1 1 0 1 0 1 1 1 0 1 0 1 1 1 0 1 
1 0 1 1 0 1 1 1 1 0 1 1 0 0 1 1 1 0 1 1 1 0 1 1 1 1 0 0 1 0 0 1 1 1 1 0 1 0 1 0 1 1 1 0 0 1 1 0 1 1 0 1 0 1 1 1 1 0 0 0 1 0 1 1 0 1 1 0 0 0 1 1 0 0 1 0 1 1 0 0 0 1 1 0 1 1 0 1 0 1 1 1 0 1 0 1 1 1 0 1 
1 0 1 1 0 1 1 1 1 0 1 1 0 0 1 1 1 0 1 1 1 0 1 1 1 1 0 0 1 0 0 1 1 1 1 0 1 0 1 0 1 1 1 0 0 1 1 0 1 1 0 1 0 1 1 1 1 0 0 0 1 0 1 1 0 1 1 0 0 0 1 1 0 0 1 0 1 1 0 0 0 1 1 0 1 1 0 1 0 1 1 1 0 1 0 1 1 1 0 1 
1 0 1 1 0 1 1 1 1 0 1 1 0 0 1 1 1 0 0 1 1 0 1 1 1 1 0 0 1 0 0 1 1 1 1 1 1 0 1 0 1 1 1 0 0 1 1 0 1 1 0 1 0 1 1 1 1 1 0 0 1 0 1 1 0 1 1 0 0 0 1 1 0 0 1 0 1 1 0 0 0 1 1 0 1 1 0 1 0 0 1 1 0 1 0 1 1 1 0 1 
1 0 1 1 0 1 1 1 1 0 1 1 0 0 1 1 1 0 0 1 1 1 1 1 1 1 0 0 1 0 0 1 1 1 1 0 1 0 1 0 1 1 1 0 0 1 0 0 1 1 0 1 0 1 1 1 1 1 0 0 1 0 1 1 0 1 1 0 0 0 1 1 0 0 1 0 1 1 0 0 0 1 1 0 1 1 0 1 0 0 1 1 0 1 0 1 1 1 0 1 
1 0 1 1 0 1 1 1 1 0 1 1 1 0 1 1 1 0 0 1 1 0 1 1 1 1 0 0 1 0 0 1 1 1 1 1 1 0 1 0 1 1 1 0 0 1 0 0 1 1 0 1 0 1 1 1 1 1 0 0 1 0 1 1 0 1 1 0 0 0 1 1 0 0 1 0 1 1 0 0 0 1 1 0 1 1 0 1 0 0 1 1 0 1 0 1 1 1 0 1 
1 0 1 1 0 1 1 1 1 0 1 1 0 0 1 1 1 0 0 1 1 1 1 1 1 1 0 0 1 0 1 1 1 1 1 0 1 0 1 0 1 1 1 0 0 1 0 0 1 1 0 1 1 1 1 1 1 1 0 0 1 0 1 1 0 1 1 0 0 0 1 1 0 0 1 0 1 1 0 0 0 1 1 0 1 1 0 1 0 0 1 1 0 1 0 1 1 1 0 1 
1 0 1 1 0 1 1 1 1 0 1 1 1 0 1 1 1 0 0 1 1 0 1 1 1 1 0 0 1 0 0 1 1 1 1 1 1 0 1 0 1 1 1 0 0 1 0 0 1 1 0 1 0 1 1 1 1 1 0 0 1 0 1 1 0 1 1 0 0 0 1 1 0 0 1 0 1 1 0 0 0 1 1 0 1 1 0 1 0 0 1 1 0 1 0 1 1 1 0 1 
1 0 1 1 0 1 1 1 1 0 1 1 0 0 1 1 1 0 1 1 1 0 1 1 1 1 0 0 1 0 0 1 1 1 1 1 1 0 1 0 1 1 1 0 0 1 0 0 1 1 0 1 0 1 1 1 1 1 0 1 1 0 1 1 0 1 0 0 0 0 1 1 0 0 1 0 1 1 1 0 0 1 1 0 1 1 0 1 0 1 1 1 0 1 0 1 1 1 0 1 
1 0 1 1 0 1 1 1 1 0 1 1 0 0 1 1 1 0 1 1 0 0 1 1 1 1 0 0 0 0 0 1 1 1 1 0 1 0 1 0 1 1 1 0 1 1 0 0 1 1 0 1 0 1 1 1 1 0 0 1 1 0 1 1 0 1 0 0 0 0 1 1 1 0 1 0 1 1 1 0 0 1 1 0 1 1 0 1 0 1 1 1 0 1 0 1 1 1 0 1 
1 0 1 1 0 1 1 1 1 0 1 1 0 0 1 1 1 0 1 1 0 0 1 1 1 1 0 0 0 0 0 1 1 1 1 1 1 0 1 0 1 1 1 0 0 1 0 0 1 1 0 1 0 1 1 1 1 0 0 1 1 0 1 1 0 1 0 0 0 0 1 1 1 0 1 0 1 1 1 0 0 1 1 0 1 1 0 1 0 1 1 1 0 1 0 1 1 1 0 1 
1 0 1 1 0 1 1 1 1 0 1 1 0 0 1 1 1 0 1 1 0 1 1 1 1 1 0 0 0 0 0 1 1 1 1 1 1 0 1 0 1 0 1 0 0 1 1 0 1 1 0 1 0 1 1 1 1 0 0 1 1 0 1 1 0 1 0 0 0 0 1 1 1 0 1 0 1 1 1 0 0 1 1 0 1 1 0 1 0 1 1 1 0 1 0 1 1 1 0 1 
1 0 1 1 0 1 1 1 1 0 1 1 0 0 1 1 1 0 1 1 0 0 1 1 1 1 0 0 0 0 0 1 1 1 1 0 1 0 1 0 1 0 1 0 0 1 1 0 1 1 0 1 0 1 1 1 1 0 0 1 0 0 1 1 0 1 0 0 0 0 1 1 1 0 1 0 1 1 1 0 0 1 1 0 1 1 0 1 0 1 1 1 0 1 0 1 1 1 0 1 
1 0 1 1 0 1 1 1 1 0 1 1 0 0 1 1 1 0 1 1 0 0 1 1 1 1 0 0 0 0 0 1 1 1 1 0 1 0 1 0 1 0 1 0 0 1 1 0 1 1 0 1 0 1 1 1 1 0 0 1 0 0 1 1 0 1 0 0 0 0 1 1 1 0 1 0 1 1 1 0 0 1 1 0 1 1 0 1 0 1 1 1 0 1 0 1 1 1 0 1 
1 0 1 1 0 1 1 1 1 0 1 1 0 0 1 1 1 0 1 1 0 0 1 1 1 1 0 0 0 0 0 1 1 1 1 0 1 0 1 0 1 0 1 0 0 1 1 0 1 1 0 1 0 1 1 1 1 0 0 1 0 0 1 1 0 1 0 0 0 0 1 1 1 0 1 0 1 1 1 0 0 1 1 0 1 1 0 1 0 1 1 1 0 1 0 1 1 1 0 1 
1 0 1 1 0 1 1 1 1 0 1 1 0 0 1 1 1 0 1 1 0 0 1 1 1 1 0 0 0 0 0 1 1 1 1 0 1 0 1 0 1 0 1 0 0 1 1 0 1 1 0 1 0 1 1 1 1 0 0 1 0 0 1 1 0 1 0 0 0 0 1 1 1 0 1 0 1 1 1 0 0 1 1 0 1 1 0 1 0 1 1 1 0 1 0 1 1 1 0 1 
1 0 1 1 0 1 1 1 1 0 1 1 0 0 1 1 1 0 1 1 0 0 1 1 1 1 0 0 0 0 0 1 1 1 1 0 1 0 1 0 1 0 1 0 0 1 1 0 1 1 1 1 0 1 1 1 1 1 0 1 0 0 1 1 0 1 0 0 0 0 1 1 1 0 1 0 1 1 1 0 0 1 1 0 1 1 0 1 0 1 1 1 0 1 0 1 1 1 0 1 
1 0 1 1 0 1 1 1 1 0 1 1 0 0 1 1 1 0 1 1 0 0 1 1 1 1 0 0 0 0 0 1 1 1 1 0 1 0 1 0 1 0 1 0 0 1 1 0 1 1 0 1 0 1 1 1 1 0 0 1 0 0 1 1 0 1 0 0 0 0 1 1 1 0 1 0 1 1 1 0 0 1 1 0 1 1 0 1 0 1 1 1 0 1 0 1 1 1 0 1 
#TS8
1 0 1 1 0 1 1 1 1 0 1 1 0 0 1 1 1 0 1 1 0 0 1 1 1 1 0 0 0 0 0 1 1 1 1 0 1 0 1 0 1 0 1 0 0 1 1 0 1 1 0 1 0 1 1 1 1 0 0 1 0 0 1 1 0 1 0 0 0 0 1 1 1 0 1 0 1 1 1 0 0 1 1 0 1 1 1 1 0 1 1 1 0 1 0 1 1 1 0 1 
1 0 1 1 0 1 1 1 1 0 1 1 0 0 1 1 1 0 1 1 0 0 1 1 1 1 0 0 0 0 0 1 1 1 1 0 1 0 1 0 1 1 1 0 0 1 1 0 1 1 0 1 0 1 1 1 1 0 0 1 0 0 1 1 0 1 1 0 0 0 1 1 1 0 1 0 1 1 1 0 0 1 1 0 1 1 1 1 0 1 1 1 0 1 0 1 1 1 0 1 
1 1 1 1 0 1 1 1 1 0 1 1 0 0 1 1 1 0 1 1 0 0 1 1 1 1 0 0 0 0 0 1 1 1 1 0 1 0 1 0 1 1 1 0 0 1 1 0 1 1 1 1 0 1 1 1 1 0 0 0 1 0 1 1 0 1 1 0 0 0 1 1 1 0 1 0 1 1 0 0 0 1 1 0 1 1 1 1 0 1 1 1 0 1 0 1 1 0 0 1 
1 0 1 1 0 1 1 1 1 0 1 1 0 0 1 1 1 0 1 1 0 0 1 1 1 1 0 0 0 0 0 1 1 1 1 1 1 0 1 0 1 1 1 0 0 1 1 0 1 1 1 1 0 1 1 1 1 0 0 0 1 0 1 1 0 1 1 0 0 0 1 1 1 0 1 0 1 1 0 0 0 1 1 0 1 1 1 1 0 1 1 1 0 1 0 1 1 0 0 1 
1 1 1 1 1 1 1 1 1 0 1 1 0 0 1 1 1 0 1 1 0 0 1 1 1 1 0 0 0 0 0 1 1 1 1 1 1 0 1 0 1 1 1 0 0 1 1 0 1 1 1 1 0 1 1 1 1 0 0 0 0 0 1 1 0 1 1 0 0 0 1 1 1 0 1 0 1 1 0 0 0 1 1 0 1 1 1 1 0 1 1 1 0 1 0 1 1 0 0 1 
1 0 1 1 1 1 1 1 1 0 1 1 0 0 1 1 1 0 1 1 0 0 1 1 1 1 0 0 0 0 0 1 1 1 1 1 1 0 1 0 1 1 1 0 0 1 1 0 1 1 1 1 0 1 1 1 1 0 0 0 0 0 1 1 0 1 1 0 0 0 1 1 1 0 1 0 1 1 0 0 0 1 1 0 1 1 0 1 0 1 1 1 0 1 0 1 1 0 0 1 
1 1 1 1 1 1 1 1 1 0 1 1 0 0 1 1 1 0 1 1 1 1 1 1 1 1 0 0 0 0 0 1 1 1 1 1 1 0 1 0 1 1 1 0 0 1 1 0 1 1 1 1 0 1 1 1 1 0 0 0 1 0 1 1 0 1 1 0 0 0 1 1 1 0 1 0 1 1 0 0 0 1 1 1 1 1 0 1 0 1 1 1 0 1 0 1 1 0 0 1 
1 1 1 1 1 1 1 1 1 0 1 1 0 0 1 1 1 0 1 1 0 1 1 1 1 1 0 0 0 0 0 1 1 1 1 1 1 0 1 0 1 1 1 0 0 1 1 0 1 1 1 1 0 1 1 1 1 0 0 0 1 0 1 1 0 1 1 0 0 0 1 1 1 0 1 0 1 1 0 0 0 1 1 1 1 1 0 1 0 0 1 1 0 1 0 1 1 0 0 1 
1 1 1 1 1 1 1 1 1 0 1 1 0 0 1 1 1 0 1 1 0 1 1 1 1 1 0 0 0 0 0 1 1 1 1 1 1 0 1 0 1 1 1 0 0 1 1 0 1 1 1 1 0 1 1 1 1 1 0 0 0 0 1 1 1 1 1 0 0 0 1 1 1 0 1 0 1 1 0 0 0 1 1 0 1 1 0 1 0 0 1 1 0 1 0 1 1 0 0 1 
1 1 1 1 1 1 1 1 1 0 1 1 1 0 1 1 1 0 1 1 1 1 1 1 1 1 0 0 0 0 1 1 1 1 1 1 1 0 1 0 1 1 1 0 0 1 1 0 1 1 1 1 0 1 1 1 1 0 0 0 1 0 1 1 0 1 1 0 0 0 1 1 1 0 1 0 1 1 0 0 0 1 1 0 1 1 0 1 0 0 1 1 0 1 0 1 1 0 0 1 
1 1 1 1 1 1 1 1 1 0 1 1 0 0 1 1 1 0 1 1 1 1 1 1 1 1 0 0 0 0 0 1 1 1 1 1 1 0 1 0 1 1 1 0 0 1 1 0 1 1 1 1 0 1 1 1 1 0 0 0 1 0 1 1 0 1 1 0 0 0 1 1 1 0 1 0 1 1 0 0 0 1 1 0 1 1 0 1 0 0 1 1 0 1 0 1 1 0 0 1 
1 0 1 1 0 1 1 1 1 0 1 1 0 0 1 1 1 0 1 1 0 1 1 1 1 1 0 0 0 0 0 1 1 1 1 1 1 0 1 0 1 1 1 0 0 1 1 0 1 1 1 1 0 1 1 1 1 0 0 1 1 0 1 1 0 1 1 0 0 0 1 1 1 0 1 0 1 1 1 0 0 1 1 0 1 1 0 1 0 1 1 1 0 1 0 1 1 1 0 1 
1 0 1 1 0 1 1 1 1 0 1 1 0 0 1 1 1 0 1 1 0 0 1 1 1 1 0 0 0 0 0 1 1 1 1 1 1 0 1 0 1 1 1 0 0 1 1 0 1 1 1 1 0 1 1 1 1 0 0 1 0 0 1 1 0 1 0 0 0 0 1 1 1 0 1 0 1 1 1 0 0 1 1 0 1 1 0 1 0 1 1 1 0 1 0 1 1 1 0 1 
1 0 1 1 0 1 1 1 1 0 1 1 0 0 1 1 1 0 1 1 0 0 1 1 1 1 0 0 0 0 0 1 1 1 1 0 1 0 1 0 1 0 1 0 0 1 1 0 1 1 1 1 0 1 1 1 1 0 0 1 0 0 1 1 0 1 0 0 0 0 1 1 1 0 1 0 1 1 1 0 0 1 1 0 1 1 0 1 0 1 1 1 0 1 0 1 1 1 0 1 
1 0 1 1 0 1 1 1 1 0 1 1 0 0 1 1 1 0 1 1 0 0 1 1 1 1 0 0 0 0 0 1 1 1 1 0 1 0 1 0 1 0 1 0 0 1 1 0 1 1 1 1 0 1 1 1 1 0 0 1 1 0 1 1 0 1 0 0 0 0 1 1 1 0 1 0 1 1 1 0 0 1 1 0 1 1 0 1 0 1 1 1 0 1 0 1 1 1 0 1 
1 0 1 1 0 1 1 1 1 0 1 1 0 0 1 1 1 0 1 1 0 0 1 1 1 1 0 0 0 0 0 1 1 1 1 0 1 0 1 0 1 0 1 0 0 1 1 0 1 1 0 1 0 1 1 1 1 0 0 1 0 0 1 1 0 1 0 0 0 0 1 1 1 0 1 0 1 1 1 0 0 1 1 0 1 1 0 1 0 1 1 1 0 1 0 1 1 1 0 1 
1 0 1 1 0 1 1 1 1 0 1 1 0 0 1 1 1 0 1 1 0 0 1 1 1 1 0 0 0 0 0 1 1 1 1 0 1 0 1 0 1 0 1 0 0 1 1 0 1 1 0 1 0 1 1 1 1 0 0 1 0 0 1 1 0 1 0 0 0 0 1 1 1 0 1 0 1 1 1 0 0 1 1 0 1 1 0 1 0 1 1 1 0 1 0 1 1 1 0 1 
1 0 1 1 0 1 1 1 1 0 1 1 0 0 1 1 1 0 1 1 0 0 1 1 1 1 0 0 0 0 0 1 1 1 1 0 1 0 1 0 1 0 1 0 0 1 1 0 1 1 1 1 0 1 1 1 1 0 0 1 0 0 1 1 0 1 0 0 0 0 1 1 1 0 1 0 1 1 1 0 0 1 1 0 1 1 0 1 0 1 1 1 0 1 0 1 1 1 0 1 
1 0 1 1 0 1 1 1 1 0 1 1 0 0 1 1 1 0 1 1 0 0 1 1 1 1 0 0 0 0 0 1 1 1 1 0 1 0 1 0 1 0 1 0 0 1 1 0 1 1 1 1 0 1 1 1 1 0 0 1 0 0 1 1 0 1 0 0 0 0 1 1 1 0 1 0 1 1 1 0 0 1 1 0 1 1 0 1 0 1 1 1 0 1 0 1 1 1 0 1 
1 0 1 1 0 1 1 1 1 0 1 1 0 0 1 1 1 0 1 1 0 0 1 1 1 1 0 0 0 0 0 1 1 1 1 0 1 0 1 0 1 0 1 0 0 1 1 0 1 1 0 1 0 1 1 1 1 0 0 1 0 0 1 1 0 1 0 0 0 0 1 1 1 0 1 0 1 1 1 0 0 1 1 0 1 1 0 1 0 1 1 1 0 1 0 1 1 1 0 1 
1 0 1 1 0 1 1 1 1 0 1 1 0 0 1 1 1 0 1 1 0 0 1 1 1 1 0 0 0 0 0 1 1 1 1 0 1 0 1 0 1 0 1 0 0 1 1 0 1 1 0 1 0 1 1 1 1 0 0 1 0 0 1 1 0 1 0 0 0 0 1 1 1 0 1 0 1 1 1 0 0 1 1 0 1 1 0 1 0 1 1 1 0 1 0 1 1 1 0 1 
#TS9
1 0 1 1 0 1 1 1 1 0 1 1 0 0 1 1 1 0 1 1 0 0 1 1 1 1 0 0 0 0 0 1 1 1 1 0 1 0 1 0 1 0 1 0 0 1 1 0 1 1 0 1 0 1 1 1 1 0 0 1 0 0 1 1 0 1 0 0 0 0 1 1 1 0 1 0 1 1 1 0 0 1 1 0 1 1 1 1 0 1 1 1 0 1 0 1 1 1 0 1 
1 0 1 1 0 1 1 0 1 0 1 1 0 0 1 1 1 0 1 1 0 0 1 1 1 1 0 0 0 0 0 1 1 1 1 0 1 0 1 0 1 0 1 0 0 1 1 0 1 1 1 1 0 1 1 1 1 0 0 1 0 1 1 1 0 1 0 0 0 1 1 1 1 0 1 0 1 1 1 0 0 1 0 0 1 1 1 1 1 1 1 1 0 1 0 1 1 1 0 1 
1 0 1 1 0 1 1 0 1 0 1 1 0 0 1 1 1 0 1 1 0 0 1 1 1 1 0 0 0 0 0 1 1 1 1 0 1 0 1 0 1 0 0 0 0 1 1 0 1 1 1 1 0 1 1 1 1 0 0 1 0 1 1 1 0 1 0 0 0 1 1 1 1 0 1 0 1 1 1 0 0 1 0 0 1 0 1 1 1 1 1 1 0 1 0 1 1 1 0 1 
1 0 1 1 0 1 1 0 1 0 1 1 0 0 1 1 1 0 1 1 0 0 1 1 1 1 0 0 0 0 0 1 1 1 1 0 1 0 1 0 1 0 0 0 0 1 1 0 1 1 1 1 0 1 1 1 1 0 0 1 0 1 1 1 0 1 0 0 0 1 1 1 1 0 1 0 1 1 1 1 0 1 0 0 1 0 1 1 1 1 1 1 0 1 0 1 1 1 0 1 
0 0 1 1 0 1 1 0 1 0 1 1 0 0 1 1 1 0 1 1 0 0 1 1 1 1 0 0 0 0 0 1 1 1 1 0 1 0 1 0 1 0 0 0 0 1 1 0 1 1 1 1 0 1 1 1 1 0 0 1 0 1 1 1 0 1 0 0 0 1 1 1 1 0 1 0 1 1 1 1 0 1 0 0 1 0 1 1 0 1 1 1 0 1 0 1 1 1 0 1 
0 0 1 1 0 0 1 0 1 0 1 1 0 0 1 1 1 0 1 1 0 0 1 1 1 1 0 0 0 0 0 1 1 1 1 0 1 0 1 0 1 0 0 0 0 1 1 0 1 1 1 1 0 1 1 1 1 0 0 1 0 1 0 1 0 0 0 0 0 1 1 0 1 0 1 0 1 1 1 1 0 1 0 0 1 0 1 1 0 1 1 1 0 1 0 1 1 1 0 1 
1 0 1 1 0 1 1 0 1 0 1 1 0 0 1 1 1 0 1 1 0 0 1 1 1 1 0 0 0 0 0 1 1 1 1 0 1 0 1 0 1 0 0 0 0 1 1 0 1 1 1 1 0 1 1 1 1 0 0 1 0 1 0 1 0 1 0 0 0 1 1 0 1 0 1 0 1 1 1 1 0 1 0 0 1 0 1 1 0 1 0 1 0 1 0 1 1 1 0 1 
1 0 1 1 0 0 1 0 1 0 1 1 0 0 1 1 1 0 1 1 0 0 1 1 1 1 0 0 0 0 0 1 1 1 1 0 1 0 1 0 1 0 0 0 0 1 1 0 1 1 1 1 0 1 1 1 1 0 0 1 0 1 0 1 0 1 0 0 0 1 1 0 1 0 1 0 1 1 1 1 0 1 0 0 1 0 1 1 0 1 1 1 0 1 0 1 1 1 0 1 
0 0 1 1 0 0 1 0 1 0 1 1 0 0 1 1 1 0 1 1 0 0 1 1 1 1 0 0 0 0 0 1 1 1 1 0 1 0 1 0 1 0 0 0 0 1 1 0 1 1 1 1 0 1 1 1 1 0 0 1 0 1 0 1 0 1 0 0 0 1 1 1 1 0 1 0 1 1 1 1 0 1 0 0 1 0 1 1 0 1 1 1 0 1 0 1 0 1 0 1 
1 0 1 1 0 0 1 0 1 0 1 0 0 0 1 1 1 0 1 1 0 0 1 1 1 1 0 0 0 0 0 1 1 1 1 0 1 0 1 0 1 0 0 0 0 1 1 0 1 1 1 1 0 1 1 1 1 0 0 1 0 1 0 1 0 1 0 0 0 1 1 0 1 0 1 0 1 1 1 1 0 1 0 0 1 0 1 1 0 1 1 1 0 1 0 1 1 1 0 1 
1 0 1 1 0 0 1 0 1 0 1 1 0 0 1 1 1 0 1 1 0 0 1 1 1 1 0 0 0 0 0 1 1 1 1 0 1 0 1 0 1 0 0 0 0 1 1 0 1 1 1 1 0 1 1 1 1 0 0 1 0 1 0 1 0 1 0 0 0 1 1 0 1 0 1 0 1 1 1 0 0 1 0 0 1 0 1 1 0 1 1 1 0 1 0 1 1 1 0 1 
1 0 1 1 0 1 1 1 1 0 1 1 0 0 1 1 1 0 1 1 0 0 1 1 1 1 0 0 0 0 0 1 1 1 1 0 1 0 1 0 1 0 1 0 0 1 1 0 1 1 1 1 0 1 1 1 1 0 0 1 0 0 1 1 0 1 0 0 0 1 1 1 1 0 1 0 1 1 1 0 0 1 1 0 1 1 1 1 0 1 1 1 0 1 0 1 1 1 0 1 
1 0 1 1 0 1 1 1 1 0 1 1 0 0 1 1 1 0 1 1 0 0 1 1 1 1 0 0 0 0 0 1 1 1 1 0 1 0 1 0 1 0 1 0 0 1 1 0 1 1 0 1 0 1 1 1 1 0 0 1 0 0 1 1 0 1 0 0 0 0 1 1 1 0 1 0 1 1 1 0 0 1 1 0 1 1 1 1 0 1 1 1 0 1 0 1 1 1 0 1 
1 0 1 1 0 1 1 1 1 0 1 1 0 0 1 1 1 0 1 1 0 0 1 1 1 1 0 0 0 0 0 1 1 1 1 0 1 0 1 0 1 0 1 0 0 1 1 0 1 1 0 1 0 1 1 1 1 0 0 1 0 0 1 1 0 1 0 0 0 0 1 1 1 0 1 0 1 1 1 0 0 1 1 0 1 1 1 1 0 1 1 1 1 1 0 1 1 1 0 1 
1 0 1 1 0 1 1 1 1 0 1 1 0 0 1 1 1 0 1 1 0 0 1 1 1 1 0 0 0 0 0 1 1 1 1 0 1 0 1 0 1 0 1 0 0 1 1 0 1 1 0 1 0 1 1 1 1 0 0 1 0 0 1 1 0 1 0 0 0 0 1 1 1 0 1 0 1 1 1 0 0 1 1 0 1 1 1 1 0 1 1 1 1 1 0 1 1 1 0 1 
1 0 1 1 0 1 1 1 1 0 1 1 0 0 1 1 1 0 1 1 0 0 1 1 1 1 0 0 0 0 0 1 1 1 1 0 1 0 1 0 1 0 1 0 0 1 1 0 1 1 0 1 0 1 1 1 1 0 0 1 0 0 1 1 0 1 0 0 0 0 1 1 1 0 1 0 1 1 1 0 0 1 1 0 1 1 1 1 1 1 1 1 1 1 0 1 1 1 0 1 
1 0 1 1 0 1 1 1 1 0 1 1 0 0 1 1 1 0 1 1 0 0 1 1 1 1 0 0 0 0 0 1 1 1 1 0 1 0 1 0 1 0 1 0 0 1 1 0 1 1 0 1 0 1 1 1 1 0 0 1 0 0 1 1 0 1 0 0 0 0 1 1 1 0 1 0 1 1 1 0 0 1 1 0 1 1 1 1 1 1 1 1 0 1 0 1 1 1 0 1 
1 0 1 1 0 1 1 1 1 0 1 1 0 0 1 1 1 0 1 1 0 0 1 1 1 1 0 0 0 0 0 1 1 1 1 0 1 0 1 0 1 0 1 0 0 1 1 0 1 1 0 1 0 1 1 1 1 0 0 1 0 0 1 1 0 1 0 0 0 0 1 1 1 0 1 0 1 1 1 0 0 1 1 0 1 1 1 1 1 1 1 1 0 1 0 1 1 1 0 1 
1 0 1 1 0 1 1 1 1 0 1 1 0 0 1 1 1 0 1 1 0 0 1 1 1 1 0 0 0 0 0 1 1 1 1 0 1 0 1 0 1 0 1 0 0 1 1 0 1 1 0 1 0 1 1 1 1 0 0 1 0 0 1 1 0 1 0 0 0 0 1 1 1 0 1 0 1 1 1 0 0 1 1 0 1 1 1 1 1 1 1 1 0 1 0 1 1 1 0 1 
1 0 1 1 0 1 1 1 1 0 1 1 0 0 1 1 1 0 1 1 0 0 1 1 1 1 0 0 0 0 0 1 1 1 1 0 1 0 1 0 1 0 1 0 0 1 1 0 1 1 0 1 0 1 1 1 1 0 0 1 0 0 1 1 0 1 0 0 0 0 1 1 1 0 1 0 1 1 1 0 0 1 1 0 1 1 1 1 1 1 1 1 0 1 0 1 1 1 0 1 
1 0 1 1 0 1 1 1 1 0 1 1 0 0 1 1 1 0 1 1 0 0 1 1 1 1 0 0 0 0 0 1 1 1 1 0 1 0 1 0 1 0 1 0 0 1 1 0 1 1 0 1 0 1 1 1 1 0 0 1 0 0 1 1 0 1 0 0 0 0 1 1 1 0 1 0 1 1 1 0 0 1 1 0 1 1 1 1 1 1 1 1 0 1 0 1 1 1 0 1 
#TS10
1 0 1 1 0 1 1 1 1 0 1 1 0 0 1 1 1 0 1 1 0 0 1 1 1 1 0 0 0 0 0 1 1 1 1 0 1 0 1 0 1 0 1 0 0 1 1 0 1 1 0 1 0 1 1 1 1 0 0 1 0 0 1 1 0 1 0 0 0 0 1 1 1 0 1 0 1 1 1 0 0 1 1 0 1 1 1 1 1 1 1 1 0 1 0 1 1 1 0 1 
1 0 1 1 0 1 1 1 1 0 1 1 0 0 1 1 1 0 1 1 0 0 1 1 1 1 0 0 0 0 0 1 1 1 1 0 1 0 1 0 1 0 1 0 0 1 1 0 1 1 0 1 0 1 1 1 1 0 0 1 0 0 1 1 0 1 0 0 0 1 1 1 1 0 1 0 1 1 1 0 0 1 1 0 1 1 1 1 1 1 1 0 0 1 0 1 1 1 0 1 
1 0 1 1 0 1 1 1 1 0 1 1 0 0 1 1 1 0 1 1 0 0 1 1 1 1 0 0 1 0 0 1 1 1 1 0 1 0 1 0 1 0 1 0 0 1 1 0 1 1 0 1 0 1 1 1 1 1 0 1 0 0 1 1 0 1 0 0 0 1 1 1 1 0 1 0 1 1 1 0 0 1 1 0 0 1 0 1 1 1 1 0 0 1 0 1 1 1 0 1 
1 0 1 1 0 1 1 1 1 0 1 1 0 0 1 1 1 0 1 1 0 0 1 1 1 1 0 0 1 0 0 1 1 1 1 0 1 0 1 0 1 0 1 0 0 1 1 0 1 1 1 1 0 1 1 1 1 0 0 1 1 0 1 1 0 1 0 0 0 1 1 1 1 0 1 0 1 1 1 0 0 1 1 0 0 1 1 1 0 1 1 0 0 1 0 1 1 1 0 1 
1 0 1 1 0 1 1 1 1 0 1 1 0 0 1 1 1 0 1 1 0 0 1 1 1 1 0 0 1 0 0 1 1 1 1 0 1 0 1 0 1 0 1 0 0 1 1 0 1 1 1 1 0 1 1 1 1 0 0 1 1 0 1 1 0 1 0 0 0 1 1 1 1 0 1 0 1 1 1 0 0 1 1 0 0 1 0 1 0 1 1 0 0 1 0 1 1 1 0 1 
1 0 1 1 0 1 1 1 1 0 1 1 0 0 1 1 1 0 1 1 1 0 1 1 1 1 0 0 1 0 0 1 1 1 1 0 1 0 1 0 1 0 1 0 0 1 1 0 1 1 1 1 0 1 1 1 1 0 0 1 1 0 1 1 0 1 0 0 0 1 1 1 1 0 1 0 1 1 1 0 0 1 1 0 0 1 0 1 0 1 1 0 0 1 0 1 1 1 0 1 
1 0 1 1 0 1 1 1 1 0 1 1 0 0 1 1 1 0 1 1 0 0 1 1 1 1 0 0 1 0 0 1 1 1 1 0 1 0 1 0 1 1 1 0 0 1 1 0 1 1 1 1 0 1 1 1 1 1 0 1 1 0 1 1 0 1 0 0 0 1 1 1 1 0 1 0 1 1 1 0 0 1 1 0 0 1 0 1 0 1 1 0 0 1 0 1 1 1 0 1 
1 0 1 1 0 1 1 1 1 0 1 1 0 0 1 1 1 0 1 1 0 0 1 1 1 1 0 0 1 0 0 1 1 1 1 0 1 0 1 0 1 0 1 0 0 1 1 0 1 1 1 1 0 1 1 1 1 0 0 1 1 0 1 1 0 1 0 0 0 1 1 1 1 0 1 0 1 1 1 0 0 1 1 0 0 1 0 1 0 1 1 0 0 1 0 1 1 1 0 1 
1 0 1 1 0 1 1 1 1 0 1 1 0 0 1 1 1 0 1 1 0 0 1 1 1 1 0 0 1 0 1 1 1 1 1 0 1 0 1 0 1 0 1 0 0 1 0 0 1 1 1 1 0 1 1 1 1 1 0 1 1 0 1 1 0 1 0 0 0 1 1 1 1 0 1 0 1 1 1 0 0 1 1 0 0 1 0 1 0 1 1 0 0 1 0 1 1 1 0 1 
1 0 1 1 0 1 1 1 1 0 1 1 0 0 1 1 1 0 1 1 0 0 1 1 1 1 0 0 1 0 0 1 1 1 1 0 1 0 1 0 1 0 1 0 0 1 0 0 1 1 1 1 0 1 1 1 1 1 0 1 1 0 1 1 1 1 0 0 0 1 1 1 1 0 1 0 1 1 1 0 0 1 1 0 0 1 0 1 0 1 1 0 0 1 0 1 1 1 0 1 
1 0 1 1 0 1 1 1 1 0 1 1 0 0 1 1 1 0 1 1 0 0 1 1 1 1 1 0 1 0 1 1 1 1 1 1 1 0 1 0 1 0 1 0 0 1 0 0 1 1 1 1 0 1 1 1 1 0 0 1 1 0 1 1 0 1 0 0 0 1 1 1 1 0 1 0 1 1 1 0 0 1 1 0 0 1 0 1 0 1 1 0 0 1 0 1 1 1 0 1 
1 0 1 1 0 1 1 1 1 0 1 1 0 0 1 1 1 0 1 1 0 0 1 1 1 1 0 0 1 0 0 1 1 1 1 0 1 0 1 0 1 0 1 0 0 1 0 0 1 1 1 1 0 1 1 1 1 1 0 1 1 0 1 1 0 1 0 0 0 1 1 1 1 0 1 0 1 1 1 0 0 1 1 0 1 1 0 1 0 1 1 1 0 1 0 1 1 1 0 1 
1 0 1 1 0 1 1 1 1 0 1 1 0 0 1 1 1 0 1 1 0 0 1 1 1 1 0 0 0 0 0 1 1 1 1 0 1 0 1 0 1 0 1 0 0 1 0 0 1 1 1 1 0 1 1 1 1 1 0 1 1 0 1 1 0 1 0 0 0 0 1 1 1 0 1 0 1 1 1 0 0 1 1 0 1 1 0 1 0 1 1 1 0 1 0 1 1 1 0 1 
1 0 1 1 0 1 1 1 1 0 1 1 0 0 1 1 1 0 1 1 0 0 1 1 1 1 0 0 0 0 0 1 1 1 1 0 1 0 1 0 1 0 1 0 0 1 0 0 1 1 1 1 0 1 1 1 1 0 0 1 1 0 1 1 0 1 0 0 0 0 1 1 1 0 1 0 1 1 1 0 0 1 1 0 1 1 0 1 0 1 1 1 0 1 0 1 1 1 0 1 
1 0 1 1 0 1 1 1 1 0 1 1 0 0 1 1 1 0 1 1 0 0 1 1 1 1 0 0 0 0 0 1 1 1 1 0 1 0 1 0 1 0 1 0 0 1 0 0 1 1 0 1 0 1 1 1 1 0 0 1 1 0 1 1 0 1 0 0 0 0 1 1 1 0 1 0 1 1 1 0 0 1 1 0 1 1 0 1 0 1 1 1 0 1 0 1 1 1 0 1 
1 0 1 1 0 1 1 1 1 0 1 1 0 0 1 1 1 0 1 1 0 0 1 1 1 1 0 0 0 0 0 1 1 1 1 0 1 0 1 0 1 0 1 0 0 1 1 0 1 1 0 1 0 1 1 1 1 0 0 1 0 0 1 1 0 1 0 0 0 0 1 1 1 0 1 0 1 1 1 0 0 1 1 0 1 1 0 1 0 1 1 1 0 1 0 1 1 1 0 1 
1 0 1 1 0 1 1 1 1 0 1 1 0 0 1 1 1 0 1 1 0 0 1 1 1 1 0 0 0 0 0 1 1 1 1 0 1 0 1 0 1 0 1 0 0 1 1 0 1 1 0 1 0 1 1 1 1 0 0 1 1 0 1 1 0 1 0 0 0 0 1 1 1 0 1 0 1 1 1 0 0 1 1 0 1 1 0 1 0 1 1 1 0 1 0 1 1 1 0 1 
1 0 1 1 0 1 1 1 1 0 1 1 0 0 1 1 1 0 1 1 0 0 1 1 1 1 0 0 0 0 0 1 1 1 1 0 1 0 1 0 1 0 1 0 0 1 1 0 1 1 0 1 0 1 1 1 1 0 0 1 0 0 1 1 0 1 0 0 0 0 1 1 1 0 1 0 1 1 1 0 0 1 1 0 1 1 0 1 0 1 1 1 0 1 0 1 1 1 0 1 
1 0 1 1 0 1 1 1 1 0 1 1 0 0 1 1 1 0 1 1 0 0 1 1 1 1 0 0 0 0 0 1 1 1 1 0 1 0 1 0 1 0 1 0 0 1 1 0 1 1 0 1 0 1 1 1 1 0 0 1 0 0 1 1 0 1 0 0 0 0 1 1 1 0 1 0 1 1 1 0 0 1 1 0 1 1 0 1 0 1 1 1 0 1 0 1 1 1 0 1 
1 0 1 1 0 1 1 1 1 0 1 1 0 0 1 1 1 0 1 1 0 0 1 1 1 1 0 0 0 0 0 1 1 1 1 0 1 0 1 0 1 0 1 0 0 1 1 0 1 1 0 1 0 1 1 1 1 0 0 1 0 0 1 1 0 1 0 0 0 0 1 1 1 0 1 0 1 1 1 0 0 1 1 0 1 1 1 1 0 1 1 1 0 1 0 1 1 1 0 1 
1 0 1 1 0 1 1 1 1 0 1 1 0 0 1 1 1 0 1 1 0 0 1 1 1 1 0 0 0 0 0 1 1 1 1 0 1 0 1 0 1 0 1 0 0 1 1 0 1 1 0 1 0 1 1 1 1 1 0 1 0 0 1 1 0 1 0 0 0 0 1 1 1 0 1 0 1 1 1 0 0 1 1 0 1 1 1 1 0 1 1 1 0 1 0 1 1 1 0 1 
#TS11
0 1 1 1 0 0 1 1 1 0 1 1 0 0 1 1 1 0 1 1 0 0 1 1 1 1 0 0 0 0 0 1 1 1 1 0 1 0 1 0 1 0 1 0 0 1 1 0 1 1 0 1 0 1 1 1 1 0 0 1 0 0 1 1 0 1 0 0 0 0 1 1 1 0 1 0 1 1 1 0 0 1 1 0 1 1 1 1 0 1 1 1 0 1 0 1 1 1 0 1 
0 1 1 1 0 0 1 1 1 0 1 1 0 0 1 1 1 0 1 1 0 0 1 1 1 1 0 0 0 0 0 1 1 1 1 0 1 0 1 0 1 0 1 0 0 1 1 0 1 1 0 1 0 1 1 1 1 0 0 1 0 0 1 1 0 1 0 0 0 0 1 1 1 0 1 0 1 1 1 0 0 1 1 0 1 1 1 1 0 1 1 1 0 1 0 1 1 1 0 1 
#TS12
1 0 1 1 0 1 1 1 1 0 1 1 0 0 1 1 1 0 1 1 0 0 1 1 1 1 0 0 0 0 0 1 1 1 1 0 1 0 1 0 1 0 1 0 0 1 1 0 1 1 0 1 0 1 1 1 1 0 0 1 0 0 1 1 0 1 0 0 0 0 1 1 1 0 1 0 1 1 1 0 0 1 1 0 1 1 1 1 0 1 1 1 0 1 0 1 1 1 0 1 
1 0 1 1 0 1 1 1 1 0 1 1 0 0 1 1 1 0 1 1 0 0 1 1 1 1 0 0 0 0 0 1 1 1 1 0 1 0 1 0 1 0 1 0 0 1 1 0 1 1 0 1 0 1 1 1 1 0 0 1 0 0 1 1 0 1 0 0 0 0 1 1 1 0 1 0 1 1 1 0 0 1 1 0 1 1 1 1 0 1 1 1 0 1 0 1 1 1 0 1 
#TS13
1 0 0 1 0 1 1 1 1 0 1 1 0 0 1 1 1 0 1 1 0 0 1 1 1 1 0 0 0 0 0 1 1 1 1 0 1 0 1 0 1 0 1 0 0 1 1 0 1 1 0 1 0 1 1 1 1 1 0 1 0 0 1 1 0 1 0 0 0 0 1 1 1 0 1 0 1 1 1 0 0 1 1 0 1 1 1 1 0 1 1 1 0 1 0 1 1 1 0 1 
1 0 0 1 0 1 1 1 1 0 1 1 0 0 1 1 1 0 1 1 0 0 1 1 1 1 0 0 0 0 0 1 1 1 1 0 1 0 1 0 1 0 1 0 0 1 1 0 1 1 0 1 0 1 1 1 1 1 0 1 0 0 1 1 0 1 0 0 0 0 1 1 1 0 1 0 1 1 1 0 0 1 1 0 1 1 1 1 0 1 1 1 0 1 0 1 1 1 0 1 
#TS14
1 0 1 0 0 1 1 1 1 0 1 1 0 0 1 1 1 0 1 1 0 0 1 1 1 1 0 0 0 0 0 1 1 1 1 0 1 0 1 0 1 0 1 0 0 1 1 0 1 1 0 1 0 1 1 1 1 0 0 1 0 0 1 1 0 1 0 0 0 0 1 1 1 0 1 0 1 1 1 0 0 0 1 0 1 1 1 1 0 1 1 1 0 1 0 1 1 1 0 1 
1 0 1 0 0 1 1 1 1 0 1 1 0 0 1 1 1 0 1 1 0 0 1 1 1 1 0 0 0 0 0 1 1 1 1 0 1 0 1 0 1 0 1 0 0 1 1 0 1 1 0 1 0 1 1 1 1 0 0 1 0 0 1 1 0 1 0 0 0 0 1 1 1 0 1 0 1 1 1 0 0 0 1 0 1 1 1 1 0 1 1 1 0 1 0 1 1 1 0 1 
#TS15
1 0 1 1 0 1 1 1 1 0 1 1 0 0 1 1 1 0 1 1 0 0 1 1 1 1 0 0 0 0 0 1 1 1 1 0 1 0 1 0 1 0 1 0 0 1 1 0 1 1 0 1 0 1 1 1 1 0 0 1 0 0 1 1 0 1 0 0 0 0 1 1 1 0 1 0 1 1 1 0 0 1 1 0 1 1 1 1 0 1 1 1 0 1 0 1 1 1 0 1 
1 0 1 1 0 1 1 1 1 0 1 1 0 0 1 1 1 0 1 1 0 0 1 1 1 1 0 0 0 0 0 1 1 1 1 0 1 0 1 0 1 0 1 0 0 1 1 0 1 1 0 1 0 1 1 1 1 0 0 1 0 0 1 1 0 1 0 0 0 0 1 1 1 0 1 0 1 1 1 0 0 1 1 0 1 1 1 1 0 1 1 1 0 1 0 1 1 1 0 1 
#TS16
1 0 1 1 0 0 1 1 1 0 1 1 0 0 1 1 1 0 1 1 0 0 1 1 1 1 0 0 0 0 0 1 1 1 1 0 1 0 1 0 1 0 1 0 0 1 1 0 1 1 0 1 0 1 1 1 1 0 0 1 0 0 1 1 0 1 0 0 0 0 1 1 1 0 1 0 1 1 1 0 0 1 1 0 1 1 1 1 0 1 1 1 0 1 0 1 1 1 0 1 
1 0 1 1 0 0 1 1 1 0 1 1 0 0 1 1 1 0 1 1 0 0 1 1 1 1 0 0 0 0 0 1 1 1 1 0 1 0 1 0 1 0 1 0 0 1 1 0 1 1 0 1 0 1 1 1 1 0 0 1 0 0 1 1 0 1 0 0 0 0 1 1 1 0 1 0 1 1 1 0 0 1 1 0 1 1 1 1 0 1 1 1 0 1 0 1 1 1 0 1 
#TS17
1 0 1 1 0 1 0 1 1 0 1 1 0 0 1 1 1 0 1 1 0 0 1 1 1 1 0 0 0 0 0 1 1 1 1 0 1 0 1 0 1 0 1 0 0 1 1 0 1 1 0 1 0 1 1 1 1 0 0 1 0 0 1 1 0 1 0 0 0 0 1 1 1 0 1 0 1 1 1 0 0 1 1 0 1 1 0 1 0 1 1 1 0 1 0 1 1 1 0 1 
1 0 1 1 0 1 0 1 1 0 1 1 0 0 1 1 1 0 1 1 0 0 1 1 1 1 0 0 0 0 0 1 1 1 1 0 1 0 1 0 1 0 1 0 0 1 1 0 1 1 0 1 0 1 1 1 1 0 0 1 0 0 1 1 0 1 0 0 0 0 1 1 1 0 1 0 1 1 1 0 0 1 1 0 1 1 0 1 0 1 1 1 0 1 0 1 1 1 0 1 
#TS18
0 1 1 1 0 0 1 0 1 0 1 1 0 0 1 1 1 0 1 1 0 0 1 1 1 1 0 0 0 0 0 1 1 1 1 0 1 0 1 0 1 0 1 0 0 1 1 0 1 1 0 1 0 1 1 1 1 0 0 1 0 0 1 1 0 1 0 0 0 0 1 1 1 0 1 0 1 1 1 1 0 1 1 0 1 1 0 1 0 1 1 1 0 1 0 1 1 1 0 1 
0 1 1 1 0 0 1 0 1 0 1 1 0 0 1 1 1 0 1 1 0 0 1 1 1 1 0 0 0 0 0 1 1 1 1 0 1 0 1 0 1 0 1 0 0 1 1 0 1 1 0 1 0 1 1 1 1 0 0 1 0 0 1 1 0 1 0 0 0 0 1 1 1 0 1 0 1 1 1 1 0 1 1 0 1 1 0 1 0 1 1 1 0 1 0 1 1 1 0 1 
#TS19
1 0 1 1 0 1 1 1 0 1 1 1 0 0 1 1 1 0 1 1 0 0 1 1 1 1 0 0 0 0 0 1 1 1 1 0 1 0 1 0 1 0 1 0 0 1 1 0 1 1 1 1 0 1 1 1 1 0 0 1 1 0 1 1 0 1 0 0 0 0 1 1 1 0 1 0 1 1 1 0 0 1 1 0 1 1 1 1 0 1 1 1 0 1 0 1 1 1 0 1 
1 0 1 1 0 1 1 1 0 1 1 1 0 0 1 1 1 0 1 1 0 0 1 1 1 1 0 0 0 0 0 1 1 1 1 0 1 0 1 0 1 0 1 0 0 1 1 0 1 1 1 1 0 1 1 1 1 0 0 1 1 0 1 1 0 1 0 0 0 0 1 1 1 0 1 0 1 1 1 0 0 1 1 0 1 1 1 1 0 1 1 1 0 1 0 1 1 1 0 1 
#TS20
1 0 1 1 0 1 1 1 1 0 1 1 0 0 1 1 1 0 1 1 0 0 1 1 1 1 0 0 0 0 0 1 1 1 1 0 1 0 1 0 1 0 1 0 0 1 1 0 1 1 0 1 0 1 1 1 1 0 0 1 0 0 1 1 0 1 0 0 0 0 1 1 1 0 1 0 1 1 1 0 0 1 1 0 1 1 1 1 0 1 1 1 0 1 0 1 1 1 0 1 
1 0 1 1 0 1 1 1 1 0 1 1 0 0 1 1 1 0 1 1 0 0 1 1 1 1 0 0 0 0 0 1 1 1 1 0 1 0 1 0 1 0 1 0 0 1 1 0 1 1 0 1 0 1 1 1 1 0 0 1 0 0 1 1 0 1 0 0 0 0 1 1 1 0 1 0 1 1 1 0 0 1 1 0 1 1 1 1 0 1 1 1 0 1 0 1 1 1 0 1 
#TS21
1 0 1 1 0 1 1 1 1 0 0 1 0 0 1 1 1 0 1 1 0 0 1 1 1 1 0 0 0 0 0 1 1 1 1 0 1 0 1 0 1 0 1 0 0 1 1 0 1 1 0 1 0 1 1 1 1 0 0 1 0 0 1 1 0 1 0 0 0 0 1 1 1 0 1 0 1 1 1 0 0 1 1 0 1 1 1 1 0 1 1 1 0 1 0 1 1 1 0 1 
1 0 1 1 0 1 1 1 1 0 0 1 0 0 1 1 1 0 1 1 0 0 1 1 1 1 0 0 0 0 0 1 1 1 1 0 1 0 1 0 1 0 1 0 0 1 1 0 1 1 0 1 0 1 1 1 1 0 0 1 0 0 1 1 0 1 0 0 0 0 1 1 1 0 1 0 1 1 1 0 0 1 1 0 1 1 1 1 0 1 1 1 0 1 0 1 1 1 0 1 
#TS22
1 0 1 1 0 1 1 1 1 0 1 0 0 0 1 1 1 0 1 1 0 0 1 1 1 1 0 0 0 0 0 1 1 1 1 0 1 0 1 0 1 0 1 0 0 1 1 0 1 1 0 1 0 1 1 1 1 0 0 1 0 0 1 1 0 1 0 0 0 0 1 1 1 0 1 0 1 1 1 0 0 1 1 0 1 1 1 1 0 1 1 1 0 1 0 1 1 1 0 1 
1 0 1 1 0 1 1 1 1 0 1 0 0 0 1 1 1 0 1 1 0 0 1 1 1 1 0 0 0 0 0 1 1 1 1 0 1 0 1 0 1 0 1 0 0 1 1 0 1 1 0 1 0 1 1 1 1 0 0 1 0 0 1 1 0 1 0 0 0 0 1 1 1 0 1 0 1 1 1 0 0 1 1 0 1 1 1 1 0 1 1 1 0 1 0 1 1 1 0 1 
#TS23
1 0 1 1 0 1 1 1 1 0 1 1 0 0 1 1 1 0 1 1 0 0 1 1 1 1 0 0 0 0 0 1 1 1 1 0 1 0 1 0 1 0 1 0 0 1 1 0 1 1 0 1 0 1 1 1 1 0 0 1 0 0 1 1 0 1 0 0 0 0 1 1 1 0 1 0 1 1 1 0 0 1 1 0 1 1 1 1 1 1 1 1 0 1 0 1 1 1 0 1 
1 0 1 1 0 1 1 1 1 0 1 1 0 0 1 1 1 0 1 1 0 0 1 1 1 1 0 0 0 0 0 1 1 1 1 0 1 0 1 0 1 0 1 0 0 1 1 0 1 1 0 1 0 1 1 1 1 0 0 1 0 0 1 1 0 1 0 0 0 0 1 1 1 0 1 0 1 1 1 0 0 1 1 0 1 1 1 1 1 1 1 1 0 1 0 1 1 1 0 1 
#TS24
1 0 1 1 0 1 1 1 1 0 1 1 0 0 1 1 1 0 1 1 0 0 1 1 1 1 0 0 0 0 0 1 1 1 1 0 1 0 1 0 1 0 1 0 0 1 1 0 1 1 0 1 0 1 1 1 1 0 0 1 0 0 1 1 0 1 0 0 0 0 1 1 1 0 1 0 1 1 1 0 0 1 1 0 1 1 0 1 0 1 1 1 0 1 0 1 1 1 0 1 
1 0 1 1 0 1 1 1 1 0 1 1 0 0 1 1 1 0 1 1 0 0 1 1 1 1 0 0 0 0 0 1 1 1 1 0 1 0 1 0 1 0 1 0 0 1 1 0 1 1 0 1 0 1 1 1 1 0 0 1 0 0 1 1 0 1 0 0 0 0 1 1 1 0 1 0 1 1 1 0 0 1 1 0 1 1 0 1 0 1 1 1 0 1 0 1 1 1 0 1 
#TS25
1 0 1 1 0 1 1 1 1 0 1 1 0 0 0 1 1 0 1 1 0 0 1 1 1 1 0 0 0 0 0 1 1 1 1 0 1 0 1 0 1 0 1 0 0 1 1 0 1 1 0 1 0 1 1 1 1 0 0 1 0 0 1 1 0 1 0 0 0 0 1 1 1 0 1 0 1 1 1 0 0 1 1 0 1 1 1 1 1 1 1 1 0 1 0 1 1 1 0 1 
1 0 1 1 0 1 1 1 1 0 1 1 0 0 0 1 1 0 1 1 0 0 1 1 1 1 0 0 0 0 0 1 1 1 1 0 1 0 1 0 1 0 1 0 0 1 1 0 1 1 0 1 0 1 1 1 1 0 0 1 0 0 1 1 0 1 0 0 0 0 1 1 1 0 1 0 1 1 1 0 0 1 1 0 1 1 1 1 1 1 1 1 0 1 0 1 1 1 0 1 
#TS26
1 0 1 1 0 1 1 1 1 0 1 1 0 0 1 0 1 0 1 1 0 0 1 1 1 1 0 0 0 0 0 1 1 1 1 0 1 0 1 0 1 0 1 0 0 1 1 0 1 1 1 1 0 1 1 1 1 0 0 1 0 0 1 1 0 1 0 0 0 0 1 1 1 0 1 0 1 1 1 0 0 1 1 0 1 1 0 1 0 1 1 1 0 1 0 1 1 1 0 1 
1 0 1 1 0 1 1 1 1 0 1 1 0 0 1 0 1 0 1 1 0 0 1 1 1 1 0 0 0 0 0 1 1 1 1 0 1 0 1 0 1 0 1 0 0 1 1 0 1 1 1 1 0 1 1 1 1 0 0 1 0 0 1 1 0 1 0 0 0 0 1 1 1 0 1 0 1 1 1 0 0 1 1 0 1 1 0 1 0 1 1 1 0 1 0 1 1 1 0 1 
#TS27
1 0 1 1 0 1 0 1 1 0 1 1 0 0 1 1 0 0 1 1 0 0 1 1 1 1 0 0 0 0 0 1 0 1 1 0 1 0 1 0 1 0 1 1 0 1 1 0 1 1 0 1 0 1 1 0 1 0 0 1 0 0 1 0 0 1 0 0 0 0 1 1 1 0 1 0 1 1 1 0 0 1 1 0 1 1 1 1 0 1 1 1 1 0 1 0 1 1 0 1 
1 0 1 1 0 1 0 1 1 0 1 1 0 0 1 1 0 0 1 1 0 0 1 1 1 1 0 0 0 0 0 1 0 1 1 0 1 0 1 0 1 0 1 1 0 1 1 0 1 1 0 1 0 1 1 0 1 0 0 1 0 0 1 0 0 1 0 0 0 0 1 1 1 0 1 0 1 1 1 0 0 1 1 0 1 1 1 1 0 1 1 1 1 0 1 0 1 1 0 1 
#TS28
1 0 1 1 0 1 1 1 1 0 1 1 0 0 1 1 1 0 1 1 0 0 1 1 1 1 0 0 0 0 0 1 1 1 1 0 1 0 1 0 1 0 1 0 0 1 1 0 1 1 0 1 0 1 1 1 1 0 0 1 0 0 1 1 0 1 0 0 0 0 1 1 1 0 1 0 1 1 1 0 0 1 1 0 1 1 1 1 0 1 1 1 0 1 0 1 1 1 0 1 
1 0 1 1 0 1 1 1 1 0 1 1 0 0 1 1 1 0 1 1 0 0 1 1 1 1 0 0 0 0 0 1 1 1 1 0 1 0 1 0 1 0 1 0 0 1 1 0 1 1 0 1 0 1 1 1 1 0 0 1 0 0 1 1 0 1 0 0 0 0 1 1 1 0 1 0 1 1 1 0 0 1 1 0 1 1 1 1 0 1 1 1 0 1 0 1 1 1 0 1 
#TS29
1 0 1 1 0 1 1 1 1 0 1 1 0 0 1 1 1 0 0 1 0 0 1 1 1 1 0 0 0 0 0 1 1 1 1 0 1 0 1 0 1 0 1 0 0 1 1 0 1 1 0 1 0 1 1 1 1 0 0 1 0 0 1 1 0 1 0 0 0 0 1 1 1 0 1 0 1 1 1 0 0 1 1 0 1 1 0 1 0 1 1 1 0 1 0 1 1 1 0 1 
1 0 1 1 0 1 1 1 1 0 1 1 0 0 1 1 1 0 0 1 0 0 1 1 1 1 0 0 0 0 0 1 1 1 1 0 1 0 1 0 1 0 1 0 0 1 1 0 1 1 0 1 0 1 1 1 1 0 0 1 0 0 1 1 0 1 0 0 0 0 1 1 1 0 1 0 1 1 1 0 0 1 1 0 1 1 0 1 0 1 1 1 0 1 0 1 1 1 0 1 
#TS30
1 0 1 1 0 1 1 1 1 0 1 1 0 0 1 1 1 0 1 0 0 0 1 1 1 1 0 0 0 0 0 1 1 1 1 0 1 0 1 0 1 0 1 0 0 1 1 0 1 1 0 1 0 1 1 1 1 0 0 1 0 0 1 1 0 1 0 0 0 0 1 1 1 0 1 0 1 1 1 0 0 1 1 0 1 1 0 1 0 1 1 1 0 1 0 1 1 1 0 1 
1 0 1 1 0 1 1 1 1 0 1 1 0 0 1 1 1 0 1 0 0 0 1 1 1 1 0 0 0 0 0 1 1 1 1 0 1 0 1 0 1 0 1 0 0 1 1 0 1 1 0 1 0 1 1 1 1 0 0 1 0 0 1 1 0 1 0 0 0 0 1 1 1 0 1 0 1 1 1 0 0 1 1 0 1 1 0 1 0 1 1 1 0 1 0 1 1 1 0 1 
#TS31
1 0 1 1 0 1 1 1 1 0 1 1 0 0 1 1 1 0 1 1 0 0 1 1 1 1 0 0 0 0 0 1 1 1 1 0 1 0 1 0 1 0 1 0 0 1 1 0 1 1 1 1 0 1 1 1 1 0 0 1 0 0 1 1 0 1 0 0 0 0 1 1 1 0 1 0 1 1 1 0 0 1 1 0 1 1 0 1 0 1 1 1 0 1 0 1 1 1 0 1 
1 0 1 1 0 1 1 1 1 0 1 1 0 0 1 1 1 0 1 1 0 0 1 1 1 1 0 0 0 0 0 1 1 1 1 0 1 0 1 0 1 0 1 0 0 1 1 0 1 1 1 1 0 1 1 1 1 0 0 1 0 0 1 1 0 1 0 0 0 0 1 1 1 0 1 0 1 1 1 0 0 1 1 0 1 1 0 1 0 1 1 1 0 1 0 1 1 1 0 1 
#TS32
1 0 1 1 0 1 0 1 1 0 1 1 0 0 1 1 0 0 1 1 0 0 1 1 1 1 0 0 0 0 0 1 0 0 1 0 1 0 1 0 1 0 1 1 0 1 1 0 1 1 0 1 0 1 1 1 1 0 0 1 0 0 1 0 0 1 0 0 0 0 1 1 1 0 1 0 1 1 1 0 0 1 1 0 1 1 1 1 1 1 1 1 1 0 1 0 1 1 0 1 
1 0 1 1 0 1 0 1 1 0 1 1 0 0 1 1 0 0 1 1 0 0 1 1 1 1 0 0 0 0 0 1 0 0 1 0 1 0 1 0 1 0 1 1 0 1 1 0 1 1 0 1 0 1 1 1 1 0 0 1 0 0 1 0 0 1 0 0 0 0 1 1 1 0 1 0 1 1 1 0 0 1 1 0 1 1 1 1 1 1 1 1 1 0 1 0 1 1 0 1 
#TS33
1 0 1 1 0 1 1 1 1 0 1 1 0 0 1 1 1 0 1 1 0 0 0 1 1 1 0 0 0 0 0 1 1 1 1 0 1 0 1 0 1 0 1 0 0 1 1 0 1 1 0 1 0 1 1 1 1 0 0 1 0 0 1 1 0 1 0 0 0 0 1 1 1 0 1 0 1 1 1 0 0 1 1 0 1 1 0 1 0 1 1 1 0 1 0 1 1 1 0 1 
1 0 1 1 0 1 1 1 1 0 1 1 0 0 1 1 1 0 1 1 0 0 0 1 1 1 0 0 0 0 0 1 1 1 1 0 1 0 1 0 1 0 1 0 0 1 1 0 1 1 0 1 0 1 1 1 1 0 0 1 0 0 1 1 0 1 0 0 0 0 1 1 1 0 1 0 1 1 1 0 0 1 1 0 1 1 0 1 0 1 1 1 0 1 0 1 1 1 0 1 
#TS34
1 0 1 1 0 1 1 1 1 0 1 1 0 0 0 1 1 0 1 1 0 0 1 0 1 1 0 0 0 0 0 1 1 1 1 0 1 0 1 0 1 0 1 0 0 1 1 0 1 1 0 1 0 1 1 1 1 0 0 1 0 0 1 1 0 1 0 0 0 0 1 1 1 0 1 0 1 1 1 0 0 1 1 0 1 1 1 1 0 1 1 1 0 1 0 1 1 1 0 1 
1 0 1 1 0 1 1 1 1 0 1 1 0 0 0 1 1 0 1 1 0 0 1 0 1 1 0 0 0 0 0 1 1 1 1 0 1 0 1 0 1 0 1 0 0 1 1 0 1 1 0 1 0 1 1 1 1 0 0 1 0 0 1 1 0 1 0 0 0 0 1 1 1 0 1 0 1 1 1 0 0 1 1 0 1 1 1 1 0 1 1 1 0 1 0 1 1 1 0 1 
#TS35
1 0 1 1 0 1 1 1 1 0 1 1 0 0 1 1 1 0 1 1 0 0 1 1 0 1 0 0 0 0 0 1 1 1 1 0 1 0 1 0 1 0 1 0 0 1 1 0 1 1 0 1 0 1 1 1 1 0 0 1 0 0 1 1 0 1 0 0 0 0 1 1 1 0 1 0 1 1 1 0 0 1 1 0 1 1 0 1 0 1 1 1 0 1 0 1 1 1 0 1 
1 0 1 1 0 1 1 1 1 0 1 1 0 0 1 1 1 0 1 1 0 0 1 1 0 1 0 0 0 0 0 1 1 1 1 0 1 0 1 0 1 0 1 0 0 1 1 0 1 1 0 1 0 1 1 1 1 0 0 1 0 0 1 1 0 1 0 0 0 0 1 1 1 0 1 0 1 1 1 0 0 1 1 0 1 1 0 1 0 1 1 1 0 1 0 1 1 1 0 1 
#TS36
1 0 1 1 0 1 1 1 1 0 1 1 0 0 1 1 1 0 1 1 0 0 1 1 1 0 0 0 0 0 0 1 1 1 1 0 1 0 1 0 1 0 1 0 0 1 1 1 1 1 0 1 0 1 1 1 1 0 1 1 0 0 1 1 0 1 0 0 0 0 1 1 1 0 1 0 1 1 1 0 0 1 1 0 1 1 1 1 1 1 1 1 0 1 0 1 1 1 0 1 
1 0 1 1 0 1 1 1 1 0 1 1 0 0 1 1 1 0 1 1 0 0 1 1 1 0 0 0 0 0 0 1 1 1 1 0 1 0 1 0 1 0 1 0 0 1 1 1 1 1 0 1 0 1 1 1 1 0 1 1 0 0 1 1 0 1 0 0 0 0 1 1 1 0 1 0 1 1 1 0 0 1 1 0 1 1 1 1 1 1 1 1 0 1 0 1 1 1 0 1 
#TS37
1 0 1 1 0 1 1 1 1 0 1 1 0 0 1 1 1 0 1 1 0 0 1 1 1 1 0 0 0 0 0 0 0 1 1 0 1 0 1 0 1 0 1 0 0 1 1 0 1 1 1 1 0 1 1 1 1 0 0 1 0 0 1 1 0 1 0 0 0 0 1 1 1 0 1 0 1 1 1 0 0 1 1 0 1 1 1 1 0 1 1 1 0 1 0 1 1 1 0 1 
1 0 1 1 0 1 1 1 1 0 1 1 0 0 1 1 1 0 1 1 0 0 1 1 1 1 0 0 0 0 0 0 0 1 1 0 1 0 1 0 1 0 1 0 0 1 1 0 1 1 1 1 0 1 1 1 1 0 0 1 0 0 1 1 0 1 0 0 0 0 1 1 1 0 1 0 1 1 1 0 0 1 1 0 1 1 1 1 0 1 1 1 0 1 0 1 1 1 0 1 
#TS38
1 0 1 1 0 1 1 1 1 0 1 1 0 0 1 1 1 0 1 1 0 0 1 1 1 1 0 0 0 0 0 1 1 1 1 0 1 0 1 0 1 0 1 0 0 1 1 0 1 1 0 1 0 1 1 1 1 0 0 1 0 0 1 1 0 1 0 0 0 0 1 1 1 0 1 0 1 1 1 0 0 1 1 0 1 1 1 1 0 1 1 1 0 1 0 1 1 1 0 1 
1 0 1 1 0 1 1 1 1 0 1 1 0 0 1 1 1 0 1 1 0 0 1 1 1 1 0 0 0 0 0 1 1 1 1 0 1 0 1 0 1 0 1 0 0 1 1 0 1 1 0 1 0 1 1 1 1 0 0 1 0 0 1 1 0 1 0 0 0 0 1 1 1 0 1 0 1 1 1 0 0 1 1 0 1 1 1 1 0 1 1 1 0 1 0 1 1 1 0 1 
#TS39
1 0 1 1 0 1 1 1 1 0 1 1 0 0 1 1 1 0 1 1 0 0 1 1 1 1 0 0 0 0 0 1 1 1 1 0 1 0 1 0 1 0 1 0 0 1 1 0 1 1 0 1 0 1 1 1 1 0 1 1 0 0 1 1 0 1 0 0 0 0 1 1 1 0 1 0 1 1 1 0 0 1 1 0 1 1 1 1 0 1 1 1 0 1 0 1 1 1 0 1 
1 0 1 1 0 1 1 1 1 0 1 1 0 0 1 1 1 0 1 1 0 0 1 1 1 1 0 0 0 0 0 1 1 1 1 0 1 0 1 0 1 0 1 0 0 1 1 0 1 1 0 1 0 1 1 1 1 0 1 1 0 0 1 1 0 1 0 0 0 0 1 1 1 0 1 0 1 1 1 0 0 1 1 0 1 1 1 1 0 1 1 1 0 1 0 1 1 1 0 1 
#TS40
1 0 1 1 0 1 1 1 1 0 1 1 0 0 1 1 1 0 1 1 0 0 1 1 1 1 0 0 0 0 0 1 1 1 1 0 1 0 1 0 1 0 1 0 0 1 1 0 1 1 0 1 0 1 1 1 1 0 0 1 0 0 1 1 0 1 0 0 0 0 1 1 1 0 1 0 1 1 1 0 0 1 1 0 1 1 0 1 0 1 1 1 0 1 0 1 1 1 0 1 
1 0 1 1 0 1 1 1 1 0 1 1 0 0 1 1 1 0 1 1 0 0 1 1 1 1 0 0 0 0 0 1 1 1 1 0 1 0 1 0 1 0 1 0 0 1 1 0 1 1 0 1 0 1 1 1 1 0 0 1 0 0 1 1 0 1 0 0 0 0 1 1 1 0 1 0 1 1 1 0 0 1 1 0 1 1 0 1 0 1 1 1 0 1 0 1 1 1 0 1 
#TS41
1 0 1 1 0 1 1 1 1 0 1 1 0 0 1 1 1 0 1 1 0 0 1 1 1 1 0 0 0 0 0 1 1 1 1 0 1 0 1 0 1 0 1 0 0 1 1 0 1 1 0 1 0 1 1 1 1 0 0 1 0 0 1 1 0 1 0 1 0 0 1 1 1 0 1 0 1 1 1 0 0 1 1 0 1 1 1 1 0 1 1 1 0 1 0 1 1 1 0 1 
1 0 1 1 0 1 1 1 1 0 1 1 0 0 1 1 1 0 1 1 0 0 1 1 1 1 0 0 0 0 0 1 1 1 1 0 1 0 1 0 1 0 1 0 0 1 1 0 1 1 0 1 0 1 1 1 1 0 0 1 0 0 1 1 0 1 0 1 0 0 1 1 1 0 1 0 1 1 1 0 0 1 1 0 1 1 1 1 0 1 1 1 0 1 0 1 1 1 0 1 
#TS42
1 0 1 1 0 1 1 1 1 0 1 1 0 0 1 1 1 0 1 1 0 0 1 1 1 1 0 0 0 0 0 0 1 1 1 0 1 0 1 0 1 0 1 0 0 1 1 0 1 1 0 1 0 1 1 1 1 0 0 1 0 0 1 1 0 1 0 0 0 0 1 1 1 0 1 0 1 1 1 0 0 1 1 0 1 1 1 1 0 1 1 1 0 1 0 1 1 1 0 1 
1 0 1 1 0 1 1 1 1 0 1 1 0 0 1 1 1 0 1 1 0 0 1 1 1 1 0 0 0 0 0 0 1 1 1 0 1 0 1 0 1 0 1 0 0 1 1 0 1 1 0 1 0 1 1 1 1 0 0 1 0 0 1 1 0 1 0 0 0 0 1 1 1 0 1 0 1 1 1 0 0 1 1 0 1 1 1 1 0 1 1 1 0 1 0 1 1 1 0 1 
#TS43
1 0 1 1 0 1 1 1 1 0 1 1 0 0 1 1 1 0 1 1 0 0 1 1 1 1 0 0 0 0 0 1 0 1 1 0 1 0 1 0 1 0 1 0 0 1 1 0 1 1 0 1 0 1 1 1 1 0 0 1 0 0 1 1 0 1 0 0 0 0 1 1 1 0 1 0 1 1 1 0 0 1 1 0 1 1 0 1 0 1 1 1 0 1 0 1 1 1 0 1 
1 0 1 1 0 1 1 1 1 0 1 1 0 0 1 1 1 0 1 1 0 0 1 1 1 1 0 0 0 0 0 1 0 1 1 0 1 0 1 0 1 0 1 0 0 1 1 0 1 1 0 1 0 1 1 1 1 0 0 1 0 0 1 1 0 1 0 0 0 0 1 1 1 0 1 0 1 1 1 0 0 1 1 0 1 1 0 1 0 1 1 1 0 1 0 1 1 1 0 1 
#TS44
1 0 1 1 0 1 1 1 1 0 1 1 0 0 1 1 1 0 1 1 0 0 1 1 1 1 0 0 0 0 0 1 1 0 1 0 1 0 1 0 1 0 1 0 0 1 1 0 1 1 0 1 0 1 1 1 1 0 0 1 0 0 1 1 0 1 0 0 0 0 1 1 1 0 1 0 1 1 1 0 0 1 1 0 1 1 0 1 0 1 1 1 0 1 0 1 1 1 0 1 
1 0 1 1 0 1 1 1 1 0 1 1 0 0 1 1 1 0 1 1 0 0 1 1 1 1 0 0 0 0 0 1 1 0 1 0 1 0 1 0 1 0 1 0 0 1 1 0 1 1 0 1 0 1 1 1 1 0 0 1 0 0 1 1 0 1 0 0 0 0 1 1 1 0 1 0 1 1 1 0 0 1 1 0 1 1 0 1 0 1 1 1 0 1 0 1 1 1 0 1 
#TS45
1 0 1 1 0 1 1 1 1 0 1 1 0 0 1 1 1 0 1 1 0 0 1 1 1 1 0 0 0 0 0 1 1 1 0 0 1 0 1 0 1 0 1 0 0 1 1 0 1 1 0 1 0 1 1 1 1 0 0 1 0 0 1 1 0 1 0 0 0 0 1 1 1 0 1 0 1 1 1 0 0 1 1 0 1 1 1 1 0 1 1 1 0 1 0 1 1 1 0 1 
1 0 1 1 0 1 1 1 1 0 1 1 0 0 1 1 1 0 1 1 0 0 1 1 1 1 0 0 0 0 0 1 1 1 0 0 1 0 1 0 1 0 1 0 0 1 1 0 1 1 0 1 0 1 1 1 1 0 0 1 0 0 1 1 0 1 0 0 0 0 1 1 1 0 1 0 1 1 1 0 0 1 1 0 1 1 1 1 0 1 1 1 0 1 0 1 1 1 0 1 
#TS46
1 0 1 1 0 1 1 1 1 0 1 1 0 0 1 1 1 0 1 1 0 0 1 1 1 1 0 0 0 0 0 1 1 1 1 0 1 0 1 0 1 0 1 0 0 1 1 0 1 1 0 1 0 1 1 1 1 0 0 1 0 0 1 1 0 1 0 0 0 0 1 1 1 0 1 0 1 1 1 0 0 1 1 0 1 1 1 1 1 1 1 1 0 1 0 1 1 1 0 1 
1 0 1 1 0 1 1 1 1 0 1 1 0 0 1 1 1 0 1 1 0 0 1 1 1 1 0 0 0 0 0 1 1 1 1 0 1 0 1 0 1 0 1 0 0 1 1 0 1 1 0 1 0 1 1 1 1 0 0 1 0 0 1 1 0 1 0 0 0 0 1 1 1 0 1 0 1 1 1 0 0 1 1 0 1 1 1 1 1 1 1 1 0 1 0 1 1 1 0 1 
#TS47
1 0 1 1 0 1 1 1 1 0 1 1 0 0 1 1 1 0 1 1 0 0 1 1 1 1 0 0 0 0 0 1 1 1 1 0 0 0 1 0 1 0 1 0 0 1 1 0 1 1 0 1 0 1 1 1 1 0 0 1 0 0 1 1 0 1 0 0 0 0 1 1 1 0 1 0 1 1 1 0 0 1 1 0 1 1 1 1 0 1 1 1 0 1 0 1 1 1 0 1 
1 0 1 1 0 1 1 1 1 0 1 1 0 0 1 1 1 0 1 1 0 0 1 1 1 1 0 0 0 0 0 1 1 1 1 0 0 0 1 0 1 0 1 0 0 1 1 0 1 1 0 1 0 1 1 1 1 0 0 1 0 0 1 1 0 1 0 0 0 0 1 1 1 0 1 0 1 1 1 0 0 1 1 0 1 1 1 1 0 1 1 1 0 1 0 1 1 1 0 1 
#TS48
1 0 1 1 0 1 1 1 1 0 1 1 0 0 1 1 1 0 1 1 0 0 1 1 1 1 0 0 0 0 0 1 1 1 1 0 1 0 1 0 1 0 1 0 0 1 1 0 1 1 0 1 0 1 1 1 1 0 0 1 0 0 1 1 0 1 0 0 0 0 1 1 1 0 1 0 1 1 1 0 0 1 1 0 1 1 1 1 0 1 1 1 0 1 0 1 1 1 0 1 
1 0 1 1 0 1 1 1 1 0 1 1 0 0 1 1 1 0 1 1 0 0 1 1 1 1 0 0 0 0 0 1 1 1 1 0 1 0 1 0 1 0 1 0 0 1 1 0 1 1 0 1 0 1 1 1 1 0 0 1 0 0 1 1 0 1 0 0 0 0 1 1 1 0 1 0 1 1 1 0 0 1 1 0 1 1 1 1 0 1 1 1 0 1 0 1 1 1 0 1 
#TS49
1 0 1 1 0 1 1 1 1 0 1 1 0 0 1 1 1 0 1 1 0 0 1 1 1 1 0 0 0 0 0 1 1 1 1 0 1 0 0 1 1 0 1 0 0 1 1 0 1 1 0 1 0 1 1 1 1 0 0 1 0 0 1 1 0 1 0 0 0 0 1 1 1 0 1 0 1 1 1 0 0 1 1 0 1 1 1 1 0 1 1 1 0 1 0 1 1 1 0 1 
1 0 1 1 0 1 1 1 1 0 1 1 0 0 1 1 1 0 1 1 0 0 1 1 1 1 0 0 0 0 0 1 1 1 1 0 1 0 0 1 1 0 1 0 0 1 1 0 1 1 0 1 0 1 1 1 1 0 0 1 0 0 1 1 0 1 0 0 0 0 1 1 1 0 1 0 1 1 1 0 0 1 1 0 1 1 1 1 0 1 1 1 0 1 0 1 1 1 0 1 
#TS50
1 0 1 1 0 1 1 1 1 0 1 1 0 0 1 1 1 0 1 1 0 0 1 1 1 1 0 0 0 0 0 1 1 1 1 0 1 0 1 0 1 0 1 0 0 1 1 0 1 1 0 1 0 1 1 1 1 0 0 1 0 0 1 1 0 1 0 0 0 0 1 1 1 0 1 0 1 1 1 0 0 1 1 0 1 1 0 1 0 1 1 1 0 1 0 1 1 1 0 1 
1 0 1 1 0 1 1 1 1 0 1 1 0 0 1 1 1 0 1 1 0 0 1 1 1 1 0 0 0 0 0 1 1 1 1 0 1 0 1 0 1 0 1 0 0 1 1 0 1 1 0 1 0 1 1 1 1 0 0 1 0 0 1 1 0 1 0 0 0 0 1 1 1 0 1 0 1 1 1 0 0 1 1 0 1 1 0 1 0 1 1 1 0 1 0 1 1 1 0 1 
#TS51
1 0 1 1 0 1 1 1 1 0 1 1 0 0 1 1 1 0 1 1 0 0 1 1 1 1 0 0 0 0 0 1 1 1 1 0 1 0 1 0 0 0 1 0 0 1 1 0 1 1 0 1 0 1 1 1 1 0 0 1 0 0 1 1 0 1 0 0 0 0 1 1 1 0 1 0 1 1 1 0 0 1 1 0 1 1 1 1 0 1 1 1 0 1 0 1 1 1 0 1 
1 0 1 1 0 1 1 1 1 0 1 1 0 0 1 1 1 0 1 1 0 0 1 1 1 1 0 0 0 0 0 1 1 1 1 0 1 0 1 0 0 0 1 0 0 1 1 0 1 1 0 1 0 1 1 1 1 0 0 1 0 0 1 1 0 1 0 0 0 0 1 1 1 0 1 0 1 1 1 0 0 1 1 0 1 1 1 1 0 1 1 1 0 1 0 1 1 1 0 1 
#TS52
1 0 1 1 0 1 1 1 1 0 1 1 0 0 1 1 1 0 1 1 0 0 1 1 1 1 0 0 0 0 0 1 1 1 1 0 1 0 1 0 1 0 1 0 0 1 1 0 1 1 0 1 0 1 1 1 1 0 0 1 0 0 1 1 0 1 0 0 0 0 1 1 1 0 1 0 1 1 1 0 0 1 1 0 1 1 1 1 0 1 1 1 0 1 0 1 1 1 0 1 
1 0 1 1 0 1 1 1 1 0 1 1 0 0 1 1 1 0 1 1 0 0 1 1 1 1 0 0 0 0 0 1 1 1 1 0 1 0 1 0 1 0 1 0 0 1 1 0 1 1 0 1 0 1 1 1 1 0 0 1 0 0 1 1 0 1 0 0 0 0 1 1 1 0 1 0 1 1 1 0 0 1 1 0 1 1 1 1 0 1 1 1 0 1 0 1 1 1 0 1 
#TS53
1 0 1 1 0 1 1 1 1 0 1 1 0 0 1 1 1 0 1 1 0 0 1 1 1 1 0 0 0 0 0 1 1 1 1 0 1 0 1 0 1 0 0 0 0 1 1 0 1 1 0 1 0 1 1 1 1 0 0 1 0 0 1 1 0 1 0 0 0 0 1 1 1 0 1 0 1 1 1 0 0 1 1 0 1 1 1 1 1 1 1 1 0 1 0 1 1 1 0 1 
1 0 1 1 0 1 1 1 1 0 1 1 0 0 1 1 1 0 1 1 0 0 1 1 1 1 0 0 0 0 0 1 1 1 1 0 1 0 1 0 1 0 0 0 0 1 1 0 1 1 0 1 0 1 1 1 1 0 0 1 0 0 1 1 0 1 0 0 0 0 1 1 1 0 1 0 1 1 1 0 0 1 1 0 1 1 1 1 1 1 1 1 0 1 0 1 1 1 0 1 
#TS54
1 0 1 1 0 1 1 1 1 0 1 1 0 0 1 1 1 0 1 1 0 0 1 1 1 1 0 0 0 0 0 1 1 1 1 0 1 0 1 0 1 0 1 0 0 1 1 0 1 1 0 1 0 1 1 1 1 0 0 1 0 0 1 1 0 1 0 0 0 0 1 1 1 0 1 0 1 1 1 0 0 1 1 0 1 1 0 1 0 1 1 1 0 1 0 1 1 1 0 1 
1 0 1 1 0 1 1 1 1 0 1 1 0 0 1 1 1 0 1 1 0 0 1 1 1 1 0 0 0 0 0 1 1 1 1 0 1 0 1 0 1 0 1 0 0 1 1 0 1 1 0 1 0 1 1 1 1 0 0 1 0 0 1 1 0 1 0 0 0 0 1 1 1 0 1 0 1 1 1 0 0 1 1 0 1 1 0 1 0 1 1 1 0 1 0 1 1 1 0 1 
#TS55
1 0 1 1 0 1 1 1 1 0 1 1 0 0 1 1 1 0 1 1 0 0 1 1 1 1 0 0 0 0 0 1 1 1 1 0 1 0 1 0 1 0 1 0 0 1 1 0 1 1 0 1 0 1 1 1 1 0 0 1 0 0 1 1 0 1 0 0 0 0 1 1 1 0 1 0 1 1 1 0 0 1 1 0 1 1 0 1 0 1 1 1 0 1 0 1 1 1 0 1 
1 0 1 1 0 1 1 1 1 0 1 1 0 0 1 1 1 0 1 1 0 0 1 1 1 1 0 0 0 0 0 1 1 1 1 0 1 0 1 0 1 0 1 0 0 1 1 0 1 1 0 1 0 1 1 1 1 0 0 1 0 0 1 1 0 1 0 0 0 0 1 1 1 0 1 0 1 1 1 0 0 1 1 0 1 1 0 1 0 1 1 1 0 1 0 1 1 1 0 1 
#TS56
1 0 1 1 0 1 1 1 1 0 1 1 0 0 1 1 1 0 1 1 0 0 1 1 1 1 0 0 0 0 0 1 1 1 1 0 1 0 1 0 1 0 1 0 0 0 1 0 1 1 0 1 0 1 1 1 1 0 0 1 0 0 1 1 0 1 0 0 0 0 1 1 1 0 1 0 1 1 1 0 0 1 1 0 1 1 1 1 0 1 1 1 0 1 0 1 1 1 0 1 
1 0 1 1 0 1 1 1 1 0 1 1 0 0 1 1 1 0 1 1 0 0 1 1 1 1 0 0 0 0 0 1 1 1 1 0 1 0 1 0 1 0 1 0 0 0 1 0 1 1 0 1 0 1 1 1 1 0 0 1 0 0 1 1 0 1 0 0 0 0 1 1 1 0 1 0 1 1 1 0 0 1 1 0 1 1 1 1 0 1 1 1 0 1 0 1 1 1 0 1 
#TS57
1 0 1 1 0 1 1 1 1 0 1 1 0 0 1 1 1 0 1 1 0 0 1 1 1 1 0 0 0 0 0 1 1 1 1 0 1 0 1 0 1 0 1 0 0 1 0 0 1 1 0 1 0 1 1 1 1 0 0 1 1 0 1 1 0 1 0 0 0 0 1 1 1 0 1 0 1 1 1 0 0 1 1 0 1 1 0 1 0 1 1 1 0 1 0 1 1 1 0 1 
1 0 1 1 0 1 1 1 1 0 1 1 0 0 1 1 1 0 1 1 0 0 1 1 1 1 0 0 0 0 0 1 1 1 1 0 1 0 1 0 1 0 1 0 0 1 0 0 1 1 0 1 0 1 1 1 1 0 0 1 1 0 1 1 0 1 0 0 0 0 1 1 1 0 1 0 1 1 1 0 0 1 1 0 1 1 0 1 0 1 1 1 0 1 0 1 1 1 0 1 
#TS58
1 0 1 1 0 1 1 1 1 0 1 1 0 0 1 1 1 0 1 1 0 0 1 1 1 1 0 0 0 0 0 1 1 1 1 0 1 0 1 0 1 0 1 0 0 1 1 0 1 1 0 1 0 1 1 1 1 0 0 1 0 0 1 1 0 1 0 0 0 0 1 1 1 0 1 0 1 1 1 0 0 1 1 0 1 1 0 1 0 1 1 1 0 1 0 1 1 1 0 1 
1 0 1 1 0 1 1 1 1 0 1 1 0 0 1 1 1 0 1 1 0 0 1 1 1 1 0 0 0 0 0 1 1 1 1 0 1 0 1 0 1 0 1 0 0 1 1 0 1 1 0 1 0 1 1 1 1 0 0 1 0 0 1 1 0 1 0 0 0 0 1 1 1 0 1 0 1 1 1 0 0 1 1 0 1 1 0 1 0 1 1 1 0 1 0 1 1 1 0 1 
#TS59
1 0 1 1 0 1 1 1 1 0 1 1 0 0 1 1 1 0 1 1 0 0 1 1 1 1 0 0 0 0 0 1 1 1 1 0 1 0 1 0 1 0 1 0 0 1 1 0 0 1 0 1 0 1 1 1 1 0 0 1 0 0 1 1 0 1 0 0 0 0 1 1 1 0 1 0 1 1 1 0 0 1 1 0 1 1 1 1 0 1 1 1 0 1 0 1 1 1 0 1 
1 0 1 1 0 1 1 1 1 0 1 1 0 0 1 1 1 0 1 1 0 0 1 1 1 1 0 0 0 0 0 1 1 1 1 0 1 0 1 0 1 0 1 0 0 1 1 0 0 1 0 1 0 1 1 1 1 0 0 1 0 0 1 1 0 1 0 0 0 0 1 1 1 0 1 0 1 1 1 0 0 1 1 0 1 1 1 1 0 1 1 1 0 1 0 1 1 1 0 1 
#TS60
1 0 1 1 0 1 1 1 1 0 1 1 0 0 1 1 1 0 1 1 0 0 1 1 1 1 0 0 0 0 0 1 1 1 1 0 1 0 1 0 1 0 1 0 0 1 1 0 1 0 0 1 0 1 1 1 1 0 0 1 0 0 1 1 0 1 0 0 0 0 1 1 1 0 1 0 1 1 1 0 0 1 1 0 1 1 1 1 0 1 1 1 0 1 0 1 1 1 0 1 
1 0 1 1 0 1 1 1 1 0 1 1 0 0 1 1 1 0 1 1 0 0 1 1 1 1 0 0 0 0 0 1 1 1 1 0 1 0 1 0 1 0 1 0 0 1 1 0 1 0 0 1 0 1 1 1 1 0 0 1 0 0 1 1 0 1 0 0 0 0 1 1 1 0 1 0 1 1 1 0 0 1 1 0 1 1 1 1 0 1 1 1 0 1 0 1 1 1 0 1 
#TS61
1 0 1 1 0 1 1 1 1 0 1 1 0 0 1 1 1 0 1 1 0 0 1 1 1 1 0 0 0 0 0 1 1 1 1 0 1 0 1 0 1 0 1 0 0 1 1 0 1 1 0 1 0 1 1 1 1 0 0 1 0 0 1 1 0 1 0 0 0 0 1 1 1 0 1 0 1 1 1 0 0 1 1 0 1 1 0 1 0 1 1 1 0 1 0 1 1 1 0 1 
1 0 1 1 0 1 1 1 1 0 1 1 0 0 1 1 1 0 1 1 0 0 1 1 1 1 0 0 0 0 0 1 1 1 1 0 1 0 1 0 1 0 1 0 0 1 1 0 1 1 0 1 0 1 1 1 1 0 0 1 0 0 1 1 0 1 0 0 0 0 1 1 1 0 1 0 1 1 1 0 0 1 1 0 1 1 0 1 0 1 1 1 0 1 0 1 1 1 0 1 
#TS62
1 0 1 1 0 1 1 1 1 0 1 1 0 0 1 1 1 0 1 1 0 0 1 1 1 1 0 0 0 0 0 1 1 1 1 0 1 0 1 0 1 0 1 0 0 1 1 0 1 1 0 0 0 1 1 1 1 0 0 1 0 0 1 1 0 1 0 0 0 0 1 1 1 0 1 0 1 1 1 0 0 1 1 0 1 1 1 1 1 1 1 1 0 1 0 1 1 1 0 1 
1 0 1 1 0 1 1 1 1 0 1 1 0 0 1 1 1 0 1 1 0 0 1 1 1 1 0 0 0 0 0 1 1 1 1 0 1 0 1 0 1 0 1 0 0 1 1 0 1 1 0 0 0 1 1 1 1 0 0 1 0 0 1 1 0 1 0 0 0 0 1 1 1 0 1 0 1 1 1 0 0 1 1 0 1 1 1 1 1 1 1 1 0 1 0 1 1 1 0 1 
#TS63
1 0 1 1 0 1 1 1 1 0 1 1 0 0 1 1 1 0 1 1 0 0 1 1 1 1 0 0 0 0 0 1 1 1 1 0 1 0 1 0 1 0 1 0 0 1 1 0 1 1 0 1 0 1 1 1 1 0 0 1 0 0 1 1 0 1 0 0 0 0 1 1 1 0 1 0 1 1 1 0 0 1 1 0 1 1 0 1 1 1 1 1 0 1 0 1 1 1 0 1 
1 0 1 1 0 1 1 1 1 0 1 1 0 0 1 1 1 0 1 1 0 0 1 1 1 1 0 0 0 0 0 1 1 1 1 0 1 0 1 0 1 0 1 0 0 1 1 0 1 1 0 1 0 1 1 1 1 0 0 1 0 0 1 1 0 1 0 0 0 0 1 1 1 0 1 0 1 1 1 0 0 1 1 0 1 1 0 1 1 1 1 1 0 1 0 1 1 1 0 1 
#TS64
1 0 1 1 0 1 1 1 1 0 1 1 0 0 1 1 1 0 1 1 0 0 1 1 1 1 0 0 0 0 0 1 1 1 1 0 1 0 1 0 1 0 1 0 0 1 1 0 1 1 0 1 0 0 1 1 1 0 0 1 0 0 1 1 0 1 0 0 0 0 1 1 1 0 1 0 1 1 1 0 0 1 1 0 1 1 0 1 0 1 1 1 0 1 0 1 1 1 0 1 
1 0 1 1 0 1 1 1 1 0 1 1 0 0 1 1 1 0 1 1 0 0 1 1 1 1 0 0 0 0 0 1 1 1 1 0 1 0 1 0 1 0 1 0 0 1 1 0 1 1 0 1 0 0 1 1 1 0 0 1 0 0 1 1 0 1 0 0 0 0 1 1 1 0 1 0 1 1 1 0 0 1 1 0 1 1 0 1 0 1 1 1 0 1 0 1 1 1 0 1 
#TS65
1 0 1 1 0 1 1 1 1 0 1 1 0 0 1 1 1 0 1 1 0 0 1 1 1 1 0 0 0 0 0 1 1 1 1 0 1 0 1 0 1 0 1 0 0 1 1 0 1 1 1 1 0 1 0 1 1 0 0 1 0 0 1 1 0 1 0 0 0 0 1 1 1 0 1 1 1 1 1 0 0 1 1 0 1 1 0 1 0 1 1 1 0 1 0 1 1 1 0 1 
1 0 1 1 0 1 1 1 1 0 1 1 0 0 1 1 1 0 1 1 0 0 1 1 1 1 0 0 0 0 0 1 1 1 1 0 1 0 1 0 1 0 1 0 0 1 1 0 1 1 1 1 0 1 0 1 1 0 0 1 0 0 1 1 0 1 0 0 0 0 1 1 1 0 1 1 1 1 1 0 0 1 1 0 1 1 0 1 0 1 1 1 0 1 0 1 1 1 0 1 
#TS66
1 0 1 1 0 1 1 1 1 0 1 1 0 0 1 1 1 0 1 1 0 0 1 1 1 1 0 0 0 0 0 1 1 1 1 0 1 0 1 0 1 0 1 0 0 1 1 0 1 1 0 1 0 1 1 0 1 0 0 1 0 0 1 1 0 1 0 0 0 0 1 1 1 0 1 0 1 1 1 0 0 1 1 0 1 1 0 1 0 1 1 1 0 1 0 1 1 1 0 1 
1 0 1 1 0 1 1 1 1 0 1 1 0 0 1 1 1 0 1 1 0 0 1 1 1 1 0 0 0 0 0 1 1 1 1 0 1 0 1 0 1 0 1 0 0 1 1 0 1 1 0 1 0 1 1 0 1 0 0 1 0 0 1 1 0 1 0 0 0 0 1 1 1 0 1 0 1 1 1 0 0 1 1 0 1 1 0 1 0 1 1 1 0 1 0 1 1 1 0 1 
#TS67
1 0 1 1 0 1 1 1 1 0 1 1 0 0 1 1 1 0 1 1 0 0 1 1 1 1 0 0 0 0 0 1 1 1 1 0 1 0 1 0 1 0 1 0 0 1 1 0 1 1 0 1 0 1 1 1 0 0 0 1 0 0 1 1 0 1 0 0 0 0 1 1 1 0 1 0 1 1 1 0 0 1 1 0 1 1 1 1 0 1 1 1 0 1 0 1 1 1 0 1 
1 0 1 1 0 1 1 1 1 0 1 1 0 0 1 1 1 0 1 1 0 0 1 1 1 1 0 0 0 0 0 1 1 1 1 0 1 0 1 0 1 0 1 0 0 1 1 0 1 1 0 1 0 1 1 1 0 0 0 1 0 0 1 1 0 1 0 0 0 0 1 1 1 0 1 0 1 1 1 0 0 1 1 0 1 1 1 1 0 1 1 1 0 1 0 1 1 1 0 1 
#TS68
1 0 1 1 0 1 1 1 1 0 1 1 0 0 1 1 1 0 1 1 0 0 1 1 1 1 0 0 0 0 0 1 1 1 1 0 1 0 1 0 1 0 1 0 0 1 1 0 1 1 0 1 0 1 1 1 1 0 0 1 0 0 1 1 0 1 0 0 0 0 1 1 1 0 1 0 1 1 1 0 0 1 1 0 1 1 0 1 0 1 1 1 0 1 0 1 1 1 0 1 
1 0 1 1 0 1 1 1 1 0 1 1 0 0 1 1 1 0 1 1 0 0 1 1 1 1 0 0 0 0 0 1 1 1 1 0 1 0 1 0 1 0 1 0 0 1 1 0 1 1 0 1 0 1 1 1 1 0 0 1 0 0 1 1 0 1 0 0 0 0 1 1 1 0 1 0 1 1 1 0 0 1 1 0 1 1 0 1 0 1 1 1 0 1 0 1 1 1 0 1 
#TS69
1 0 1 1 0 1 1 1 1 0 1 1 0 0 1 1 1 0 1 1 0 0 1 1 1 1 0 0 0 0 0 1 1 1 1 0 1 0 1 0 1 0 1 0 0 1 1 0 1 1 0 1 0 1 1 1 1 0 0 1 0 0 1 1 0 1 0 0 0 0 1 1 1 0 1 0 1 1 1 0 0 1 1 0 1 1 1 1 0 1 1 1 0 1 0 1 1 1 0 1 
1 0 1 1 0 1 1 1 1 0 1 1 0 0 1 1 1 0 1 1 0 0 1 1 1 1 0 0 0 0 0 1 1 1 1 0 1 0 1 0 1 0 1 0 0 1 1 0 1 1 0 1 0 1 1 1 1 0 0 1 0 0 1 1 0 1 0 0 0 0 1 1 1 0 1 0 1 1 1 0 0 1 1 0 1 1 1 1 0 1 1 1 0 1 0 1 1 1 0 1 
#TS70
1 0 1 1 0 1 1 1 1 0 1 1 0 0 1 1 1 0 1 1 0 0 1 1 1 1 0 0 0 0 0 1 1 1 1 0 1 0 1 0 1 0 1 0 0 1 1 0 1 1 1 1 0 1 1 1 1 0 0 0 0 0 1 1 0 1 0 0 0 0 1 1 1 0 1 0 1 1 1 0 0 1 1 0 1 1 0 1 0 1 1 1 0 1 0 1 1 1 0 1 
1 0 1 1 0 1 1 1 1 0 1 1 0 0 1 1 1 0 1 1 0 0 1 1 1 1 0 0 0 0 0 1 1 1 1 0 1 0 1 0 1 0 1 0 0 1 1 0 1 1 1 1 0 1 1 1 1 0 0 0 0 0 1 1 0 1 0 0 0 0 1 1 1 0 1 0 1 1 1 0 0 1 1 0 1 1 0 1 0 1 1 1 0 1 0 1 1 1 0 1 
#TS71
1 0 1 1 0 1 1 1 1 0 1 1 0 0 1 1 1 0 1 1 0 0 1 1 1 1 0 0 0 0 0 1 1 1 1 0 1 0 1 0 1 0 1 0 0 1 1 0 1 1 0 1 0 1 1 1 1 0 0 1 0 0 1 1 0 1 0 0 0 0 1 1 1 0 1 0 1 1 1 0 0 1 1 0 1 1 1 1 0 1 1 1 0 1 0 1 1 1 0 1 
1 0 1 1 0 1 1 1 1 0 1 1 0 0 1 1 1 0 1 1 0 0 1 1 1 1 0 0 0 0 0 1 1 1 1 0 1 0 1 0 1 0 1 0 0 1 1 0 1 1 0 1 0 1 1 1 1 0 0 1 0 0 1 1 0 1 0 0 0 0 1 1 1 0 1 0 1 1 1 0 0 1 1 0 1 1 1 1 0 1 1 1 0 1 0 1 1 1 0 1 
#TS72
1 0 1 1 0 1 1 1 1 0 1 1 0 0 1 1 1 0 1 1 0 0 1 1 1 1 0 0 0 0 0 1 1 1 1 0 1 0 1 0 1 0 1 0 0 1 1 0 1 1 0 1 0 1 1 1 1 0 0 1 0 0 1 1 0 1 0 0 0 0 1 1 1 0 1 0 1 1 1 0 0 1 1 0 1 1 0 1 0 1 1 1 0 1 0 1 1 1 0 1 
1 0 1 1 0 1 1 1 1 0 1 1 0 0 1 1 1 0 1 1 0 0 1 1 1 1 0 0 0 0 0 1 1 1 1 0 1 0 1 0 1 0 1 0 0 1 1 0 1 1 0 1 0 1 1 1 1 0 0 1 0 0 1 1 0 1 0 0 0 0 1 1 1 0 1 0 1 1 1 0 0 1 1 0 1 1 0 1 0 1 1 1 0 1 0 1 1 1 0 1 
#TS73
1 0 1 1 0 1 1 1 1 0 1 1 0 0 1 1 1 0 1 1 0 0 1 1 1 1 0 0 0 0 0 1 1 1 1 0 1 0 1 0 1 0 1 0 0 1 1 0 1 1 0 1 0 1 1 1 1 0 0 1 0 0 0 1 0 1 0 0 0 0 1 1 1 0 1 0 1 1 1 0 0 1 1 0 1 1 1 1 1 1 1 1 0 1 0 1 1 1 0 1 
1 0 1 1 0 1 1 1 1 0 1 1 0 0 1 1 1 0 1 1 0 0 1 1 1 1 0 0 0 0 0 1 1 1 1 0 1 0 1 0 1 0 1 0 0 1 1 0 1 1 0 1 0 1 1 1 1 0 0 1 0 0 0 1 0 1 0 0 0 0 1 1 1 0 1 0 1 1 1 0 0 1 1 0 1 1 1 1 1 1 1 1 0 1 0 1 1 1 0 1 
#TS74
1 0 1 1 0 1 0 1 1 0 1 1 0 0 1 1 0 0 1 1 0 0 1 1 1 1 0 0 0 0 0 1 0 1 1 0 1 0 1 0 1 0 1 1 0 1 1 0 1 1 0 1 0 1 1 1 1 0 0 1 0 0 1 0 0 1 0 0 0 0 1 1 1 0 1 0 1 1 1 0 0 1 1 0 1 1 1 1 1 1 1 1 1 0 1 0 1 1 0 1 
1 0 1 1 0 1 0 1 1 0 1 1 0 0 1 1 0 0 1 1 0 0 1 1 1 1 0 0 0 0 0 1 0 1 1 0 1 0 1 0 1 0 1 1 0 1 1 0 1 1 0 1 0 1 1 1 1 0 0 1 0 0 1 0 0 1 0 0 0 0 1 1 1 0 1 0 1 1 1 0 0 1 1 0 1 1 1 1 1 1 1 1 1 0 1 0 1 1 0 1 
#TS75
1 0 1 1 1 1 0 1 1 0 1 1 0 0 1 1 0 0 1 1 0 0 1 1 1 0 0 0 0 0 0 1 0 1 1 0 0 1 1 0 1 0 1 1 0 1 1 0 1 1 0 1 0 1 1 1 1 0 1 1 0 0 1 0 0 1 0 1 1 0 0 0 1 1 1 1 1 0 1 0 0 0 1 0 1 1 1 1 1 1 1 1 1 0 1 0 1 1 1 0 
1 0 1 1 1 1 0 1 1 0 1 1 0 0 1 1 0 0 1 1 0 0 1 1 1 0 0 0 0 0 0 1 0 1 1 0 0 1 1 0 1 0 1 1 0 1 1 0 1 1 0 1 0 1 1 1 1 0 1 1 0 0 1 0 0 1 0 1 1 0 0 0 1 1 1 1 1 0 1 0 0 0 1 0 1 1 1 1 1 1 1 1 1 0 1 0 1 1 1 0 
#TS76
1 0 1 1 0 1 1 1 1 0 1 1 0 0 1 1 1 0 1 1 0 0 1 1 1 1 0 0 0 0 0 1 1 1 1 0 1 0 1 0 1 0 1 0 0 1 1 0 1 1 0 1 0 1 1 1 1 0 0 1 0 0 1 1 0 0 0 0 0 0 1 1 1 0 1 0 1 1 1 0 0 1 1 0 1 1 0 1 0 1 1 1 0 1 0 1 1 1 0 1 
1 0 1 1 0 1 1 1 1 0 1 1 0 0 1 1 1 0 1 1 0 0 1 1 1 1 0 0 0 0 0 1 1 1 1 0 1 0 1 0 1 0 1 0 0 1 1 0 1 1 0 1 0 1 1 1 1 0 0 1 0 0 1 1 0 0 0 0 0 0 1 1 1 0 1 0 1 1 1 0 0 1 1 0 1 1 0 1 0 1 1 1 0 1 0 1 1 1 0 1 
#TS77
1 0 1 1 0 1 1 1 1 0 1 1 0 0 1 1 1 0 1 1 0 0 1 1 1 1 0 0 0 0 0 1 1 1 1 0 1 0 1 0 1 0 1 0 0 1 1 0 1 1 0 1 0 1 1 1 1 0 0 1 0 0 1 1 0 1 0 0 0 0 1 1 1 0 1 0 1 1 1 0 0 1 1 0 1 1 0 1 0 1 1 1 0 1 0 1 1 1 0 1 
1 0 1 1 0 1 1 1 1 0 1 1 0 0 1 1 1 0 1 1 0 0 1 1 1 1 0 0 0 0 0 1 1 1 1 0 1 0 1 0 1 0 1 0 0 1 1 0 1 1 0 1 0 1 1 1 1 0 0 1 0 0 1 1 0 1 0 0 0 0 1 1 1 0 1 0 1 1 1 0 0 1 1 0 1 1 0 1 0 1 1 1 0 1 0 1 1 1 0 1 
#TS78
1 0 1 1 0 1 1 1 1 0 1 1 0 0 1 1 1 0 1 1 0 0 1 1 1 1 0 0 0 0 0 1 1 1 1 0 1 0 1 0 1 0 1 0 0 1 1 0 1 1 0 1 0 1 1 1 1 0 0 1 0 0 1 1 0 1 0 0 0 0 1 1 1 0 1 0 1 1 1 0 0 1 1 0 1 1 1 1 1 1 1 1 0 1 0 1 1 1 0 1 
1 0 1 1 0 1 1 1 1 0 1 1 0 0 1 1 1 0 1 1 0 0 1 1 1 1 0 0 0 0 0 1 1 1 1 0 1 0 1 0 1 0 1 0 0 1 1 0 1 1 0 1 0 1 1 1 1 0 0 1 0 0 1 1 0 1 0 0 0 0 1 1 1 0 1 0 1 1 1 0 0 1 1 0 1 1 1 1 1 1 1 1 0 1 0 1 1 1 0 1 
#TS79
1 0 1 1 0 1 1 1 1 0 1 1 0 0 1 1 1 0 1 1 0 0 1 1 1 1 0 0 0 0 0 1 1 1 1 0 1 0 1 0 1 0 1 0 0 1 1 0 1 1 0 1 0 1 1 1 1 0 0 1 0 0 1 1 0 1 0 0 0 0 1 1 1 0 1 0 1 1 1 0 0 1 1 0 1 1 1 1 0 1 1 1 0 1 0 1 1 1 0 1 
1 0 1 1 0 1 1 1 1 0 1 1 0 0 1 1 1 0 1 1 0 0 1 1 1 1 0 0 0 0 0 1 1 1 1 0 1 0 1 0 1 0 1 0 0 1 1 0 1 1 0 1 0 1 1 1 1 0 0 1 0 0 1 1 0 1 0 0 0 0 1 1 1 0 1 0 1 1 1 0 0 1 1 0 1 1 1 1 0 1 1 1 0 1 0 1 1 1 0 1 
#TS80
1 0 1 1 0 1 1 1 1 0 1 1 0 0 1 1 1 0 1 1 0 0 1 1 1 1 0 0 0 0 0 1 1 1 1 0 1 0 1 0 1 0 1 0 0 1 1 0 1 1 0 1 0 1 1 1 1 0 0 1 0 0 1 1 0 1 0 0 0 0 1 1 1 0 1 0 1 1 1 0 0 1 1 0 1 1 0 1 0 1 1 1 0 1 0 1 1 1 0 1 
1 0 1 1 0 1 1 1 1 0 1 1 0 0 1 1 1 0 1 1 0 0 1 1 1 1 0 0 0 0 0 1 1 1 1 0 1 0 1 0 1 0 1 0 0 1 1 0 1 1 0 1 0 1 1 1 1 0 0 1 0 0 1 1 0 1 0 0 0 0 1 1 1 0 1 0 1 1 1 0 0 1 1 0 1 1 0 1 0 1 1 1 0 1 0 1 1 1 0 1 
#TS81
1 0 1 1 1 1 0 1 1 0 1 1 0 0 1 1 0 0 1 1 0 0 1 1 1 0 0 0 0 0 0 1 0 1 1 0 0 0 1 0 1 0 1 1 0 1 1 1 1 1 0 1 0 1 1 1 1 0 1 1 0 0 1 0 0 1 0 1 0 0 0 0 1 1 1 1 1 0 1 0 0 0 1 0 1 1 1 1 1 1 1 1 1 0 1 0 1 1 1 0 
1 0 1 1 1 1 0 1 1 0 1 1 0 0 1 1 0 0 1 1 0 0 1 1 1 0 0 0 0 0 0 1 0 1 1 0 0 0 1 0 1 0 1 1 0 1 1 1 1 1 0 1 0 1 1 1 1 0 1 1 0 0 1 0 0 1 0 1 0 0 0 0 1 1 1 1 1 0 1 0 0 0 1 0 1 1 1 1 1 1 1 1 1 0 1 0 1 1 1 0 
#TS82
1 0 1 1 1 1 0 1 1 0 1 1 0 0 1 1 0 0 1 1 0 0 1 1 1 0 0 0 0 0 0 1 0 1 1 0 0 1 1 0 1 0 1 1 0 1 1 0 1 1 0 1 0 1 1 1 1 0 1 1 0 0 1 0 0 1 0 1 0 0 0 0 1 1 1 1 1 0 1 0 0 0 1 0 1 1 1 1 1 1 1 1 1 0 1 0 1 1 1 0 
1 0 1 1 1 1 0 1 1 0 1 1 0 0 1 1 0 0 1 1 0 0 1 1 1 0 0 0 0 0 0 1 0 1 1 0 0 1 1 0 1 0 1 1 0 1 1 0 1 1 0 1 0 1 1 1 1 0 1 1 0 0 1 0 0 1 0 1 0 0 0 0 1 1 1 1 1 0 1 0 0 0 1 0 1 1 1 1 1 1 1 1 1 0 1 0 1 1 1 0 
#TS83
1 0 1 1 0 1 1 1 1 0 1 1 0 0 1 1 1 0 1 1 0 0 1 1 1 1 0 0 0 0 0 1 1 1 1 0 1 0 1 0 1 0 1 0 0 1 1 0 1 1 0 1 0 1 1 1 1 0 0 1 0 0 1 1 0 1 0 0 0 0 1 1 0 0 1 0 1 1 1 0 0 1 1 0 1 1 0 1 0 1 1 1 0 1 0 1 1 1 0 1 
1 0 1 1 0 1 1 1 1 0 1 1 0 0 1 1 1 0 1 1 0 0 1 1 1 1 0 0 0 0 0 1 1 1 1 0 1 0 1 0 1 0 1 0 0 1 1 0 1 1 0 1 0 1 1 1 1 0 0 1 0 0 1 1 0 1 0 0 0 0 1 1 0 0 1 0 1 1 1 0 0 1 1 0 1 1 0 1 0 1 1 1 0 1 0 1 1 1 0 1 
#TS84
1 0 1 1 0 1 1 1 1 0 1 1 0 0 1 1 1 0 1 1 0 0 1 1 1 1 0 0 0 0 0 1 1 1 1 1 1 0 1 0 1 0 1 0 0 1 1 0 1 1 1 1 0 1 1 1 1 0 0 1 0 0 1 1 0 1 0 0 0 0 1 1 1 0 1 0 1 1 1 0 0 1 1 0 1 1 0 1 0 1 1 1 0 1 0 1 1 1 0 1 
1 0 1 1 0 1 1 1 1 0 1 1 0 0 1 1 1 0 1 1 0 0 1 1 1 1 0 0 0 0 0 1 1 1 1 1 1 0 1 0 1 0 1 0 0 1 1 0 1 1 1 1 0 1 1 1 1 0 0 1 0 0 1 1 0 1 0 0 0 0 1 1 1 0 1 0 1 1 1 0 0 1 1 0 1 1 0 1 0 1 1 1 0 1 0 1 1 1 0 1 
#TS85
1 0 1 1 0 1 1 1 1 0 1 1 0 0 1 1 1 0 1 1 0 0 1 1 1 1 0 0 0 0 0 1 1 1 1 0 1 0 1 0 1 0 1 0 0 1 1 0 1 1 0 1 0 1 1 1 1 0 0 1 0 0 1 1 0 1 0 0 0 0 1 1 1 0 0 0 1 1 1 0 0 1 1 0 1 1 1 1 0 1 1 1 0 1 0 1 1 1 0 1 
1 0 1 1 0 1 1 1 1 0 1 1 0 0 1 1 1 0 1 1 0 0 1 1 1 1 0 0 0 0 0 1 1 1 1 0 1 0 1 0 1 0 1 0 0 1 1 0 1 1 0 1 0 1 1 1 1 0 0 1 0 0 1 1 0 1 0 0 0 0 1 1 1 0 0 0 1 1 1 0 0 1 1 0 1 1 1 1 0 1 1 1 0 1 0 1 1 1 0 1 
#TS86
1 0 1 1 0 1 1 1 1 0 1 1 0 0 1 1 1 0 1 1 0 0 1 1 1 1 0 0 0 0 0 1 1 1 1 0 1 0 1 0 1 0 1 0 0 1 1 0 1 1 0 1 0 1 1 1 1 0 0 1 0 0 1 1 0 1 0 0 0 0 1 1 1 0 1 0 1 1 1 0 0 1 1 0 1 1 0 1 0 1 1 1 0 1 0 1 1 1 0 1 
1 0 1 1 0 1 1 1 1 0 1 1 0 0 1 1 1 0 1 1 0 0 1 1 1 1 0 0 0 0 0 1 1 1 1 0 1 0 1 0 1 0 1 0 0 1 1 0 1 1 0 1 0 1 1 1 1 0 0 1 0 0 1 1 0 1 0 0 0 0 1 1 1 0 1 0 1 1 1 0 0 1 1 0 1 1 0 1 0 1 1 1 0 1 0 1 1 1 0 1 
#TS87
1 0 1 1 0 1 1 1 1 0 1 1 0 0 1 1 1 0 1 1 0 0 1 1 1 1 0 0 0 0 0 1 1 1 1 0 1 0 1 0 1 0 1 0 0 1 1 0 1 1 0 1 0 1 1 1 1 0 0 1 0 0 1 1 0 1 0 0 0 0 1 1 1 0 1 0 0 1 1 0 0 1 1 0 1 1 0 1 0 1 1 1 0 1 0 1 1 1 0 1 
1 0 1 1 0 1 1 1 1 0 1 1 0 0 1 1 1 0 1 1 0 0 1 1 1 1 0 0 0 0 0 1 1 1 1 0 1 0 1 0 1 0 1 0 0 1 1 0 1 1 0 1 0 1 1 1 1 0 0 1 0 0 1 1 0 1 0 0 0 0 1 1 1 0 1 0 0 1 1 0 0 1 1 0 1 1 0 1 0 1 1 1 0 1 0 1 1 1 0 1 
#TS88
1 0 1 1 0 1 1 1 1 0 1 1 0 0 1 1 1 0 1 1 0 0 1 1 1 1 0 0 0 0 0 1 1 1 1 0 1 0 1 0 1 0 1 0 0 1 1 0 1 1 0 1 0 1 1 1 1 0 0 1 0 0 1 1 0 1 0 0 0 0 1 1 1 0 1 0 1 0 1 0 0 1 1 0 1 1 0 1 0 1 1 1 0 1 0 1 1 1 0 1 
1 0 1 1 0 1 1 1 1 0 1 1 0 0 1 1 1 0 1 1 0 0 1 1 1 1 0 0 0 0 0 1 1 1 1 0 1 0 1 0 1 0 1 0 0 1 1 0 1 1 0 1 0 1 1 1 1 0 0 1 0 0 1 1 0 1 0 0 0 0 1 1 1 0 1 0 1 0 1 0 0 1 1 0 1 1 0 1 0 1 1 1 0 1 0 1 1 1 0 1 
#TS89
1 0 1 1 0 1 1 1 1 0 1 1 0 0 1 1 1 0 1 1 0 0 1 1 1 1 0 0 0 0 0 1 1 1 1 0 1 0 1 0 1 0 1 0 0 1 1 0 1 1 1 1 0 1 1 1 1 0 0 1 0 0 1 1 0 1 0 0 0 0 1 1 0 0 1 0 1 1 0 0 0 1 1 0 1 1 1 1 0 0 1 1 0 1 0 1 1 1 0 1 
1 0 1 1 0 1 1 1 1 0 1 1 0 0 1 1 1 0 1 1 0 0 1 1 1 1 0 0 0 0 0 1 1 1 1 0 1 0 1 0 1 0 1 0 0 1 1 0 1 1 1 1 0 1 1 1 1 0 0 1 0 0 1 1 0 1 0 0 0 0 1 1 0 0 1 0 1 1 0 0 0 1 1 0 1 1 1 1 0 0 1 1 0 1 0 1 1 1 0 1 
#TS90
1 0 1 1 0 1 1 1 1 0 1 1 0 0 1 1 1 0 1 1 0 0 1 1 1 1 0 0 0 0 0 1 1 1 1 0 1 0 1 0 1 0 1 0 0 1 1 0 1 1 0 1 0 1 1 1 1 0 0 1 0 0 1 1 0 1 0 0 0 0 1 1 1 0 1 0 1 1 1 0 0 1 1 0 1 1 1 1 0 1 1 1 0 1 0 1 1 1 0 1 
1 0 1 1 0 1 1 1 1 0 1 1 0 0 1 1 1 0 1 1 0 0 1 1 1 1 0 0 0 0 0 1 1 1 1 0 1 0 1 0 1 0 1 0 0 1 1 0 1 1 0 1 0 1 1 1 1 0 0 1 0 0 1 1 0 1 0 0 0 0 1 1 1 0 1 0 1 1 1 0 0 1 1 0 1 1 1 1 0 1 1 1 0 1 0 1 1 1 0 1 
#TS91
1 0 1 1 0 1 1 1 1 0 1 1 0 0 1 1 1 0 1 1 0 0 1 1 1 1 0 0 0 0 0 1 1 1 1 0 1 0 1 0 1 0 1 0 0 1 1 0 1 1 0 1 0 1 1 1 1 0 0 1 0 0 1 1 0 1 0 0 0 0 1 1 1 0 1 0 1 1 1 0 0 1 1 0 1 1 0 1 0 1 1 1 0 1 0 1 1 1 0 1 
1 0 1 1 0 1 1 1 1 0 1 1 0 0 1 1 1 0 1 1 0 0 1 1 1 1 0 0 0 0 0 1 1 1 1 0 1 0 1 0 1 0 1 0 0 1 1 0 1 1 0 1 0 1 1 1 1 0 0 1 0 0 1 1 0 1 0 0 0 0 1 1 1 0 1 0 1 1 1 0 0 1 1 0 1 1 0 1 0 1 1 1 0 1 0 1 1 1 0 1 
#TS92
1 0 1 1 0 1 1 1 1 0 1 1 0 0 1 1 1 0 1 1 0 0 1 1 1 1 0 0 0 0 0 1 1 1 1 0 1 0 1 0 1 0 1 0 0 1 1 0 1 1 0 1 0 1 1 1 1 0 0 1 0 0 1 1 0 1 0 0 0 0 1 1 1 0 1 0 1 1 1 0 0 0 1 0 1 1 1 1 0 1 1 1 0 1 0 1 1 1 0 1 
1 0 1 1 0 1 1 1 1 0 1 1 0 0 1 1 1 0 1 1 0 0 1 1 1 1 0 0 0 0 0 1 1 1 1 0 1 0 1 0 1 0 1 0 0 1 1 0 1 1 0 1 0 1 1 1 1 0 0 1 0 0 1 1 0 1 0 0 0 0 1 1 1 0 1 0 1 1 1 0 0 0 1 0 1 1 1 1 0 1 1 1 0 1 0 1 1 1 0 1 
#TS93
1 0 1 1 0 1 1 1 1 0 1 1 0 0 1 1 1 0 1 1 0 0 1 1 1 1 0 0 0 0 0 1 1 1 1 0 1 0 0 1 1 0 1 0 0 1 1 0 1 1 0 1 0 1 1 1 1 0 0 1 0 0 1 1 0 1 0 0 0 0 1 1 1 0 1 0 1 1 1 0 0 1 0 0 1 1 1 1 0 1 1 1 0 1 0 1 1 1 0 1 
1 0 1 1 0 1 1 1 1 0 1 1 0 0 1 1 1 0 1 1 0 0 1 1 1 1 0 0 0 0 0 1 1 1 1 0 1 0 0 1 1 0 1 0 0 1 1 0 1 1 0 1 0 1 1 1 1 0 0 1 0 0 1 1 0 1 0 0 0 0 1 1 1 0 1 0 1 1 1 0 0 1 0 0 1 1 1 1 0 1 1 1 0 1 0 1 1 1 0 1 
#TS94
1 0 1 1 0 1 1 1 1 0 1 1 0 0 1 1 1 0 1 1 0 0 1 1 1 1 0 0 0 0 0 1 1 1 1 0 1 0 1 0 1 0 1 0 0 1 1 0 1 1 1 1 0 1 1 1 1 0 0 1 0 0 1 1 0 1 0 0 0 0 1 1 1 0 1 0 1 1 1 0 0 1 1 0 1 1 0 1 0 1 1 1 0 1 0 1 1 1 0 1 
1 0 1 1 0 1 1 1 1 0 1 1 0 0 1 1 1 0 1 1 0 0 1 1 1 1 0 0 0 0 0 1 1 1 1 0 1 0 1 0 1 0 1 0 0 1 1 0 1 1 1 1 0 1 1 1 1 0 0 1 0 0 1 1 0 1 0 0 0 0 1 1 1 0 1 0 1 1 1 0 0 1 1 0 1 1 0 1 0 1 1 1 0 1 0 1 1 1 0 1 
#TS95
1 0 1 1 0 1 1 1 1 0 1 1 0 0 1 1 1 0 1 1 0 0 1 1 1 1 0 0 0 0 0 1 1 1 1 0 1 0 1 0 1 0 1 0 0 1 1 0 1 1 0 1 0 1 1 1 1 0 0 1 0 0 1 1 0 1 0 0 0 0 1 1 1 0 1 0 1 1 1 0 0 1 1 0 0 1 0 1 0 1 1 1 0 1 0 1 1 1 0 1 
1 0 1 1 0 1 1 1 1 0 1 1 0 0 1 1 1 0 1 1 0 0 1 1 1 1 0 0 0 0 0 1 1 1 1 0 1 0 1 0 1 0 1 0 0 1 1 0 1 1 0 1 0 1 1 1 1 0 0 1 0 0 1 1 0 1 0 0 0 0 1 1 1 0 1 0 1 1 1 0 0 1 1 0 0 1 0 1 0 1 1 1 0 1 0 1 1 1 0 1 
#TS96
1 0 1 1 0 1 1 1 1 0 1 1 0 0 1 1 1 0 1 1 0 0 1 1 1 1 0 0 0 0 0 1 1 1 1 0 1 0 1 0 1 0 1 0 0 1 1 0 1 1 0 1 0 1 1 1 1 0 0 1 0 0 1 1 0 1 0 0 0 0 1 1 1 0 1 0 1 1 1 0 0 1 1 0 1 0 0 1 0 1 1 1 0 1 0 1 1 1 0 1 
1 0 1 1 0 1 1 1 1 0 1 1 0 0 1 1 1 0 1 1 0 0 1 1 1 1 0 0 0 0 0 1 1 1 1 0 1 0 1 0 1 0 1 0 0 1 1 0 1 1 0 1 0 1 1 1 1 0 0 1 0 0 1 1 0 1 0 0 0 0 1 1 1 0 1 0 1 1 1 0 0 1 1 0 1 0 0 1 0 1 1 1 0 1 0 1 1 1 0 1 
#TS97
1 0 1 1 0 1 1 1 1 0 1 1 0 0 1 1 1 0 1 1 0 0 1 1 1 1 0 0 0 0 0 1 1 1 1 0 1 0 1 0 1 0 1 0 0 1 1 0 1 1 0 1 0 1 1 1 1 0 0 1 0 0 1 1 0 1 0 0 0 0 1 1 1 0 1 0 1 1 1 0 0 1 1 0 1 1 0 1 0 1 1 1 0 1 0 1 1 1 0 1 
1 0 1 1 0 1 1 1 1 0 1 1 0 0 1 1 1 0 1 1 0 0 1 1 1 1 0 0 0 0 0 1 1 1 1 0 1 0 1 0 1 0 1 0 0 1 1 0 1 1 0 1 0 1 1 1 1 0 0 1 0 0 1 1 0 1 0 0 0 0 1 1 1 0 1 0 1 1 1 0 0 1 1 0 1 1 0 1 0 1 1 1 0 1 0 1 1 1 0 1 
#TS98
1 0 1 1 0 1 1 1 1 0 1 1 0 0 1 1 1 0 1 1 0 0 1 1 1 1 0 0 0 0 0 1 1 1 1 0 1 0 1 0 1 0 1 0 0 1 1 0 1 1 0 1 0 1 1 1 1 0 0 1 0 0 1 1 0 1 0 0 0 0 1 1 1 0 1 0 1 1 1 0 0 1 1 0 1 1 1 0 0 1 1 1 0 1 0 1 1 1 0 1 
1 0 1 1 0 1 1 1 1 0 1 1 0 0 1 1 1 0 1 1 0 0 1 1 1 1 0 0 0 0 0 1 1 1 1 0 1 0 1 0 1 0 1 0 0 1 1 0 1 1 0 1 0 1 1 1 1 0 0 1 0 0 1 1 0 1 0 0 0 0 1 1 1 0 1 0 1 1 1 0 0 1 1 0 1 1 1 0 0 1 1 1 0 1 0 1 1 1 0 1 
#TS99
1 0 1 1 0 1 1 1 1 0 1 1 0 0 1 1 1 0 1 1 0 0 1 1 1 1 0 0 0 0 0 1 1 1 1 0 1 0 1 0 1 0 1 0 0 1 1 0 1 1 0 1 0 1 1 1 1 0 0 1 0 0 1 1 0 1 0 0 0 0 1 1 1 0 1 0 1 1 1 0 0 1 1 0 1 1 1 1 0 1 1 1 0 1 0 1 1 1 0 1 
1 0 1 1 0 1 1 1 1 0 1 1 0 0 1 1 1 0 1 1 0 0 1 1 1 1 0 0 0 0 0 1 1 1 1 0 1 0 1 0 1 0 1 0 0 1 1 0 1 1 0 1 0 1 1 1 1 0 0 1 0 0 1 1 0 1 0 0 0 0 1 1 1 0 1 0 1 1 1 0 0 1 1 0 1 1 1 1 0 1 1 1 0 1 0 1 1 1 0 1 
#TS100
1 0 1 1 0 1 1 1 1 0 1 1 0 0 1 1 1 0 1 1 0 0 1 1 1 1 0 0 0 0 0 1 1 1 1 0 1 0 1 0 1 0 1 0 0 1 1 0 1 1 0 1 0 1 1 1 1 0 0 1 0 0 1 1 0 1 0 0 0 0 1 1 1 0 1 0 1 1 1 0 0 1 1 0 1 1 0 1 0 0 1 1 0 1 0 1 1 1 0 1 
1 0 1 1 0 1 1 1 1 0 1 1 0 0 1 1 1 0 1 1 0 0 1 1 1 1 0 0 0 0 0 1 1 1 1 0 1 0 1 0 1 0 1 0 0 1 1 0 1 1 0 1 0 1 1 1 1 0 0 1 0 0 1 1 0 1 0 0 0 0 1 1 1 0 1 0 1 1 1 0 0 1 1 0 1 1 0 1 0 0 1 1 0 1 0 1 1 1 0 1 
#TS101
1 0 1 1 0 1 1 1 1 0 1 1 0 0 1 1 1 0 1 1 0 0 1 1 1 1 0 0 0 0 0 1 1 1 1 0 1 0 1 0 1 0 1 0 0 1 1 0 1 1 0 1 0 1 1 1 1 0 0 1 0 0 1 1 0 1 0 0 0 0 1 1 1 0 1 0 1 1 1 0 0 1 1 0 1 1 1 1 1 1 0 1 0 1 0 1 1 1 0 1 
1 0 1 1 0 1 1 1 1 0 1 1 0 0 1 1 1 0 1 1 0 0 1 1 1 1 0 0 0 0 0 1 1 1 1 0 1 0 1 0 1 0 1 0 0 1 1 0 1 1 0 1 0 1 1 1 1 0 0 1 0 0 1 1 0 1 0 0 0 0 1 1 1 0 1 0 1 1 1 0 0 1 1 0 1 1 1 1 1 1 0 1 0 1 0 1 1 1 0 1 
#TS102
1 0 1 1 0 1 1 1 1 0 1 1 0 0 1 1 1 0 1 1 0 0 1 1 1 1 0 0 0 0 0 1 1 1 1 0 1 0 1 0 1 0 1 0 0 1 1 0 1 1 0 1 0 1 1 1 1 0 0 1 0 0 1 1 0 1 0 0 0 0 1 1 1 0 1 0 1 1 1 0 0 1 1 0 1 1 1 1 0 1 1 0 0 1 0 1 1 1 0 1 
1 0 1 1 0 1 1 1 1 0 1 1 0 0 1 1 1 0 1 1 0 0 1 1 1 1 0 0 0 0 0 1 1 1 1 0 1 0 1 0 1 0 1 0 0 1 1 0 1 1 0 1 0 1 1 1 1 0 0 1 0 0 1 1 0 1 0 0 0 0 1 1 1 0 1 0 1 1 1 0 0 1 1 0 1 1 1 1 0 1 1 0 0 1 0 1 1 1 0 1 
#TS103
1 0 1 1 0 1 1 1 1 0 1 1 0 0 1 1 1 0 1 1 0 0 1 1 1 1 0 0 0 0 0 1 1 1 1 0 1 0 1 0 1 0 1 0 0 1 1 0 1 1 0 1 0 1 1 1 1 0 0 1 0 0 1 1 0 1 0 0 0 0 1 1 1 0 1 0 1 1 1 0 0 1 1 0 1 1 1 1 1 1 1 1 0 1 0 1 1 1 0 1 
1 0 1 1 0 1 1 1 1 0 1 1 0 0 1 1 1 0 1 1 0 0 1 1 1 1 0 0 0 0 0 1 1 1 1 0 1 0 1 0 1 0 1 0 0 1 1 0 1 1 0 1 0 1 1 1 1 0 0 1 0 0 1 1 0 1 0 0 0 0 1 1 1 0 1 0 1 1 1 0 0 1 1 0 1 1 1 1 1 1 1 1 0 1 0 1 1 1 0 1 
#TS104
1 0 1 1 0 1 1 1 1 0 1 1 0 0 1 1 1 0 1 1 0 0 1 1 1 1 0 0 0 0 0 1 1 1 1 0 1 0 1 0 1 0 1 0 0 1 1 0 1 1 0 1 0 1 1 1 1 0 0 1 0 0 1 1 0 1 0 0 0 0 1 1 1 0 1 0 1 1 1 0 0 1 1 0 1 1 0 1 0 1 1 1 0 0 0 1 1 1 0 1 
1 0 1 1 0 1 1 1 1 0 1 1 0 0 1 1 1 0 1 1 0 0 1 1 1 1 0 0 0 0 0 1 1 1 1 0 1 0 1 0 1 0 1 0 0 1 1 0 1 1 0 1 0 1 1 1 1 0 0 1 0 0 1 1 0 1 0 0 0 0 1 1 1 0 1 0 1 1 1 0 0 1 1 0 1 1 0 1 0 1 1 1 0 0 0 1 1 1 0 1 
#TS105
1 0 1 1 0 1 1 1 1 0 1 1 0 0 1 1 1 0 1 1 0 0 1 1 1 1 0 0 0 0 0 1 1 1 1 0 1 0 1 0 1 0 1 0 0 1 1 0 1 1 0 1 0 1 1 1 1 0 0 1 0 0 1 1 0 1 0 0 0 0 1 1 1 0 1 0 1 1 1 0 0 1 1 0 1 1 1 1 0 1 1 1 1 1 0 1 1 1 0 1 
1 0 1 1 0 1 1 1 1 0 1 1 0 0 1 1 1 0 1 1 0 0 1 1 1 1 0 0 0 0 0 1 1 1 1 0 1 0 1 0 1 0 1 0 0 1 1 0 1 1 0 1 0 1 1 1 1 0 0 1 0 0 1 1 0 1 0 0 0 0 1 1 1 0 1 0 1 1 1 0 0 1 1 0 1 1 1 1 0 1 1 1 1 1 0 1 1 1 0 1 
#TS106
1 0 1 1 0 1 1 1 1 0 1 1 0 0 1 1 1 0 1 1 0 0 1 1 1 1 0 0 0 0 0 1 1 1 1 0 1 0 1 0 1 0 1 0 0 1 1 0 1 1 0 1 0 1 1 1 1 0 0 1 0 0 1 1 0 1 0 0 0 0 1 1 1 0 1 0 1 1 1 0 0 1 1 0 1 1 1 1 1 1 1 1 0 1 0 0 1 1 0 1 
1 0 1 1 0 1 1 1 1 0 1 1 0 0 1 1 1 0 1 1 0 0 1 1 1 1 0 0 0 0 0 1 1 1 1 0 1 0 1 0 1 0 1 0 0 1 1 0 1 1 0 1 0 1 1 1 1 0 0 1 0 0 1 1 0 1 0 0 0 0 1 1 1 0 1 0 1 1 1 0 0 1 1 0 1 1 1 1 1 1 1 1 0 1 0 0 1 1 0 1 
#TS107
1 0 1 1 0 1 1 1 1 0 1 1 0 0 1 1 1 0 1 1 0 0 1 1 1 1 0 0 0 0 0 1 1 1 1 0 1 0 1 0 1 0 1 0 0 1 1 0 1 1 0 1 0 1 1 1 1 0 0 1 0 0 1 1 0 1 0 0 0 0 1 1 1 0 1 0 1 1 1 0 0 1 1 0 1 1 0 1 0 1 1 1 0 1 0 1 0 1 0 1 
1 0 1 1 0 1 1 1 1 0 1 1 0 0 1 1 1 0 1 1 0 0 1 1 1 1 0 0 0 0 0 1 1 1 1 0 1 0 1 0 1 0 1 0 0 1 1 0 1 1 0 1 0 1 1 1 1 0 0 1 0 0 1 1 0 1 0 0 0 0 1 1 1 0 1 0 1 1 1 0 0 1 1 0 1 1 0 1 0 1 1 1 0 1 0 1 0 1 0 1 
#TS108
1 0 1 1 0 1 1 1 1 0 1 1 0 0 1 1 1 0 1 1 0 0 1 1 1 1 0 0 0 0 0 1 1 1 1 0 1 0 1 0 1 0 1 0 0 1 1 0 1 1 0 1 0 1 1 1 1 0 0 1 0 0 1 1 0 1 0 0 0 0 1 1 1 0 1 0 1 1 1 0 0 1 1 0 1 1 0 1 0 1 1 1 0 1 0 1 1 0 0 1 
1 0 1 1 0 1 1 1 1 0 1 1 0 0 1 1 1 0 1 1 0 0 1 1 1 1 0 0 0 0 0 1 1 1 1 0 1 0 1 0 1 0 1 0 0 1 1 0 1 1 0 1 0 1 1 1 1 0 0 1 0 0 1 1 0 1 0 0 0 0 1 1 1 0 1 0 1 1 1 0 0 1 1 0 1 1 0 1 0 1 1 1 0 1 0 1 1 0 0 1 
#TS109
1 0 1 1 0 1 1 1 1 0 1 1 0 0 1 1 1 0 1 1 0 0 1 1 1 1 0 0 0 0 0 1 1 1 1 0 1 0 1 0 1 0 1 0 0 1 1 0 1 1 0 1 0 1 1 1 1 0 0 1 0 0 1 1 0 1 0 0 0 0 1 1 1 0 1 0 1 1 1 0 0 1 1 0 1 1 0 1 0 1 1 1 0 1 0 1 1 1 0 1 
1 0 1 1 0 1 1 1 1 0 1 1 0 0 1 1 1 0 1 1 0 0 1 1 1 1 0 0 0 0 0 1 1 1 1 0 1 0 1 0 1 0 1 0 0 1 1 0 1 1 0 1 0 1 1 1 1 0 0 1 0 0 1 1 0 1 0 0 0 0 1 1 1 0 1 0 1 1 1 0 0 1 1 0 1 1 0 1 0 1 1 1 0 1 0 1 1 1 0 1 
#TS110
1 0 1 1 0 1 1 1 1 0 1 1 0 0 1 1 1 0 1 1 0 0 1 1 1 1 0 0 0 0 0 1 1 1 1 0 1 0 1 0 1 0 1 0 0 1 1 0 1 1 0 1 0 1 1 1 1 0 0 1 0 0 1 1 0 1 0 0 0 0 1 1 1 0 1 0 1 1 1 0 0 1 1 0 1 1 0 1 0 1 1 1 0 1 0 1 1 1 0 0 
1 0 1 1 0 1 1 1 1 0 1 1 0 0 1 1 1 0 1 1 0 0 1 1 1 1 0 0 0 0 0 1 1 1 1 0 1 0 1 0 1 0 1 0 0 1 1 0 1 1 0 1 0 1 1 1 1 0 0 1 0 0 1 1 0 1 0 0 0 0 1 1 1 0 1 0 1 1 1 0 0 1 1 0 1 1 0 1 0 1 1 1 0 1 0 1 1 1 0 0 
#TS111
1 0 1 1 0 1 1 1 1 0 1 1 0 0 1 1 1 0 1 1 0 0 1 1 1 1 0 0 0 0 0 1 1 1 1 0 1 0 1 0 1 0 1 0 0 1 1 0 1 1 0 1 0 1 1 1 1 0 0 1 0 0 1 1 0 1 0 0 0 0 1 1 1 0 1 0 1 1 1 0 0 1 1 0 1 1 0 1 0 1 1 1 0 1 0 1 1 1 0 1 
1 0 1 1 0 1 1 1 1 0 1 1 0 0 1 1 1 0 1 1 0 0 1 1 1 1 0 0 0 0 0 1 1 1 1 0 1 0 1 0 1 0 1 0 0 1 1 0 1 1 0 1 0 1 1 1 1 0 0 1 0 0 1 1 0 1 0 0 0 0 1 1 1 0 1 0 1 1 1 0 0 1 1 0 1 1 0 1 0 1 1 1 0 1 0 1 1 1 0 1 
