#TS1
0 1 0 1 1 0 1 1 0 1 0 1 0 0 0 0 1 1 0 0 0 1 0 0 0 1 0 1 1 0 0 0 0 0 1 1 1 0 0 1 0 1 1 1 1 1 1 1 1 0 1 0 1 0 1 1 1 1 0 0 0 1 1 1 1 0 1 1 1 0 0 0 0 0 1 1 0 0 0 0 1 0 1 0 1 1 0 0 0 1 1 1 1 1 1 1 0 1 1 1 
0 1 0 0 1 0 1 1 0 1 0 1 0 0 0 0 1 1 0 0 0 1 0 0 0 1 0 1 1 0 0 0 0 0 1 1 1 0 0 1 1 1 1 1 1 0 1 1 1 0 1 0 1 0 1 1 1 1 0 0 0 1 1 1 1 0 1 1 1 0 0 0 0 0 1 1 0 0 0 0 1 0 1 0 1 1 0 0 1 1 1 1 1 1 1 1 0 1 1 1 
0 1 0 0 1 0 1 1 0 1 0 1 0 0 0 0 1 1 0 0 0 1 0 0 0 1 0 1 1 0 0 0 0 0 1 1 1 0 0 1 1 1 1 1 1 0 1 1 1 0 1 0 1 0 1 1 1 1 0 0 0 1 1 1 1 0 1 1 1 0 0 0 0 0 1 1 0 0 0 0 1 0 1 0 1 1 0 0 1 1 1 1 1 1 1 1 0 1 1 1 
0 1 0 0 1 0 1 1 0 1 0 1 0 0 0 0 1 1 0 0 0 1 0 0 0 1 0 1 1 0 0 0 0 0 1 1 1 0 0 1 1 1 1 1 1 0 1 1 0 0 1 0 1 0 1 1 1 1 0 0 0 1 1 1 1 0 1 1 1 0 0 0 0 0 1 1 0 0 0 0 1 0 1 0 1 1 0 0 1 1 1 1 1 1 1 1 0 1 1 1 
0 1 0 0 1 0 1 1 0 1 0 1 0 0 0 0 1 0 0 0 0 1 0 0 0 1 0 1 1 0 0 0 0 0 1 1 0 0 0 1 1 1 1 1 1 0 1 1 0 0 1 0 1 0 1 1 1 1 0 0 0 1 1 1 1 0 1 1 1 0 0 0 0 0 1 1 0 0 0 0 1 0 1 0 1 1 0 0 1 1 1 1 1 1 1 1 0 1 1 1 
0 1 0 1 1 0 1 1 0 1 0 1 0 0 0 0 1 0 0 0 0 1 1 0 0 1 0 1 1 0 0 0 0 0 1 1 0 0 0 1 1 1 1 1 1 0 1 1 0 0 1 0 1 0 1 1 1 1 0 0 0 1 1 1 1 0 1 1 1 0 0 0 0 0 1 1 0 0 0 0 1 0 1 0 1 1 0 0 1 1 1 1 1 1 1 1 0 1 1 1 
0 1 0 1 1 0 1 1 0 1 0 1 0 0 0 0 1 0 0 0 0 1 1 0 0 1 0 1 1 0 0 0 0 0 1 1 0 0 0 1 1 1 1 1 1 0 0 0 0 0 1 0 1 0 1 1 1 1 0 0 0 1 1 1 1 0 1 1 1 0 0 0 0 1 1 1 1 0 0 0 1 0 1 0 1 1 0 0 1 1 1 1 1 1 1 1 0 1 1 1 
0 1 0 1 1 0 1 1 0 1 0 1 0 0 0 0 1 0 0 0 0 1 1 0 0 1 0 1 1 0 0 0 0 0 1 1 0 0 0 1 1 1 1 1 1 0 0 0 0 0 1 0 1 0 1 1 1 1 0 0 0 1 1 1 1 0 1 1 1 0 0 0 0 1 1 1 1 0 0 0 1 0 1 0 1 1 0 0 1 1 1 1 1 1 1 1 0 1 1 1 
0 1 0 1 1 0 1 1 0 1 0 1 0 0 0 0 1 0 0 0 0 1 1 0 0 1 0 1 1 0 0 0 0 0 1 1 0 0 0 1 1 1 1 1 1 0 0 0 1 0 1 0 1 0 1 1 1 1 0 0 0 1 1 1 1 0 1 1 1 0 0 0 0 1 1 1 1 0 0 0 1 0 1 0 1 1 0 0 1 1 1 1 1 1 1 1 0 1 1 1 
0 1 0 1 1 0 1 1 0 1 0 1 0 0 0 0 1 0 0 0 0 1 1 0 0 1 0 1 1 0 0 0 0 0 1 1 0 0 0 1 1 1 1 1 1 0 0 0 0 0 1 0 1 0 1 1 1 1 0 0 0 1 1 1 1 0 1 1 1 0 0 0 0 1 1 1 1 0 0 0 1 0 1 0 1 1 0 0 1 1 1 1 1 1 1 1 0 1 1 1 
0 1 0 1 1 0 1 1 0 1 0 1 0 0 0 0 1 0 0 0 0 1 1 0 0 1 0 1 1 0 0 0 0 0 1 1 0 0 0 1 1 1 1 1 1 0 0 0 0 0 1 0 1 0 1 1 1 1 0 0 0 1 1 1 1 0 1 1 1 0 0 0 0 1 1 1 1 0 0 0 1 0 1 0 1 1 0 0 1 1 1 1 1 1 1 1 0 1 1 1 
0 1 0 1 1 0 1 1 0 1 0 1 0 0 0 0 1 1 0 0 0 1 1 1 0 1 0 1 1 0 0 0 0 0 1 1 1 0 0 1 0 1 1 1 1 1 1 0 0 0 1 0 0 0 1 1 1 1 0 0 0 1 1 1 1 0 1 1 1 0 0 0 0 1 1 1 1 0 0 0 1 0 1 0 1 1 0 0 1 1 1 1 1 1 1 1 0 1 1 1 
0 1 0 1 1 0 1 1 0 1 0 1 0 0 0 0 1 1 0 0 0 1 1 0 0 1 0 1 1 0 0 0 0 0 1 1 1 0 0 1 0 1 1 1 1 1 1 1 1 0 1 0 1 0 1 1 1 1 0 0 0 1 1 1 1 0 1 1 1 0 0 0 0 1 1 1 1 0 0 0 1 0 1 0 1 1 0 0 1 1 1 1 1 1 1 1 0 1 1 1 
0 1 0 1 1 0 1 1 0 1 0 1 0 0 0 0 1 1 0 0 0 1 1 0 0 1 0 1 1 0 0 0 0 0 1 1 1 0 0 1 0 1 1 1 1 1 1 1 1 0 1 0 1 0 1 1 1 1 0 0 0 1 1 1 1 0 1 1 1 0 0 0 0 0 1 1 1 0 0 0 1 0 1 0 1 1 0 0 1 1 1 1 1 1 1 1 0 1 1 1 
0 1 0 1 1 0 1 1 0 1 0 1 0 0 0 0 1 1 0 0 0 1 1 0 0 1 0 1 1 0 0 0 0 0 1 1 1 0 0 1 0 1 1 1 1 1 1 1 1 0 1 0 1 0 1 1 1 1 0 0 0 1 1 1 1 0 1 1 1 0 0 0 0 0 1 1 1 0 0 0 1 0 1 0 1 1 0 0 1 1 1 1 1 1 1 1 0 1 1 1 
0 1 0 1 1 0 1 1 0 1 0 1 0 0 0 0 1 1 0 0 0 1 1 0 0 1 0 1 1 0 0 0 0 0 1 1 1 0 0 1 0 1 1 1 1 1 1 1 1 0 1 0 1 0 1 1 1 1 0 0 0 1 1 1 1 0 1 1 1 0 0 0 0 0 1 1 1 0 0 0 1 0 1 0 1 1 0 0 0 1 1 1 1 1 1 1 0 1 1 1 
0 1 0 1 1 0 1 1 0 1 0 1 0 0 0 0 1 1 0 0 0 1 0 0 0 1 0 1 1 0 0 0 0 0 1 1 1 0 0 1 0 1 1 1 1 1 1 1 1 0 1 0 1 0 1 1 1 1 0 0 0 1 1 1 1 0 1 1 1 0 0 0 0 0 1 1 0 0 0 0 1 0 1 0 1 1 0 0 0 1 1 1 1 1 1 1 0 1 1 1 
0 1 0 1 1 0 1 1 0 1 0 1 0 0 0 0 1 1 0 0 0 1 0 0 0 1 0 1 1 0 0 0 0 0 1 1 1 0 0 1 0 1 1 1 1 1 1 1 1 0 1 0 1 0 1 1 1 1 0 0 0 1 1 1 1 0 1 1 1 0 0 0 0 0 1 1 1 0 0 0 1 0 1 0 1 1 0 0 0 1 1 1 1 1 1 1 0 1 1 1 
0 1 0 1 1 0 1 1 0 1 0 1 0 0 0 0 1 1 0 0 0 1 0 0 0 1 0 1 1 0 0 0 0 0 1 1 1 0 0 1 0 1 1 1 1 1 1 1 1 0 1 0 1 0 1 1 1 1 0 0 0 1 1 1 1 0 1 1 1 0 0 0 0 0 1 1 0 0 0 0 1 0 1 0 1 1 0 0 0 1 1 1 1 1 1 1 0 1 1 1 
0 1 0 1 1 0 1 1 0 1 0 1 0 0 0 0 1 1 0 0 0 1 0 0 0 1 0 1 1 0 0 0 0 0 1 1 1 0 0 1 0 1 1 1 1 1 1 1 1 0 1 0 1 0 1 1 1 1 0 0 0 1 1 1 1 0 1 1 1 0 0 0 0 0 1 1 0 0 0 0 1 0 1 0 1 1 0 0 0 1 1 1 1 1 1 1 0 1 1 1 
0 1 0 1 1 0 1 1 0 1 0 1 0 0 0 0 1 1 0 0 0 1 0 0 0 1 0 1 1 0 0 0 0 0 1 1 1 0 0 1 0 1 1 1 1 1 1 1 1 0 1 0 1 0 1 1 1 1 0 0 0 1 1 1 1 0 1 1 1 0 0 0 0 0 1 1 0 0 0 0 1 0 1 0 1 1 0 0 0 1 1 1 1 1 1 1 0 1 1 1 
#TS2
0 1 0 1 1 0 1 1 0 1 0 1 0 0 0 0 1 1 0 0 0 1 0 0 0 1 0 1 1 0 0 0 0 0 1 1 1 0 0 1 0 1 1 1 1 1 1 1 1 0 1 0 1 0 1 1 1 1 0 0 0 1 1 1 1 0 1 1 1 0 0 0 0 0 1 1 0 0 0 0 1 0 1 0 1 1 0 0 0 1 1 1 1 1 1 1 0 1 1 1 
0 1 0 1 1 0 1 1 1 1 0 1 0 0 0 1 1 1 0 0 0 1 0 0 0 1 0 1 1 0 0 0 0 0 1 0 1 0 0 1 0 1 1 1 1 1 1 1 1 0 1 0 1 0 1 0 1 1 0 0 0 1 1 1 1 0 1 1 1 0 0 0 0 0 1 1 0 0 0 0 1 0 1 0 1 1 0 0 0 1 1 1 1 1 1 1 0 1 1 1 
0 1 0 1 1 0 1 1 1 1 0 1 0 0 0 1 1 1 0 0 0 1 0 0 0 1 0 1 1 0 0 0 0 0 1 0 1 0 0 1 0 1 1 1 1 1 1 1 1 0 1 0 1 0 1 0 1 1 0 0 0 1 1 1 1 0 1 1 1 0 0 0 0 0 1 1 0 0 0 0 1 0 1 0 1 1 0 0 0 1 1 1 1 1 1 1 0 1 1 1 
0 1 0 1 1 0 1 1 1 1 0 1 0 0 0 1 1 1 1 0 0 1 0 0 0 1 0 1 1 0 0 0 0 0 1 0 1 0 0 1 0 1 1 1 1 1 1 1 1 0 1 0 1 0 1 0 1 1 0 0 0 1 1 1 1 0 1 1 1 0 0 0 0 0 1 1 0 0 0 0 1 0 1 0 1 1 0 0 0 1 0 1 1 1 1 1 0 1 1 1 
0 1 0 1 1 0 1 1 1 1 0 1 0 0 0 1 1 1 0 0 0 1 0 0 0 1 0 1 1 0 0 0 0 0 1 0 1 0 1 1 0 1 1 1 1 1 1 1 1 0 1 0 1 0 1 0 1 1 0 0 0 1 1 0 1 0 1 1 1 0 0 0 0 0 1 1 0 0 0 0 1 0 1 0 1 1 0 0 0 1 1 1 1 1 1 1 0 1 1 1 
0 1 0 1 1 0 1 1 1 0 0 1 0 0 0 1 1 1 0 0 0 1 0 0 0 1 1 1 1 0 0 0 0 0 1 0 0 0 0 1 0 1 1 1 1 1 1 1 1 0 1 0 1 0 1 0 1 1 0 0 0 1 1 0 1 0 1 1 1 0 0 0 0 0 1 1 1 0 0 0 1 0 1 0 1 1 0 0 0 1 1 1 1 0 1 1 0 1 1 1 
0 1 0 1 1 0 1 1 1 0 0 1 0 0 0 1 1 1 0 0 0 1 0 0 0 1 0 1 1 0 0 0 0 0 1 0 0 0 0 1 0 1 1 1 1 1 1 1 1 0 1 0 1 0 1 0 1 1 0 0 0 1 1 0 1 0 1 1 1 0 0 0 0 0 1 1 0 0 0 0 1 0 1 0 1 1 0 0 0 1 1 1 1 0 1 1 0 1 1 1 
0 1 0 1 1 0 1 1 1 0 0 1 0 0 0 1 1 1 0 0 0 1 1 0 0 1 0 1 1 0 0 0 0 0 1 0 0 0 0 1 0 1 1 1 1 1 1 1 1 0 1 0 1 0 1 0 1 1 0 0 0 1 1 0 1 0 1 1 1 0 0 0 0 0 1 1 1 0 0 0 1 0 1 0 1 1 0 0 0 1 1 1 1 0 1 1 0 1 1 1 
0 1 0 1 1 0 1 1 1 0 0 1 0 0 0 1 1 1 1 0 0 1 1 0 0 1 0 1 1 0 0 0 0 0 1 0 0 0 0 1 0 1 1 1 1 1 1 1 1 0 1 0 1 0 1 0 1 1 0 0 0 1 1 0 1 0 1 1 1 0 0 0 0 0 1 1 1 0 1 0 1 0 1 0 1 1 0 0 0 1 1 1 1 0 1 1 0 1 1 1 
0 1 0 1 1 0 1 1 1 0 0 1 0 0 0 1 1 1 0 0 0 1 1 0 0 1 1 1 1 0 0 0 0 0 1 0 0 0 0 1 0 1 1 1 1 1 1 1 1 0 1 0 1 0 1 0 1 1 1 0 0 1 1 0 1 0 1 1 1 0 0 0 0 0 1 1 1 1 1 0 1 0 1 0 1 1 0 0 1 1 1 1 1 0 1 1 0 1 1 1 
0 1 0 1 1 0 1 1 1 0 0 1 0 0 0 1 1 1 0 0 0 1 1 0 0 1 0 1 1 0 0 0 0 0 1 0 0 0 0 1 0 1 1 1 1 1 1 1 1 0 1 0 1 0 1 0 1 1 1 0 0 1 1 0 1 0 1 1 1 0 0 0 0 0 1 1 1 0 1 0 1 0 1 0 1 1 0 0 1 1 1 1 1 0 1 1 0 1 1 1 
0 1 0 1 1 0 1 1 0 1 0 1 0 0 0 1 1 1 0 0 0 1 1 0 0 1 0 1 1 0 0 0 0 0 1 1 0 0 0 1 0 1 1 1 1 1 1 1 1 0 1 0 1 0 1 1 1 1 0 0 0 1 1 1 1 0 1 1 1 0 0 0 0 1 1 0 1 1 1 0 1 0 1 0 1 1 0 0 1 1 1 1 1 0 1 1 0 1 1 1 
0 1 0 1 1 0 1 1 0 1 0 1 0 0 0 0 1 1 1 0 0 1 1 0 0 1 0 1 1 0 0 0 0 0 1 1 1 0 0 1 0 1 1 1 1 1 1 1 1 0 1 0 1 0 1 1 1 1 1 0 0 1 1 1 1 0 1 1 1 0 0 0 0 1 1 0 1 1 1 0 1 0 1 0 1 1 0 0 1 1 1 1 1 1 1 1 0 1 1 1 
0 1 0 1 1 0 1 1 0 1 0 1 0 0 0 0 1 1 0 0 0 1 1 0 0 1 0 1 1 0 0 0 0 0 1 1 1 0 0 1 0 1 1 1 1 1 1 1 1 0 1 0 1 0 1 1 1 1 0 0 0 1 1 1 1 0 1 1 1 0 0 0 0 1 1 1 1 1 1 0 1 0 1 0 1 1 0 0 1 1 1 1 1 1 1 1 0 1 1 1 
0 1 0 1 1 0 1 1 0 1 0 1 0 0 0 0 1 1 0 0 0 1 1 0 0 1 0 1 1 0 0 0 0 0 1 1 1 0 0 1 0 1 1 1 1 1 1 1 1 0 1 0 1 0 1 1 1 1 0 0 0 1 1 1 1 0 1 1 1 0 0 0 0 0 1 1 1 0 0 0 1 0 1 0 1 1 0 0 1 1 1 1 1 1 1 1 0 1 1 1 
0 1 0 1 1 0 1 1 0 1 0 1 0 0 0 0 1 1 0 0 0 1 1 0 0 1 0 1 1 0 0 0 0 0 1 1 1 0 0 1 0 1 1 1 1 1 1 1 1 0 1 0 1 0 1 1 1 1 0 0 0 1 1 1 1 0 1 1 1 0 0 0 0 0 1 1 1 0 0 0 1 0 1 0 1 1 0 0 1 1 1 1 1 1 1 1 0 1 1 1 
0 1 0 1 1 0 1 1 0 1 0 1 0 0 0 0 1 1 0 0 0 1 0 0 0 1 0 1 1 0 0 0 0 0 1 1 1 0 0 1 0 1 1 1 1 1 1 1 1 0 1 0 1 0 1 1 1 1 0 0 0 1 1 1 1 0 1 1 1 0 0 0 0 0 1 1 0 0 0 0 1 0 1 0 1 1 0 0 0 1 1 1 1 1 1 1 0 1 1 1 
0 1 0 1 1 0 1 1 0 1 0 1 0 0 0 0 1 1 0 0 0 1 0 0 0 1 0 1 1 0 0 0 0 0 1 1 1 0 0 1 0 1 1 1 1 1 1 1 1 0 1 0 1 0 1 1 1 1 0 0 0 1 1 1 1 0 1 1 1 0 0 0 0 0 1 1 0 0 0 0 1 0 1 0 1 1 0 0 0 1 1 1 1 1 1 1 0 1 1 1 
0 1 0 1 1 0 1 1 0 1 0 1 0 0 0 0 1 1 0 0 0 1 0 0 0 1 0 1 1 0 0 0 0 0 1 1 1 0 0 1 0 1 1 1 1 1 1 1 1 0 1 0 1 0 1 1 1 1 0 0 0 1 1 1 1 0 1 1 1 0 0 0 0 0 1 1 0 0 0 0 1 0 1 0 1 1 0 0 0 1 1 1 1 1 1 1 0 1 1 1 
0 1 0 1 1 0 1 1 0 1 0 1 0 0 0 0 1 1 0 0 0 1 0 0 0 1 0 1 1 0 0 0 0 0 1 1 1 0 0 1 0 1 1 1 1 1 1 1 1 0 1 0 1 0 1 1 1 1 0 0 0 1 1 1 1 0 1 1 1 0 0 0 0 0 1 1 0 0 0 0 1 0 1 0 1 1 0 0 0 1 1 1 1 1 1 1 0 1 1 1 
0 1 0 1 1 0 1 1 0 1 0 1 0 0 0 0 1 1 0 0 0 1 0 0 0 1 0 1 1 0 0 0 0 0 1 1 1 0 0 1 0 1 1 1 1 1 1 1 1 0 1 0 1 0 1 1 1 1 0 0 0 1 1 1 1 0 1 1 1 0 0 0 0 0 1 1 0 0 0 0 1 0 1 0 1 1 0 0 0 1 1 1 1 1 1 1 0 1 1 1 
#TS3
0 1 0 1 1 0 1 1 0 1 0 1 0 0 0 0 1 1 0 0 0 1 0 0 0 1 0 1 1 0 0 0 0 0 1 1 1 0 0 1 0 1 1 1 1 1 1 1 1 0 1 0 1 0 1 1 1 1 0 0 0 1 1 1 1 0 1 1 1 0 0 0 0 0 1 1 0 0 0 0 1 0 1 0 1 1 0 0 0 1 1 1 1 1 1 1 0 1 1 1 
0 1 0 1 1 0 1 1 0 1 0 1 0 0 0 0 1 1 0 0 0 1 0 0 0 1 0 1 1 0 0 0 0 0 1 1 1 0 0 1 0 1 1 1 1 1 1 1 1 0 1 0 1 0 1 1 1 1 0 0 0 1 1 1 1 0 1 1 1 0 0 0 0 0 1 1 0 0 0 0 1 0 1 0 1 1 0 0 1 1 1 1 1 1 1 1 0 1 1 1 
0 1 0 1 1 0 1 1 0 1 0 1 0 0 0 0 1 1 0 0 0 1 0 0 0 1 0 1 1 0 0 0 0 0 1 1 1 0 0 1 0 1 1 1 1 1 1 1 1 0 1 0 1 0 1 1 1 1 0 0 0 0 1 1 1 0 1 1 1 0 0 0 0 0 1 1 0 0 0 0 1 0 1 0 1 1 0 0 1 1 1 1 1 1 1 1 0 1 1 1 
0 1 0 1 1 0 1 1 0 1 0 0 0 0 0 0 1 1 0 0 0 1 0 0 0 1 0 1 1 0 0 0 0 0 1 1 1 0 0 1 0 1 0 1 1 1 1 1 1 0 1 0 1 0 1 1 1 1 0 0 0 0 1 1 1 0 1 1 1 0 0 0 0 0 1 1 0 0 0 0 1 0 1 0 1 1 0 0 1 1 1 1 1 1 1 1 0 1 1 1 
0 1 0 1 1 0 1 1 0 1 0 1 0 0 0 0 1 1 0 0 0 1 0 0 0 1 0 1 1 0 0 0 0 0 1 1 1 0 0 1 0 1 0 1 1 1 1 1 1 0 1 0 1 0 1 1 1 1 0 0 0 0 1 1 1 0 1 1 1 0 0 0 0 0 1 1 0 0 0 0 1 0 1 0 1 1 0 0 1 1 1 1 1 1 1 1 0 1 1 1 
0 1 0 1 1 0 1 1 0 0 0 1 0 0 0 0 1 1 0 0 0 1 0 0 0 1 0 1 1 0 0 0 0 0 1 1 1 0 0 1 0 1 0 0 1 1 1 1 1 0 1 0 1 0 1 1 1 1 0 0 0 0 1 1 1 0 1 1 1 0 0 0 0 0 1 1 0 0 0 0 1 0 1 0 1 1 0 0 1 1 1 1 1 1 1 1 0 1 1 1 
0 1 0 1 1 0 1 1 0 0 0 1 0 0 0 0 1 1 0 0 0 1 0 0 0 1 0 1 1 0 0 0 0 0 1 1 1 0 0 1 0 1 0 0 1 1 1 1 1 0 1 0 1 0 1 1 1 1 0 0 0 0 1 1 1 0 1 1 1 0 0 0 0 0 1 1 0 0 0 0 1 0 1 0 1 1 0 0 1 1 1 1 1 1 1 1 0 1 1 1 
0 1 0 1 1 0 1 1 0 0 0 1 0 0 0 0 1 1 0 0 0 1 0 0 0 1 0 1 1 0 0 0 0 0 1 1 1 0 0 1 0 1 0 0 1 1 1 1 1 0 1 0 1 0 1 1 1 1 0 0 0 0 1 1 1 0 1 1 1 0 0 0 0 0 1 1 0 1 1 0 1 0 1 0 1 1 0 0 1 1 1 1 1 1 1 1 0 1 1 1 
0 1 0 1 1 0 1 1 0 0 0 1 0 0 0 0 1 1 0 0 0 1 0 0 0 1 0 1 1 0 0 0 0 0 1 1 1 0 0 1 0 1 0 0 1 1 1 1 1 0 1 0 1 0 1 1 0 1 0 0 0 0 1 1 1 0 1 1 1 0 0 0 0 0 1 1 0 1 1 0 1 0 1 0 1 1 0 0 1 1 1 1 1 1 1 1 0 1 1 1 
0 1 0 1 1 0 1 1 0 0 0 1 0 0 0 0 1 1 0 0 0 1 0 0 0 1 0 1 1 0 0 0 0 0 1 1 1 0 0 1 0 1 0 0 1 1 1 1 1 0 1 0 1 0 1 1 1 1 0 0 0 0 1 1 1 0 1 1 1 0 0 0 0 0 1 1 0 1 1 0 1 0 1 0 1 1 0 0 1 1 1 1 1 1 1 1 0 1 1 1 
0 1 0 1 1 0 1 1 0 0 0 1 0 0 0 0 1 1 0 0 0 1 1 0 0 1 0 1 1 0 0 0 0 0 1 1 0 0 0 1 0 1 0 0 0 1 1 1 1 0 1 1 1 0 1 1 1 1 0 0 0 0 1 1 1 0 1 1 1 0 0 0 0 0 1 1 1 1 1 0 1 0 1 0 1 1 0 0 1 1 1 1 1 1 1 1 0 1 1 1 
0 1 0 1 1 0 1 1 0 1 0 1 0 0 0 0 1 1 0 0 0 1 1 0 0 1 0 1 1 0 0 0 0 0 1 1 1 0 0 1 0 1 1 1 1 1 1 1 1 0 1 0 1 0 1 1 1 1 0 0 0 1 0 1 1 0 1 1 1 0 0 0 0 0 1 1 0 1 1 1 1 0 1 0 1 1 0 0 1 1 1 1 1 1 1 1 0 1 1 1 
0 1 0 1 1 0 1 1 0 1 0 1 0 0 0 0 1 1 1 1 0 1 1 0 0 1 0 1 1 0 0 0 0 0 1 1 1 0 0 1 0 1 1 1 1 1 1 1 1 0 1 0 1 0 1 1 1 1 1 0 0 1 1 1 1 0 1 1 1 0 0 0 0 0 1 1 0 1 1 1 1 0 1 0 1 1 0 0 0 1 1 1 1 1 1 1 0 1 1 1 
0 1 0 1 1 0 1 1 0 1 0 1 0 0 0 0 1 1 0 0 0 1 1 0 0 1 0 1 1 0 0 0 0 0 1 1 1 0 0 1 0 1 1 1 1 1 1 1 1 0 1 0 1 0 1 1 1 1 0 0 0 1 1 1 1 0 1 1 1 0 0 0 0 0 1 1 1 1 1 0 1 0 1 0 1 1 0 0 0 1 1 1 1 1 1 1 0 1 1 1 
0 1 0 1 1 0 1 1 0 1 0 1 0 0 0 0 1 1 0 0 0 1 1 0 0 1 0 1 1 0 0 0 0 0 1 1 1 0 0 1 0 1 1 1 1 1 1 1 1 0 1 0 1 0 1 1 1 1 0 0 0 1 1 1 1 0 1 1 1 0 0 0 0 0 1 1 0 1 1 0 1 0 1 0 1 1 0 0 0 1 1 1 1 1 1 1 0 1 1 1 
0 1 0 1 1 0 1 1 0 1 0 1 0 0 0 0 1 1 0 0 0 1 0 0 0 1 0 1 1 0 0 0 0 0 1 1 1 0 0 1 0 1 1 1 1 1 1 1 1 0 1 0 1 0 1 1 1 1 0 0 0 1 1 1 1 0 1 1 1 0 0 0 0 0 1 1 0 0 0 0 1 0 1 0 1 1 0 0 0 1 1 1 1 1 1 1 0 1 1 1 
0 1 0 1 1 0 1 1 0 1 0 1 0 0 0 0 1 1 0 0 0 1 0 0 0 1 0 1 1 0 0 0 0 0 1 1 1 0 0 1 0 1 1 1 1 1 1 1 1 0 1 0 1 0 1 1 1 1 0 0 0 1 1 1 1 0 1 1 1 0 0 0 0 0 1 1 0 0 0 0 1 0 1 0 1 1 0 0 0 1 1 1 1 1 1 1 0 1 1 1 
0 1 0 1 1 0 1 1 0 1 0 1 0 0 0 0 1 1 0 0 0 1 0 0 0 1 0 1 1 0 0 0 0 0 1 1 1 0 0 1 0 1 1 1 1 1 1 1 1 0 1 0 1 0 1 1 1 1 0 0 0 1 1 1 1 0 1 1 1 0 0 0 0 0 1 1 0 0 0 0 1 0 1 0 1 1 0 0 0 1 1 1 1 1 1 1 0 1 1 1 
0 1 0 1 1 0 1 1 0 1 0 1 0 0 0 0 1 1 0 0 0 1 0 0 0 1 0 1 1 0 0 0 0 0 1 1 1 0 0 1 0 1 1 1 1 1 1 1 1 0 1 0 1 0 1 1 1 1 0 0 0 1 1 1 1 0 1 1 1 0 0 0 0 0 1 1 0 0 0 0 1 0 1 0 1 1 0 0 0 1 1 1 1 1 1 1 0 1 1 1 
0 1 0 1 1 0 1 1 0 1 0 1 0 0 0 0 1 1 0 0 0 1 0 0 0 1 0 1 1 0 0 0 0 0 1 1 1 0 0 1 0 1 1 1 1 1 1 1 1 0 1 0 1 0 1 1 1 1 0 0 0 1 1 1 1 0 1 1 1 0 0 0 0 0 1 1 0 0 0 0 1 0 1 0 1 1 0 0 0 1 1 1 1 1 1 1 0 1 1 1 
0 1 0 1 1 0 1 1 0 1 0 1 0 0 0 0 1 1 0 0 0 1 0 0 0 1 0 1 1 0 0 0 0 0 1 1 1 0 0 1 0 1 1 1 1 1 1 1 1 0 1 0 1 0 1 1 1 1 0 0 0 1 1 1 1 0 1 1 1 0 0 0 0 0 1 1 1 0 0 0 1 0 1 0 1 1 0 0 0 1 1 1 1 1 1 1 0 1 1 1 
#TS4
0 1 0 1 1 0 1 1 0 1 0 1 0 0 0 0 1 1 0 0 0 1 0 0 0 1 0 1 1 0 0 0 0 0 1 1 1 0 0 1 0 1 1 1 1 1 1 1 1 0 1 0 1 0 1 1 1 1 0 0 0 1 1 1 1 0 1 1 1 0 0 0 0 0 1 1 0 0 0 0 1 0 1 0 1 1 0 0 0 1 1 1 1 1 1 1 0 1 1 1 
0 1 0 1 1 0 1 1 0 1 0 1 0 0 0 0 1 1 0 0 1 1 0 0 0 1 0 1 1 0 0 0 0 0 1 0 1 0 0 1 0 0 1 1 1 1 1 1 1 0 1 0 1 0 1 1 1 1 0 0 0 1 1 1 1 0 1 1 1 0 0 0 0 0 1 1 0 0 0 0 1 0 1 0 1 0 0 0 0 1 1 1 1 1 1 1 0 1 1 1 
0 1 0 1 1 0 1 1 0 1 0 1 0 0 0 1 1 1 0 0 1 1 0 0 0 1 0 1 1 0 0 0 0 0 1 0 1 0 0 1 0 0 1 1 1 1 1 1 1 0 1 0 1 0 1 1 1 1 0 0 0 0 1 1 1 0 1 1 1 0 0 0 0 0 1 1 0 0 0 0 1 0 1 0 1 0 0 0 0 1 1 1 1 1 1 1 0 1 1 1 
0 1 0 1 1 0 1 0 0 1 0 1 0 0 0 0 1 1 0 0 1 1 0 0 0 1 0 1 1 0 0 0 0 0 1 0 1 0 0 1 0 0 1 1 1 1 1 1 1 0 1 0 1 0 1 1 1 1 0 0 0 0 1 1 1 0 1 1 1 0 0 0 0 0 1 1 0 0 0 0 1 1 1 0 1 0 0 0 0 1 1 1 1 1 1 1 0 1 1 1 
0 1 0 1 1 0 1 1 0 1 0 1 0 0 0 1 1 1 0 0 1 1 0 0 0 1 0 1 1 0 0 0 0 0 1 0 1 0 0 1 0 0 1 1 1 1 1 1 1 0 1 0 1 0 1 1 1 1 0 0 0 0 1 1 1 0 1 1 1 0 0 0 0 0 1 1 0 0 0 0 1 0 1 0 1 0 0 0 0 1 1 1 1 1 1 1 0 1 0 1 
0 1 0 1 1 0 1 1 0 1 0 1 0 0 0 1 1 1 0 0 1 1 0 0 0 1 0 1 1 1 0 0 0 0 1 0 1 0 0 1 0 0 1 1 1 1 1 1 1 0 1 0 1 0 1 1 1 1 0 0 0 0 1 1 1 0 1 1 1 0 0 0 0 0 1 1 0 0 0 0 1 1 1 0 1 0 0 0 0 1 1 1 1 1 1 1 0 1 0 1 
1 1 0 1 0 0 1 1 0 1 0 1 0 0 0 1 1 1 0 0 1 1 0 0 0 1 0 1 1 0 0 0 0 0 1 0 0 0 0 1 0 0 1 1 1 1 1 1 1 0 1 0 1 0 1 1 1 1 0 0 0 1 1 1 1 0 1 1 1 0 0 0 0 0 1 1 0 0 0 0 0 0 1 0 1 0 0 0 0 1 1 1 1 1 1 1 0 1 0 1 
1 1 0 1 1 0 1 1 0 1 0 1 0 0 0 1 1 1 0 0 1 1 0 0 0 1 0 1 1 0 0 0 0 0 1 0 0 0 0 1 0 0 1 1 1 1 1 1 1 0 1 0 1 0 1 1 1 1 0 0 0 0 1 1 1 0 1 1 1 0 0 0 0 1 1 1 0 0 0 0 0 1 1 0 1 0 0 0 0 1 1 1 1 1 1 1 0 1 0 1 
1 1 0 1 1 0 1 1 0 1 0 1 0 0 0 1 1 1 0 0 1 1 1 0 0 1 0 1 1 0 0 0 0 0 1 0 0 0 0 1 0 0 1 1 1 1 1 1 1 0 1 0 1 0 1 1 1 1 0 0 0 1 1 1 1 0 1 1 1 0 0 0 0 1 1 1 1 0 0 0 0 1 1 0 1 0 0 0 0 1 1 1 1 1 1 1 0 1 0 1 
1 1 0 1 1 0 1 1 0 1 0 1 0 0 0 1 1 1 0 0 1 1 1 0 0 1 0 1 1 0 0 0 0 0 1 0 0 0 0 1 0 0 1 1 1 1 1 1 1 0 1 0 1 0 1 1 1 1 0 0 0 1 1 1 1 0 1 1 1 0 0 0 0 1 1 1 1 0 0 0 1 1 1 0 1 0 0 0 0 1 1 1 1 1 1 1 0 1 0 1 
1 1 0 1 1 0 1 1 0 1 0 1 0 0 0 1 1 1 0 0 1 1 1 0 0 1 0 1 1 0 0 0 0 0 1 0 0 0 0 1 0 0 1 1 1 1 1 1 1 0 1 0 1 0 1 1 1 1 0 0 0 0 1 1 1 0 1 1 1 0 0 0 0 1 1 1 1 0 0 0 1 1 1 0 1 0 0 0 1 1 1 1 1 1 1 1 0 0 0 1 
1 1 0 1 1 0 1 1 0 1 0 1 0 0 0 1 1 1 0 0 1 1 1 0 0 1 0 1 1 0 0 0 0 0 1 1 1 0 0 1 0 1 1 1 1 1 1 1 1 0 1 0 1 0 1 1 1 1 0 0 0 1 1 1 1 0 1 1 1 0 0 0 0 1 1 1 1 0 0 0 1 0 1 0 1 1 0 0 1 1 1 1 1 1 1 1 0 1 1 1 
1 1 0 1 1 0 1 1 0 1 0 1 0 0 0 1 1 1 0 0 0 1 1 0 0 1 0 1 1 0 0 0 0 0 1 1 1 0 0 1 0 1 1 1 1 1 1 1 1 0 1 0 1 0 1 1 1 1 0 0 0 1 1 1 1 0 1 1 1 0 0 0 0 1 1 1 1 0 0 0 1 0 1 0 1 1 0 0 1 1 1 1 1 1 1 1 0 1 1 1 
0 1 0 1 1 0 1 1 0 1 0 1 0 0 0 0 1 1 0 0 0 1 1 0 0 1 0 1 1 0 0 0 0 0 1 1 1 0 0 1 0 1 1 1 1 1 1 1 1 0 1 0 1 0 1 1 1 1 0 0 0 1 1 1 1 0 1 1 1 0 0 0 0 0 1 1 1 0 0 0 1 0 1 0 1 1 0 0 1 1 1 1 1 1 1 1 0 1 1 1 
0 1 0 1 1 0 1 1 0 1 0 1 0 0 0 0 1 1 0 0 0 1 1 0 0 1 0 1 1 0 0 0 0 0 1 1 1 0 0 1 0 1 1 1 1 1 1 1 1 0 1 0 1 0 1 1 1 1 0 0 0 1 1 1 1 0 1 1 1 0 0 0 0 0 1 1 1 0 0 0 1 0 1 0 1 1 0 0 1 1 1 1 1 1 1 1 0 1 1 1 
0 1 0 1 1 0 1 1 0 1 0 1 0 0 0 0 1 1 0 0 0 1 1 0 0 1 0 1 1 0 0 0 0 0 1 1 1 0 0 1 0 1 1 1 1 1 1 1 1 0 1 0 1 0 1 1 1 1 0 0 0 1 1 1 1 0 1 1 1 0 0 0 0 0 1 1 1 0 0 0 1 0 1 0 1 1 0 0 0 1 1 1 1 1 1 1 0 1 1 1 
0 1 0 1 1 0 1 1 0 1 0 1 0 0 0 0 1 1 0 0 0 1 0 0 0 1 0 1 1 0 0 0 0 0 1 1 1 0 0 1 0 1 1 1 1 1 1 1 1 0 1 0 1 0 1 1 1 1 0 0 0 1 1 1 1 0 1 1 1 0 0 0 0 0 1 1 0 0 0 0 1 0 1 0 1 1 0 0 0 1 1 1 1 1 1 1 0 1 1 1 
0 1 0 1 1 0 1 1 0 1 0 1 0 0 0 0 1 1 0 0 0 1 0 0 0 1 0 1 1 0 0 0 0 0 1 1 1 0 0 1 0 1 1 1 1 1 1 1 1 0 1 0 1 0 1 1 1 1 0 0 0 1 1 1 1 0 1 1 1 0 0 0 0 0 1 1 0 0 0 0 1 0 1 0 1 1 0 0 0 1 1 1 1 1 1 1 0 1 1 1 
0 1 0 1 1 0 1 1 0 1 0 1 0 0 0 0 1 1 0 0 0 1 0 0 0 1 0 1 1 0 0 0 0 0 1 1 1 0 0 1 0 1 1 1 1 1 1 1 1 0 1 0 1 0 1 1 1 1 0 0 0 1 1 1 1 0 1 1 1 0 0 0 0 0 1 1 0 0 0 0 1 0 1 0 1 1 0 0 0 1 1 1 1 1 1 1 0 1 1 1 
0 1 0 1 1 0 1 1 0 1 0 1 0 0 0 0 1 1 0 0 0 1 0 0 0 1 0 1 1 0 0 0 0 0 1 1 1 0 0 1 0 1 1 1 1 1 1 1 1 0 1 0 1 0 1 1 1 1 0 0 0 1 1 1 1 0 1 1 1 0 0 0 0 0 1 1 0 0 0 0 1 0 1 0 1 1 0 0 0 1 1 1 1 1 1 1 0 1 1 1 
0 1 0 1 1 0 1 1 0 1 0 1 0 0 0 0 1 1 0 0 0 1 0 0 0 1 0 1 1 0 0 0 0 0 1 1 1 0 0 1 0 1 1 1 1 1 1 1 1 0 1 0 1 0 1 1 1 1 0 0 0 1 1 1 1 0 1 1 1 0 0 0 0 0 1 1 0 0 0 0 1 0 1 0 1 1 0 0 0 1 1 1 1 1 1 1 0 1 1 1 
#TS5
0 1 0 1 1 0 1 1 0 1 0 1 0 0 0 0 1 1 0 0 0 1 0 0 0 1 0 1 1 0 0 0 0 0 1 1 1 0 0 1 0 1 1 1 1 1 1 1 1 0 1 0 1 0 1 1 1 1 0 0 0 1 1 1 1 0 1 1 1 0 0 0 0 0 1 1 0 0 0 0 1 0 1 0 1 1 0 0 0 1 1 1 1 1 1 1 0 1 1 1 
0 1 0 1 1 0 1 1 0 1 0 1 0 0 0 0 1 1 0 0 0 1 0 0 0 1 0 1 1 0 0 0 0 0 1 0 1 0 0 1 1 1 1 1 1 0 1 1 1 0 1 0 1 0 1 1 1 1 0 0 0 1 1 1 1 0 1 1 1 0 0 0 0 0 1 1 1 0 0 0 1 0 1 0 1 1 0 1 0 1 1 1 1 1 1 1 0 1 1 1 
0 1 0 1 1 0 1 1 0 1 0 1 0 0 0 0 1 1 0 0 0 1 0 0 0 1 0 1 1 0 0 0 0 0 1 0 1 0 0 1 1 0 1 1 1 0 1 1 1 1 1 0 1 0 1 1 1 1 0 0 0 1 1 1 1 0 1 1 1 0 0 0 0 0 1 1 1 0 0 0 1 0 1 0 1 1 0 1 0 1 1 1 1 1 1 1 0 1 1 1 
0 1 0 1 1 0 1 1 0 1 0 1 0 0 0 0 1 1 0 0 0 1 0 0 0 1 0 1 1 0 0 0 0 0 1 0 1 0 0 1 1 0 1 1 1 0 1 1 1 1 1 0 0 0 1 1 1 1 0 0 0 1 1 1 1 0 1 1 1 0 0 0 0 0 1 0 1 0 0 0 1 0 1 0 1 1 0 1 0 1 1 1 1 1 1 1 0 1 1 1 
0 1 0 1 1 0 1 1 0 1 0 1 0 0 0 0 1 0 0 0 0 1 0 0 0 1 0 1 1 0 0 0 0 0 1 0 0 0 0 1 1 0 1 1 1 0 1 1 1 1 1 0 0 0 1 1 1 1 0 0 0 1 1 1 1 0 1 1 1 0 0 0 0 0 1 0 1 0 0 0 1 0 1 0 1 1 0 1 0 1 1 1 1 1 1 1 0 1 1 1 
0 1 0 1 1 0 1 1 0 1 0 1 0 0 0 0 1 0 0 0 0 1 0 0 0 1 0 1 1 0 0 0 0 0 1 0 0 0 0 1 1 0 1 1 1 0 0 1 1 1 1 0 0 0 1 1 1 1 0 0 0 1 1 1 1 0 1 1 1 0 0 0 0 0 1 0 1 0 0 0 1 0 1 0 1 1 0 1 0 1 1 1 1 1 1 1 0 1 1 1 
0 1 0 1 1 0 1 1 0 1 0 1 0 0 0 0 1 0 0 0 0 1 1 0 0 1 0 1 1 0 0 0 0 0 1 0 0 0 0 1 1 0 1 1 1 0 0 0 1 1 1 0 0 0 1 1 1 1 0 0 0 1 1 1 1 0 1 1 1 0 0 0 0 1 1 0 1 0 0 0 1 0 1 0 1 1 0 1 0 1 1 1 1 1 1 1 0 1 1 1 
0 1 0 1 1 0 1 1 0 1 0 1 0 0 0 0 1 0 0 0 0 1 1 0 0 1 0 1 1 0 0 0 0 0 1 0 0 0 0 1 1 0 1 1 1 0 0 0 1 1 1 0 0 0 1 1 1 1 0 0 0 1 1 1 1 0 1 1 1 0 0 0 0 1 1 0 1 0 0 0 1 0 1 0 1 1 0 1 1 1 1 1 1 1 1 1 0 1 1 1 
0 1 0 1 1 0 1 1 0 1 0 1 0 0 0 0 1 0 0 0 0 1 1 1 0 1 0 1 1 0 0 0 0 0 1 0 0 0 0 1 1 0 1 1 1 0 0 0 1 1 1 0 0 0 1 1 1 1 0 0 0 1 1 1 1 0 1 1 1 0 0 0 1 1 1 0 1 0 0 0 1 0 1 0 1 1 0 1 1 1 1 1 1 1 1 1 0 1 1 1 
0 1 0 1 1 0 1 1 0 1 0 1 0 0 0 0 1 0 0 0 0 1 1 1 0 1 0 1 1 0 0 0 0 0 1 0 0 0 0 1 1 0 1 1 1 0 0 0 1 1 1 0 0 0 1 1 1 1 0 0 0 1 1 1 0 0 1 1 1 0 0 0 1 1 1 0 1 0 0 0 1 0 1 0 1 1 0 1 1 1 1 1 1 1 1 1 0 1 1 1 
0 1 0 1 1 0 1 1 0 1 0 1 0 0 0 0 1 0 0 0 0 1 1 1 0 1 0 1 1 0 0 0 0 0 1 0 0 0 0 1 1 0 1 1 1 0 0 0 0 1 1 0 0 0 1 1 1 1 0 0 0 1 1 1 1 0 1 1 1 0 0 0 0 1 1 0 1 0 0 0 1 0 1 0 1 1 0 1 1 1 1 1 1 1 1 1 0 1 1 1 
0 1 0 1 1 0 1 1 0 1 0 1 0 0 0 0 1 1 0 0 0 1 1 1 0 1 0 1 1 0 0 0 0 0 1 1 1 0 0 1 0 1 1 1 1 1 1 0 1 0 1 0 0 0 1 1 1 1 0 0 0 1 1 1 1 0 1 1 1 0 0 0 1 1 1 0 1 0 0 0 1 0 1 0 1 1 0 0 1 1 1 1 1 1 1 1 0 1 1 1 
0 1 0 1 1 0 1 1 0 1 0 1 0 0 0 0 1 1 0 0 0 1 1 0 0 1 0 1 1 0 0 0 0 0 1 1 1 0 0 1 0 1 1 1 1 1 1 1 1 0 1 0 1 0 1 1 1 1 0 0 0 1 1 1 1 0 1 1 1 0 0 0 0 1 1 0 1 0 0 0 1 0 1 0 1 1 0 0 1 1 1 1 1 1 1 1 0 1 1 1 
0 1 0 1 1 0 1 1 0 1 0 1 0 0 0 0 1 1 0 0 0 1 1 0 0 1 0 1 1 0 0 0 0 0 1 1 1 0 0 1 0 1 1 1 1 1 1 1 1 0 1 0 1 0 1 1 1 1 0 0 0 1 1 1 1 0 1 1 1 0 0 0 0 1 1 1 1 0 0 0 1 0 1 0 1 1 0 0 1 1 1 1 1 1 1 1 0 1 1 1 
0 1 0 1 1 0 1 1 0 1 0 1 0 0 0 0 1 1 0 0 0 1 1 0 0 1 0 1 1 0 0 0 0 0 1 1 1 0 0 1 0 1 1 1 1 1 1 1 1 0 1 0 1 0 1 1 1 1 0 0 0 1 1 1 1 0 1 1 1 0 0 0 0 0 1 1 1 0 0 0 1 0 1 0 1 1 0 0 1 1 1 1 1 1 1 1 0 1 1 1 
0 1 0 1 1 0 1 1 0 1 0 1 0 0 0 0 1 1 0 0 0 1 1 0 0 1 0 1 1 0 0 0 0 0 1 1 1 0 0 1 0 1 1 1 1 1 1 1 1 0 1 0 1 0 1 1 1 1 0 0 0 1 1 1 1 0 1 1 1 0 0 0 0 0 1 1 1 0 0 0 1 0 1 0 1 1 0 0 0 1 1 1 1 1 1 1 0 1 1 1 
0 1 0 1 1 0 1 1 0 1 0 1 0 0 0 0 1 1 0 0 0 1 0 0 0 1 0 1 1 0 0 0 0 0 1 1 1 0 0 1 0 1 1 1 1 1 1 1 1 0 1 0 1 0 1 1 1 1 0 0 0 1 1 1 1 0 1 1 1 0 0 0 0 0 1 1 1 0 0 0 1 0 1 0 1 1 0 0 0 1 1 1 1 1 1 1 0 1 1 1 
0 1 0 1 1 0 1 1 0 1 0 1 0 0 0 0 1 1 0 0 0 1 0 0 0 1 0 1 1 0 0 0 0 0 1 1 1 0 0 1 0 1 1 1 1 1 1 1 1 0 1 0 1 0 1 1 1 1 0 0 0 1 1 1 1 0 1 1 1 0 0 0 0 0 1 1 0 0 0 0 1 0 1 0 1 1 0 0 0 1 1 1 1 1 1 1 0 1 1 1 
0 1 0 1 1 0 1 1 0 1 0 1 0 0 0 0 1 1 0 0 0 1 0 0 0 1 0 1 1 0 0 0 0 0 1 1 1 0 0 1 0 1 1 1 1 1 1 1 1 0 1 0 1 0 1 1 1 1 0 0 0 1 1 1 1 0 1 1 1 0 0 0 0 0 1 1 0 0 0 0 1 0 1 0 1 1 0 0 0 1 1 1 1 1 1 1 0 1 1 1 
0 1 0 1 1 0 1 1 0 1 0 1 0 0 0 0 1 1 0 0 0 1 0 0 0 1 0 1 1 0 0 0 0 0 1 1 1 0 0 1 0 1 1 1 1 1 1 1 1 0 1 0 1 0 1 1 1 1 0 0 0 1 1 1 1 0 1 1 1 0 0 0 0 0 1 1 0 0 0 0 1 0 1 0 1 1 0 0 0 1 1 1 1 1 1 1 0 1 1 1 
0 1 0 1 1 0 1 1 0 1 0 1 0 0 0 0 1 1 0 0 0 1 0 0 0 1 0 1 1 0 0 0 0 0 1 1 1 0 0 1 0 1 1 1 1 1 1 1 1 0 1 0 1 0 1 1 1 1 0 0 0 1 1 1 1 0 1 1 1 0 0 0 0 0 1 1 0 0 0 0 1 0 1 0 1 1 0 0 0 1 1 1 1 1 1 1 0 1 1 1 
#TS6
0 1 0 1 1 0 1 1 0 1 0 1 0 0 0 0 1 1 0 0 0 1 0 0 0 1 0 1 1 0 0 0 0 0 1 1 1 0 0 1 0 1 1 1 1 1 1 1 1 0 1 0 1 0 1 1 1 1 0 0 0 1 1 1 1 0 1 1 1 0 0 0 0 0 1 1 0 0 0 0 1 0 1 0 1 1 0 0 0 1 1 1 1 1 1 1 0 1 1 1 
0 1 0 1 1 0 1 1 0 1 0 1 0 0 0 0 1 1 0 0 1 1 0 0 0 0 0 1 1 0 0 0 0 0 1 1 1 0 0 1 0 1 1 1 1 0 1 1 1 0 1 0 1 0 1 1 1 1 0 0 0 1 1 1 1 0 1 1 1 0 0 0 0 0 1 1 0 0 0 0 1 0 1 0 1 1 0 0 0 1 1 1 1 1 1 1 0 1 1 1 
0 1 0 1 1 0 1 1 0 1 0 1 0 0 0 0 1 1 0 0 1 1 0 0 0 0 0 1 0 0 0 0 0 0 1 1 1 0 0 1 0 1 1 1 1 0 1 1 0 0 1 0 1 0 1 1 1 1 0 0 0 1 1 1 1 0 1 1 1 0 0 0 0 0 1 1 0 0 0 0 1 0 1 0 1 1 0 0 0 1 1 1 1 1 1 1 0 1 1 1 
0 1 0 1 1 0 1 1 0 1 0 1 0 0 0 0 1 1 0 0 1 1 0 0 0 0 0 1 0 0 0 0 0 1 1 1 1 0 0 1 0 1 1 1 1 0 1 1 0 0 1 0 0 0 1 1 1 1 0 0 0 0 1 1 1 0 1 1 1 0 0 0 0 0 1 1 0 0 0 0 1 0 1 0 1 1 0 0 0 1 1 1 1 1 1 1 0 1 1 1 
0 1 0 1 1 0 1 1 0 1 0 1 0 0 0 0 1 0 0 0 1 1 0 0 0 0 0 1 0 0 0 0 0 1 1 1 1 0 0 1 0 1 1 1 1 0 1 1 0 0 1 0 0 0 1 1 1 1 0 0 0 1 1 1 1 0 1 1 1 0 0 0 0 0 1 1 0 0 0 0 1 0 1 0 1 1 0 0 0 1 1 1 1 1 1 1 0 1 1 1 
0 1 0 1 1 0 1 1 0 1 0 1 0 0 0 0 1 0 0 0 1 1 0 0 0 0 0 1 1 0 0 0 0 1 1 1 0 0 0 1 0 1 1 1 1 0 1 1 0 0 1 0 0 0 1 1 1 1 0 0 0 1 1 1 1 0 1 1 1 0 0 0 0 0 1 1 0 0 0 0 1 0 1 0 1 1 0 0 0 1 1 1 1 1 1 1 0 1 1 1 
0 1 0 1 1 0 1 1 0 1 0 1 0 0 0 0 1 0 0 0 1 1 0 0 0 0 0 1 1 0 0 0 0 1 1 1 0 0 0 1 0 1 1 1 1 0 1 1 0 0 1 0 0 0 1 1 1 1 0 0 0 1 1 1 1 0 1 1 1 0 0 0 0 0 1 1 0 0 0 0 1 0 1 0 1 1 0 0 0 1 1 1 1 1 1 1 0 1 1 1 
0 1 0 1 1 0 1 1 0 1 0 1 0 0 0 0 1 0 0 0 1 1 1 1 0 0 0 1 1 0 0 0 0 1 1 1 0 0 0 1 0 1 1 1 1 0 1 0 0 0 1 0 0 0 1 1 1 1 0 0 0 1 1 1 1 0 1 1 1 0 0 0 0 1 1 1 1 0 0 0 1 0 1 0 1 1 0 0 0 1 1 1 1 1 1 1 0 1 1 1 
0 1 0 1 1 0 1 1 0 1 0 1 0 0 0 0 1 0 0 0 1 1 1 0 0 0 0 1 1 0 0 0 0 1 1 1 0 0 0 1 0 1 1 1 1 0 0 1 0 0 1 0 0 0 1 1 1 1 0 0 0 1 1 1 1 0 1 1 1 0 0 0 0 1 1 1 1 0 0 0 1 0 1 0 1 1 0 0 0 1 1 1 1 1 1 1 0 1 1 1 
0 1 0 1 1 0 1 1 0 1 0 1 0 0 0 0 1 0 0 0 1 1 1 0 0 0 0 1 1 0 0 0 0 1 1 1 0 0 0 1 0 1 1 1 1 0 0 0 0 0 1 0 0 0 1 1 1 1 0 0 0 1 1 1 1 0 1 1 1 0 0 0 0 1 1 1 1 0 0 0 1 0 1 0 1 1 0 0 0 1 1 1 1 1 1 1 0 1 1 1 
0 1 0 1 1 0 1 1 0 1 0 1 0 0 0 0 1 0 0 0 1 1 1 0 0 0 0 1 1 0 0 0 0 1 1 1 0 0 0 1 0 1 1 1 1 0 0 0 0 0 1 0 0 0 1 1 1 1 0 0 0 1 1 1 1 0 1 1 1 0 0 0 0 1 1 1 1 0 0 0 1 0 1 0 1 1 0 0 0 1 1 1 1 1 1 1 0 1 1 1 
0 1 0 1 1 0 1 1 0 1 0 1 0 0 0 0 1 1 0 0 0 1 1 0 0 1 0 1 1 0 0 0 0 1 1 1 1 0 0 1 0 1 1 1 1 1 1 0 0 0 1 0 0 0 1 1 1 1 0 0 0 1 1 1 1 0 1 1 1 0 0 0 0 1 1 1 1 0 0 0 1 0 1 0 1 1 0 0 0 1 1 1 1 1 1 1 0 1 1 1 
0 1 0 1 1 0 1 1 0 1 0 1 0 0 0 0 1 1 0 0 0 1 1 0 0 1 0 1 1 0 0 0 0 0 1 1 1 0 0 1 0 1 1 1 1 1 1 1 1 0 1 0 0 0 1 1 1 1 0 0 0 1 1 1 1 0 1 1 1 0 0 0 0 1 1 1 1 0 0 0 1 0 1 0 1 1 0 0 0 1 1 1 1 1 1 1 0 1 1 1 
0 1 0 1 1 0 1 1 0 1 0 1 0 0 0 0 1 1 0 0 0 1 1 0 0 1 0 1 1 0 0 0 0 0 1 1 1 0 0 1 0 1 1 1 1 1 1 1 1 0 1 0 1 0 1 1 1 1 0 0 0 1 1 1 1 0 1 1 1 0 0 0 0 0 1 1 1 0 0 0 1 0 1 0 1 1 0 0 0 1 1 1 1 1 1 1 0 1 1 1 
0 1 0 1 1 0 1 1 0 1 0 1 0 0 0 0 1 1 0 0 0 1 1 0 0 1 0 1 1 0 0 0 0 0 1 1 1 0 0 1 0 1 1 1 1 1 1 1 1 0 1 0 1 0 1 1 1 1 0 0 0 1 1 1 1 0 1 1 1 0 0 0 0 0 1 1 1 0 0 0 1 0 1 0 1 1 0 0 0 1 1 1 1 1 1 1 0 1 1 1 
0 1 0 1 1 0 1 1 0 1 0 1 0 0 0 0 1 1 0 0 0 1 0 0 0 1 0 1 1 0 0 0 0 0 1 1 1 0 0 1 0 1 1 1 1 1 1 1 1 0 1 0 1 0 1 1 1 1 0 0 0 1 1 1 1 0 1 1 1 0 0 0 0 0 1 1 1 0 0 0 1 0 1 0 1 1 0 0 0 1 1 1 1 1 1 1 0 1 1 1 
0 1 0 1 1 0 1 1 0 1 0 1 0 0 0 0 1 1 0 0 0 1 0 0 0 1 0 1 1 0 0 0 0 0 1 1 1 0 0 1 0 1 1 1 1 1 1 1 1 0 1 0 1 0 1 1 1 1 0 0 0 1 1 1 1 0 1 1 1 0 0 0 0 0 1 1 1 0 0 0 1 0 1 0 1 1 0 0 0 1 1 1 1 1 1 1 0 1 1 1 
0 1 0 1 1 0 1 1 0 1 0 1 0 0 0 0 1 1 0 0 0 1 0 0 0 1 0 1 1 0 0 0 0 0 1 1 1 0 0 1 0 1 1 1 1 1 1 1 1 0 1 0 1 0 1 1 1 1 0 0 0 1 1 1 1 0 1 1 1 0 0 0 0 0 1 1 0 0 0 0 1 0 1 0 1 1 0 0 0 1 1 1 1 1 1 1 0 1 1 1 
0 1 0 1 1 0 1 1 0 1 0 1 0 0 0 0 1 1 0 0 0 1 0 0 0 1 0 1 1 0 0 0 0 0 1 1 1 0 0 1 0 1 1 1 1 1 1 1 1 0 1 0 1 0 1 1 1 1 0 0 0 1 1 1 1 0 1 1 1 0 0 0 0 0 1 1 0 0 0 0 1 0 1 0 1 1 0 0 0 1 1 1 1 1 1 1 0 1 1 1 
0 1 0 1 1 0 1 1 0 1 0 1 0 0 0 0 1 1 0 0 0 1 0 0 0 1 0 1 1 0 0 0 0 0 1 1 1 0 0 1 0 1 1 1 1 1 1 1 1 0 1 0 1 0 1 1 1 1 0 0 0 1 1 1 1 0 1 1 1 0 0 0 0 0 1 1 0 0 0 0 1 0 1 0 1 1 0 0 0 1 1 1 1 1 1 1 0 1 1 1 
0 1 0 1 1 0 1 1 0 1 0 1 0 0 0 0 1 1 0 0 0 1 0 0 0 1 0 1 1 0 0 0 0 0 1 1 1 0 0 1 0 1 1 1 1 1 1 1 1 0 1 0 1 0 1 1 1 1 0 0 0 1 1 1 1 0 1 1 1 0 0 0 0 0 1 1 0 0 0 0 1 0 1 0 1 1 0 0 0 1 1 1 1 1 1 1 0 1 1 1 
#TS7
0 1 0 1 1 0 1 1 0 1 0 1 0 0 0 0 1 1 0 0 0 1 0 0 0 1 0 1 1 0 0 0 0 0 1 1 1 0 0 1 0 1 1 1 1 1 1 1 1 0 1 0 1 0 1 1 1 1 0 0 0 1 1 1 1 0 1 1 1 0 0 0 0 0 1 1 0 0 0 0 1 0 1 0 1 1 0 0 0 1 1 1 1 1 1 1 0 1 1 1 
0 1 0 1 1 0 1 1 0 1 0 1 0 0 0 0 1 1 0 0 0 1 0 0 0 1 0 1 1 0 0 0 0 0 1 0 1 0 1 1 0 1 1 1 1 1 1 1 0 0 1 0 1 0 1 0 1 1 0 0 0 1 1 1 1 0 1 1 1 0 0 0 0 0 1 1 1 0 0 0 1 0 1 0 1 1 0 0 0 1 1 1 1 1 1 1 0 1 1 1 
0 1 0 1 1 0 1 1 0 1 0 1 0 0 0 0 1 1 0 0 0 1 0 0 0 1 0 1 1 0 0 0 0 0 1 0 1 0 1 1 0 1 1 1 1 1 1 1 0 0 1 0 1 0 1 0 1 1 0 0 0 1 1 1 1 0 1 1 1 0 0 0 0 0 1 1 1 0 0 0 1 0 1 0 1 1 0 0 0 1 1 1 1 1 1 1 0 1 1 1 
0 1 0 1 1 0 1 1 0 0 0 1 0 0 0 0 1 1 0 0 0 1 0 0 0 1 0 1 1 0 0 0 0 0 1 0 1 0 1 1 0 1 1 1 1 1 1 1 0 0 1 0 1 0 1 0 1 1 0 0 0 1 1 1 1 0 1 1 1 0 0 0 0 0 1 1 1 0 0 0 1 0 1 0 1 1 0 0 0 1 1 1 1 1 1 1 0 1 1 1 
0 1 0 1 1 0 1 1 0 0 0 1 0 0 0 0 1 1 0 0 0 1 0 0 0 1 0 1 1 0 0 0 0 0 1 0 0 0 1 1 0 1 1 1 1 1 1 1 0 0 1 0 1 0 1 0 1 1 0 0 0 1 1 1 1 0 1 1 1 0 0 0 0 0 1 1 1 0 0 0 1 0 1 0 1 0 0 0 0 0 1 1 1 1 1 1 0 1 1 1 
0 1 0 1 1 0 1 1 0 0 0 1 0 0 0 1 1 1 0 0 0 1 0 0 0 1 0 1 1 0 0 0 0 0 1 0 0 0 1 1 0 1 1 1 1 1 1 1 0 0 1 0 1 0 1 0 1 1 0 0 0 1 1 1 1 0 1 1 1 0 0 0 0 0 1 1 1 0 0 0 1 0 1 0 1 0 0 0 0 1 1 1 1 1 1 1 0 1 1 1 
0 1 0 1 1 0 1 1 0 0 0 1 0 0 0 1 1 1 0 0 0 1 1 0 0 1 0 1 1 0 0 0 0 0 1 0 0 0 1 1 0 1 1 1 1 1 1 1 0 0 1 0 1 0 1 0 1 1 0 0 0 1 1 1 1 0 1 1 1 0 0 0 0 1 1 1 1 0 0 0 1 0 1 0 1 1 0 0 0 1 1 1 1 1 1 1 0 1 1 1 
0 1 0 1 1 0 1 1 0 0 0 1 0 0 0 1 1 1 0 0 0 1 1 0 0 1 0 1 1 0 0 0 0 0 1 0 0 0 1 1 0 1 1 1 1 1 1 1 0 0 1 0 1 0 1 0 1 1 0 0 0 1 1 1 1 0 1 1 1 0 0 0 0 1 1 1 1 0 0 0 1 0 1 0 1 0 0 0 0 1 1 1 1 1 1 1 0 1 1 1 
0 1 0 1 1 0 1 1 0 0 0 1 0 0 0 1 1 1 0 0 0 1 1 0 1 1 0 1 1 0 0 0 0 0 1 0 0 0 1 1 0 1 1 1 1 1 1 1 0 0 1 0 1 0 1 0 1 1 0 0 0 1 1 1 1 0 1 1 1 1 0 0 0 1 1 1 1 0 0 0 1 0 1 0 1 1 0 0 1 1 1 1 1 1 1 1 0 1 1 1 
0 1 0 1 1 0 1 1 0 0 0 1 0 0 0 1 1 1 0 0 0 1 1 1 0 1 0 1 1 0 0 0 0 0 1 0 0 0 1 1 0 1 1 1 1 1 1 1 0 0 1 0 1 0 1 0 1 1 0 0 0 1 1 1 1 0 1 1 1 1 0 0 1 1 1 1 1 0 0 0 1 0 1 0 1 1 0 0 1 1 1 1 1 1 1 1 0 1 1 1 
0 1 0 1 1 0 1 1 0 0 0 1 0 0 0 1 1 1 0 0 0 1 1 0 0 1 0 1 1 0 0 0 0 0 1 0 0 0 1 1 0 1 1 1 1 1 1 1 0 0 1 0 1 0 1 0 1 1 0 0 0 1 1 1 1 0 1 1 1 1 0 1 1 1 1 1 1 0 0 0 1 0 1 0 1 0 0 0 1 1 1 1 1 1 1 1 0 1 1 1 
0 1 0 1 1 0 1 1 0 1 0 1 0 0 0 1 1 1 0 0 0 1 1 1 0 1 0 1 1 0 0 0 0 0 1 1 0 0 0 1 0 1 1 1 1 1 1 1 1 0 1 0 1 0 1 1 1 1 0 0 0 1 1 1 1 0 1 1 1 1 1 0 1 1 1 0 1 0 0 0 1 0 1 0 1 1 0 0 1 1 1 1 1 1 1 1 0 1 1 1 
0 1 0 1 1 0 1 1 0 1 0 1 0 0 0 1 1 1 0 0 0 1 1 0 0 1 0 1 1 0 0 0 0 0 1 1 1 0 0 1 0 1 1 1 1 1 1 1 1 0 1 0 1 0 1 1 1 1 0 0 0 1 1 1 1 0 1 1 1 0 0 0 0 1 1 0 1 0 0 0 1 0 1 0 1 1 0 0 1 1 1 1 1 1 1 1 0 1 1 1 
0 1 0 1 1 0 1 1 0 1 0 1 0 0 0 0 1 1 0 0 0 1 1 0 0 1 0 1 1 0 0 0 0 0 1 1 1 0 0 1 0 1 1 1 1 1 1 1 1 0 1 0 1 0 1 1 1 1 0 0 0 1 1 1 1 0 1 1 1 0 0 0 0 1 1 0 1 0 0 0 1 0 1 0 1 1 0 0 1 1 1 1 1 1 1 1 0 1 1 1 
0 1 0 1 1 0 1 1 0 1 0 1 0 0 0 0 1 1 0 0 0 1 1 0 0 1 0 1 1 0 0 0 0 0 1 1 1 0 0 0 0 1 1 1 1 1 1 1 1 0 1 0 1 0 1 1 1 1 0 0 0 1 1 1 1 0 1 1 1 0 0 0 0 0 1 1 1 0 0 0 1 0 1 0 1 1 0 0 1 1 1 1 1 1 1 1 0 1 1 1 
0 1 0 1 1 0 1 1 0 1 0 1 0 0 0 0 1 1 0 0 0 1 1 0 0 1 0 1 1 0 0 0 0 0 1 1 1 0 0 1 0 1 1 1 1 1 1 1 1 0 1 0 1 0 1 1 1 1 0 0 0 1 1 1 1 0 1 1 1 0 0 0 0 0 1 1 1 0 0 0 1 0 1 0 1 1 0 0 1 1 1 1 1 1 1 1 0 1 1 1 
0 1 0 1 1 0 1 1 0 1 0 1 0 0 0 0 1 1 0 0 0 1 0 0 0 1 0 1 1 0 0 0 0 0 1 1 1 0 0 1 0 1 1 1 1 1 1 1 1 0 1 0 1 0 1 1 1 1 0 0 0 1 1 1 1 0 1 1 1 0 0 0 0 0 1 1 1 0 0 0 1 0 1 0 1 1 0 0 0 1 1 1 1 1 1 1 0 1 1 1 
0 1 0 1 1 0 1 1 0 1 0 1 0 0 0 0 1 1 0 0 0 1 0 0 0 1 0 1 1 0 0 0 0 0 1 1 1 0 0 1 0 1 1 1 1 1 1 1 1 0 1 0 1 0 1 1 1 1 0 0 0 1 1 1 1 0 1 1 1 0 0 0 0 0 1 1 0 0 0 0 1 0 1 0 1 1 0 0 0 1 1 1 1 1 1 1 0 1 1 1 
0 1 0 1 1 0 1 1 0 1 0 1 0 0 0 0 1 1 0 0 0 1 0 0 0 1 0 1 1 0 0 0 0 0 1 1 1 0 0 1 0 1 1 1 1 1 1 1 1 0 1 0 1 0 1 1 1 1 0 0 0 1 1 1 1 0 1 1 1 0 0 0 0 0 1 1 0 0 0 0 1 0 1 0 1 1 0 0 0 1 1 1 1 1 1 1 0 1 1 1 
0 1 0 1 1 0 1 1 0 1 0 1 0 0 0 0 1 1 0 0 0 1 0 0 0 1 0 1 1 0 0 0 0 0 1 1 1 0 0 1 0 1 1 1 1 1 1 1 1 0 1 0 1 0 1 1 1 1 0 0 0 1 1 1 1 0 1 1 1 0 0 0 0 0 1 1 0 0 0 0 1 0 1 0 1 1 0 0 0 1 1 1 1 1 1 1 0 1 1 1 
0 1 0 1 1 0 1 1 0 1 0 1 0 0 0 0 1 1 0 0 0 1 0 0 0 1 0 1 1 0 0 0 0 0 1 1 1 0 0 1 0 1 1 1 1 1 1 1 1 0 1 0 1 0 1 1 1 1 0 0 0 1 1 1 1 0 1 1 1 0 0 0 0 0 1 1 0 0 0 0 1 0 1 0 1 1 0 0 0 1 1 1 1 1 1 1 0 1 1 1 
#TS8
0 1 0 1 1 0 1 1 0 1 0 1 0 0 0 0 1 1 0 0 0 1 0 0 0 1 0 1 1 0 0 0 0 0 1 1 1 0 0 1 0 1 1 1 1 1 1 1 1 0 1 0 1 0 1 1 1 1 0 0 0 1 1 1 1 0 1 1 1 0 0 0 0 0 1 1 0 0 0 0 1 0 1 0 1 1 0 0 0 1 1 1 1 1 1 1 0 1 1 1 
0 1 0 1 1 0 1 1 0 1 0 1 0 0 0 1 1 1 0 0 0 1 0 0 0 1 0 1 1 0 0 0 0 0 1 0 1 0 1 1 0 0 1 1 1 1 1 1 1 1 1 0 1 0 1 1 1 1 0 0 0 1 1 1 1 0 1 1 1 0 0 0 0 0 1 1 1 0 0 0 1 0 0 0 1 1 0 1 0 1 1 1 1 1 1 1 0 1 1 1 
0 1 0 1 1 0 1 1 0 1 0 1 0 0 0 1 1 1 0 0 0 1 0 0 0 1 0 1 1 0 0 0 0 0 1 0 1 0 1 1 0 0 1 1 1 1 1 1 1 1 1 0 1 0 1 1 1 1 0 0 0 1 1 1 1 0 1 1 1 0 0 0 0 0 1 1 1 0 0 0 1 0 0 0 1 1 0 1 0 1 1 1 1 1 1 1 0 1 1 1 
0 1 0 1 1 0 1 1 0 1 0 1 0 0 0 1 1 1 0 0 0 1 0 0 0 1 0 0 1 0 0 0 0 0 1 0 1 0 1 1 0 0 1 1 1 1 1 1 1 1 1 0 1 0 1 1 1 1 0 0 0 1 1 1 1 0 1 1 1 0 0 0 0 0 1 1 1 0 0 0 1 0 0 0 1 1 0 1 0 1 1 1 1 1 1 1 0 1 1 1 
0 1 0 1 1 0 1 1 0 1 0 1 0 0 0 1 1 1 0 0 0 1 0 0 0 1 0 0 1 0 0 0 0 0 1 0 1 0 1 1 0 0 1 1 1 1 1 1 1 1 1 0 1 0 1 1 1 1 0 0 0 1 1 1 1 0 1 1 1 0 0 0 0 0 1 1 1 0 0 0 1 0 0 0 1 1 0 1 0 1 1 1 1 1 1 1 0 1 1 1 
0 1 0 1 1 0 1 1 0 1 0 1 0 0 0 1 1 1 0 0 0 1 0 0 0 1 0 0 1 0 0 0 0 0 1 0 0 0 1 1 0 0 1 1 1 1 1 1 1 1 1 0 1 0 1 1 1 1 0 0 0 1 1 1 1 0 1 1 1 0 0 0 0 0 1 1 1 0 0 0 1 0 0 0 1 1 0 1 0 1 1 1 1 1 1 1 0 1 1 1 
1 1 0 1 1 0 1 1 0 1 0 1 0 0 0 1 1 1 0 0 0 1 0 0 0 1 0 0 1 0 0 0 0 0 1 0 0 0 1 1 0 0 1 1 1 1 1 1 1 1 1 0 1 0 1 1 1 1 0 0 0 1 1 1 1 0 1 1 1 0 0 0 0 1 1 1 1 0 0 0 1 0 0 0 1 1 0 1 0 1 1 1 1 1 1 1 0 1 1 1 
1 1 0 1 1 0 1 1 0 1 0 1 0 0 0 1 1 1 1 0 0 1 1 0 0 1 0 0 1 0 0 0 0 0 1 0 0 0 1 1 0 0 1 1 1 1 1 1 1 1 1 0 1 0 1 1 1 1 0 0 0 1 1 1 1 0 1 1 1 0 0 0 0 1 1 1 1 0 0 0 1 0 0 0 1 1 0 1 0 1 1 1 1 1 1 1 0 1 1 1 
1 1 0 1 1 0 1 1 0 1 0 1 0 0 0 1 1 1 0 0 0 1 1 0 0 1 0 0 1 0 0 0 0 0 1 0 0 0 1 1 0 0 1 1 1 1 1 1 1 1 1 0 1 0 1 1 1 1 0 0 0 1 1 1 1 0 1 1 1 0 0 0 0 1 1 1 1 0 0 0 1 0 0 0 1 1 0 1 0 1 1 1 1 1 1 1 0 1 1 1 
1 1 0 1 1 0 1 1 0 1 0 1 0 0 0 1 1 1 0 0 0 1 1 0 0 1 0 0 1 0 0 0 0 0 1 0 0 0 1 1 0 0 1 1 1 1 1 1 1 1 1 0 1 0 1 1 1 1 0 0 0 1 1 1 1 0 1 1 1 0 0 0 0 1 1 0 1 0 0 0 1 0 0 0 1 1 0 1 0 1 1 1 1 1 1 0 0 1 1 1 
1 1 0 1 1 0 1 1 0 1 0 1 0 0 0 1 1 1 0 0 0 1 1 0 1 1 0 0 1 0 0 0 0 0 1 0 0 0 1 1 0 0 1 1 1 1 1 1 1 1 1 0 1 0 1 1 1 1 0 0 0 1 1 1 1 0 1 1 1 0 0 0 0 1 1 0 1 0 0 0 1 0 0 0 1 1 0 1 0 1 1 1 1 1 1 1 0 1 1 1 
1 1 0 1 1 0 1 1 0 1 0 1 0 0 0 1 1 1 0 0 0 1 1 0 0 1 0 1 1 0 0 0 0 0 1 1 1 0 0 1 0 1 1 1 1 1 1 1 1 0 1 0 1 0 1 1 1 1 0 0 0 1 1 1 1 0 1 1 1 0 0 0 0 1 1 0 1 0 0 0 1 0 1 0 1 1 0 1 1 1 1 1 1 1 1 1 0 1 1 1 
0 1 0 1 1 0 1 1 0 1 0 1 0 0 0 0 1 1 0 0 0 1 1 1 0 1 0 1 1 0 0 0 0 0 1 1 1 0 0 1 0 1 1 1 1 1 1 1 1 0 1 0 1 0 1 1 1 1 0 0 0 1 1 1 1 0 1 1 1 0 0 0 0 1 1 0 1 0 0 0 1 0 1 0 1 1 0 1 1 1 1 1 1 1 1 1 0 1 1 1 
0 1 0 1 1 0 1 1 0 1 0 1 0 0 0 0 1 1 0 0 0 1 1 0 0 1 0 1 1 0 0 0 0 0 1 1 1 0 0 1 0 1 1 1 1 1 1 1 1 0 1 0 1 0 1 1 1 1 0 0 0 1 1 1 1 0 1 1 1 0 0 0 0 0 1 1 1 0 0 0 1 0 1 0 1 0 0 0 1 1 1 1 1 1 1 1 0 1 1 1 
0 1 0 1 1 0 1 1 0 1 0 1 0 0 0 0 1 1 0 0 0 1 1 0 0 1 0 1 1 0 0 0 0 0 1 1 1 0 0 1 0 1 1 1 1 1 1 1 1 0 1 0 1 0 1 1 1 1 0 0 0 1 1 1 1 0 1 1 1 0 0 0 0 0 1 1 1 0 0 0 1 0 1 0 1 1 0 0 0 1 1 1 1 1 1 1 0 1 1 1 
0 1 0 1 1 0 1 1 0 1 0 1 0 0 0 0 1 1 0 0 0 1 1 0 0 1 0 1 1 0 0 0 0 0 1 1 1 0 0 1 0 1 1 1 1 1 1 1 1 0 1 0 1 0 1 1 1 1 0 0 0 1 1 1 1 0 1 1 1 0 0 0 0 0 1 1 1 0 0 0 1 0 1 0 1 1 0 0 0 1 1 1 1 1 1 1 0 1 1 1 
0 1 0 1 1 0 1 1 0 1 0 1 0 0 0 0 1 1 0 0 0 1 0 0 0 1 0 1 1 0 0 0 0 0 1 1 1 0 0 1 0 1 1 1 1 1 1 1 1 0 1 0 1 0 1 1 1 1 0 0 0 1 1 1 1 0 1 1 1 0 0 0 0 0 1 1 1 0 0 0 1 0 1 0 1 1 0 0 0 1 1 1 1 1 1 1 0 1 1 1 
0 1 0 1 1 0 1 1 0 1 0 1 0 0 0 0 1 1 0 0 0 1 0 0 0 1 0 1 1 0 0 0 0 0 1 1 1 0 0 1 0 1 1 1 1 1 1 1 1 0 1 0 1 0 1 1 1 1 0 0 0 1 1 1 1 0 1 1 1 0 0 0 0 0 1 1 0 0 0 0 1 0 1 0 1 1 0 0 0 1 1 1 1 1 1 1 0 1 1 1 
0 1 0 1 1 0 1 1 0 1 0 1 0 0 0 0 1 1 0 0 0 1 0 0 0 1 0 1 1 0 0 0 0 0 1 1 1 0 0 1 0 1 1 1 1 1 1 1 1 0 1 0 1 0 1 1 1 1 0 0 0 1 1 1 1 0 1 1 1 0 0 0 0 0 1 1 0 0 0 0 1 0 1 0 1 1 0 0 0 1 1 1 1 1 1 1 0 1 1 1 
0 1 0 1 1 0 1 1 0 1 0 1 0 0 0 0 1 1 0 0 0 1 0 0 0 1 0 1 1 0 0 0 0 0 1 1 1 0 0 1 0 1 1 1 1 1 1 1 1 0 1 0 1 0 1 1 1 1 0 0 0 1 1 1 1 0 1 1 1 0 0 0 0 0 1 1 0 0 0 0 1 0 1 0 1 1 0 0 0 1 1 1 1 1 1 1 0 1 1 1 
0 1 0 1 1 0 1 1 0 1 0 1 0 0 0 0 1 1 0 0 0 1 0 0 0 1 0 1 1 0 0 0 0 0 1 1 1 0 0 1 0 1 1 1 1 1 1 1 1 0 1 0 1 0 1 1 1 1 0 0 0 1 1 1 1 0 1 1 1 0 0 0 0 0 1 1 0 0 0 0 1 0 1 0 1 1 0 0 0 1 1 1 1 1 1 1 0 1 1 1 
#TS9
0 1 0 1 1 0 1 1 0 1 0 1 0 0 0 0 1 1 0 0 0 1 0 0 0 1 0 1 1 0 0 0 0 0 1 1 1 0 0 1 0 1 1 1 1 1 1 1 1 0 1 0 1 0 1 1 1 1 0 0 0 1 1 1 1 0 1 1 1 0 0 0 0 0 1 1 0 0 0 0 1 0 1 0 1 1 0 0 0 1 1 1 1 1 1 1 0 1 1 1 
0 1 0 0 1 0 1 1 1 1 0 1 0 0 0 0 1 1 0 0 0 1 0 0 0 1 0 1 1 0 1 0 0 0 1 1 1 0 0 1 1 1 1 1 1 1 1 1 1 0 1 0 1 0 1 1 1 1 0 0 0 1 1 1 1 0 1 1 1 0 0 0 0 0 1 1 1 0 0 0 1 0 0 0 1 1 0 0 1 1 1 1 1 1 1 1 0 1 1 1 
0 1 0 0 1 0 1 1 1 1 0 1 0 0 0 0 1 1 0 0 0 1 0 0 0 1 0 1 1 0 1 0 0 0 1 1 1 0 0 1 1 1 1 1 1 1 1 1 1 0 1 0 1 0 1 1 1 1 0 0 0 1 1 1 1 0 1 1 1 0 0 0 0 0 1 1 1 0 0 0 1 0 0 0 1 1 0 0 1 1 1 1 0 1 1 1 0 1 1 1 
0 1 0 0 1 0 1 1 1 1 0 1 0 0 0 0 1 1 0 0 0 1 0 0 0 1 0 1 1 0 1 0 0 0 1 1 1 0 0 1 1 1 1 1 1 1 1 1 1 0 1 0 1 0 1 1 1 1 0 0 0 0 1 1 1 0 1 1 1 0 0 0 0 0 1 1 1 0 0 0 1 0 0 0 1 1 0 1 1 1 1 1 0 0 1 1 0 1 1 1 
0 1 0 0 1 0 1 1 1 1 0 1 0 0 0 0 1 1 1 0 0 1 0 0 0 1 0 1 1 0 1 0 0 0 1 1 1 0 0 1 1 1 1 1 1 1 1 1 1 0 1 0 1 0 1 1 1 1 0 0 0 0 1 1 1 0 1 1 1 0 0 0 0 0 1 0 1 0 0 0 1 0 0 0 1 1 0 1 1 1 1 1 0 0 1 1 0 1 1 1 
0 1 0 0 1 0 1 1 1 1 0 1 0 0 0 0 1 1 1 0 0 1 0 0 0 1 0 1 1 0 1 0 0 0 1 1 1 0 1 1 1 1 0 1 1 1 1 1 1 0 1 0 1 0 1 1 1 1 0 0 0 0 1 0 1 0 1 1 1 0 0 0 0 0 1 0 1 0 0 0 1 0 0 0 1 1 0 1 1 1 1 1 0 0 1 1 0 1 1 1 
0 1 0 0 1 0 1 1 1 1 0 1 0 0 0 0 0 1 1 0 0 1 0 0 0 1 0 1 1 0 1 0 0 0 1 1 1 0 1 1 1 1 0 1 1 1 1 1 1 0 1 0 1 0 1 1 1 1 0 0 0 0 1 0 1 0 1 1 1 0 0 0 0 0 1 0 1 0 1 0 1 0 0 0 1 1 1 1 1 1 1 1 0 0 1 1 0 1 1 1 
0 1 0 0 1 0 1 1 1 1 0 1 0 0 0 0 1 1 1 1 0 1 0 0 0 1 0 1 1 0 1 0 0 0 1 1 1 1 1 1 1 1 0 0 1 1 1 1 1 0 1 0 1 0 1 1 1 1 0 0 0 0 1 0 1 0 1 1 1 0 0 0 0 0 1 0 1 0 1 0 1 0 0 0 0 1 1 1 1 1 1 1 0 0 1 1 0 1 1 0 
0 1 0 0 1 0 1 1 1 1 0 1 0 0 0 0 0 1 1 1 0 1 0 0 0 1 0 1 1 0 1 0 0 0 1 1 1 1 1 1 1 1 0 1 1 1 1 1 1 0 1 0 1 0 1 1 1 1 0 0 0 0 1 0 1 0 1 1 1 0 0 0 0 0 0 0 1 0 1 1 1 0 0 0 0 1 1 1 1 1 1 1 0 0 0 1 0 1 1 1 
0 1 0 0 1 0 1 1 1 1 0 1 0 0 0 0 0 1 1 1 0 1 0 0 0 1 0 1 1 0 1 0 0 0 1 1 1 1 1 1 1 1 0 1 1 1 1 1 1 0 0 0 1 0 1 1 1 1 1 0 0 0 0 0 1 0 1 1 1 0 0 0 0 0 0 0 1 0 1 1 1 0 0 0 0 0 1 1 1 1 1 1 0 0 1 1 0 1 1 1 
0 1 0 0 1 0 1 1 1 1 0 1 0 0 0 0 0 1 1 1 0 1 0 0 0 1 0 1 1 0 1 0 0 0 1 1 1 1 1 1 1 1 0 1 1 1 1 1 1 0 1 0 1 0 1 1 1 1 1 0 0 0 0 0 1 0 1 1 1 0 0 0 0 0 0 0 1 0 1 1 1 0 0 0 0 0 1 1 1 1 1 1 0 0 1 1 0 1 1 1 
0 1 0 1 1 0 1 1 1 1 0 1 0 0 0 0 0 1 1 1 0 1 0 0 0 1 0 1 1 0 0 0 0 0 1 1 1 1 1 1 0 1 1 1 1 1 1 1 1 0 1 0 1 0 1 1 1 1 0 0 0 1 0 0 1 0 1 1 1 0 0 0 0 0 0 1 1 1 1 1 1 0 1 0 1 0 1 1 0 1 1 1 1 0 1 1 0 1 1 1 
0 1 0 1 1 0 1 1 1 1 0 1 0 0 0 0 1 1 1 1 0 1 0 0 0 1 0 1 1 0 0 0 0 0 1 1 1 0 1 1 0 1 1 1 1 1 1 1 1 0 1 0 1 0 1 1 1 1 1 0 0 1 1 0 1 0 1 1 1 0 0 0 0 0 0 1 0 1 1 1 1 0 1 0 1 0 0 1 0 1 1 1 1 0 1 1 0 1 1 1 
0 1 0 1 1 0 1 1 0 1 0 1 0 0 0 0 1 1 1 1 0 1 0 0 0 1 0 1 1 0 0 0 0 0 1 1 1 0 0 1 0 1 1 1 1 1 1 1 1 0 1 0 1 0 1 1 1 1 0 0 0 1 1 1 1 0 1 1 1 0 0 0 0 0 0 1 0 1 1 0 1 0 1 0 1 0 1 0 0 1 1 1 1 1 1 1 0 1 1 1 
0 1 0 1 1 0 1 1 0 1 0 1 0 0 0 0 1 1 1 0 0 1 0 0 0 1 0 1 1 0 0 0 0 0 1 1 1 0 0 1 0 1 1 1 1 1 1 1 1 0 1 0 1 0 1 1 1 1 0 0 0 1 1 1 1 0 1 1 1 0 0 0 0 0 1 1 0 0 1 0 1 0 1 0 1 1 0 0 0 1 1 1 1 1 1 1 0 1 1 1 
0 1 0 1 1 0 1 1 0 1 0 1 0 0 0 0 1 1 0 0 0 1 0 0 0 1 0 1 1 0 0 0 0 0 1 1 1 0 0 1 0 1 1 1 1 1 1 1 1 0 1 0 1 0 1 1 1 1 0 0 0 1 1 1 1 0 1 1 1 0 0 0 0 0 1 1 0 0 0 0 1 0 1 0 1 1 0 0 0 1 1 1 1 1 1 1 0 1 1 1 
0 1 0 1 1 0 1 1 0 1 0 1 0 0 0 0 1 1 0 0 0 1 0 0 0 1 0 1 1 0 0 0 0 0 1 1 1 0 0 1 0 1 1 1 1 1 1 1 1 0 1 0 1 0 1 1 1 1 0 0 0 1 1 1 1 0 1 1 1 0 0 0 0 0 1 1 0 0 0 0 1 0 1 0 1 1 0 0 0 1 1 1 1 1 1 1 0 1 1 1 
0 1 0 1 1 0 1 1 0 1 0 1 0 0 0 0 1 1 0 0 0 1 1 0 0 1 0 1 1 0 0 0 0 0 1 1 1 0 0 1 0 1 1 1 1 1 1 1 1 0 1 0 1 0 1 1 1 1 0 0 0 1 1 1 1 0 1 1 1 0 0 0 0 0 1 1 0 0 0 0 1 0 1 0 1 1 0 0 0 1 1 1 1 1 1 1 0 1 1 1 
0 1 0 1 1 0 1 1 0 1 0 1 0 0 0 0 1 1 0 0 0 1 0 0 0 1 0 1 1 0 0 0 0 0 1 1 1 0 0 1 0 1 1 1 1 1 1 1 1 0 1 0 1 0 1 1 1 1 0 0 0 1 1 1 1 0 1 1 1 0 0 0 0 0 1 1 0 0 0 0 1 0 1 0 1 1 0 0 0 1 1 1 1 1 1 1 0 1 1 1 
0 1 0 1 1 0 1 1 0 1 0 1 0 0 0 0 1 1 0 0 0 1 0 0 0 1 0 1 1 0 0 0 0 0 1 1 1 0 0 1 0 1 1 1 1 1 1 1 1 0 1 0 1 0 1 1 1 1 0 0 0 1 1 1 1 0 1 1 1 0 0 0 0 0 1 1 0 0 0 0 1 0 1 0 1 1 0 0 0 1 1 1 1 1 1 1 0 1 1 1 
0 1 0 1 1 0 1 1 0 1 0 1 0 0 0 0 1 1 0 0 0 1 0 0 0 1 0 1 1 0 0 0 0 0 1 1 1 0 0 1 0 1 1 1 1 1 1 1 1 0 1 0 1 0 1 1 1 1 0 0 0 1 1 1 1 0 1 1 1 0 0 0 0 0 1 1 0 0 0 0 1 0 1 0 1 1 0 0 0 1 1 1 1 1 1 1 0 1 1 1 
#TS10
0 1 0 1 1 0 1 1 0 1 0 1 0 0 0 0 1 1 0 0 0 1 0 0 0 1 0 1 1 0 0 0 0 0 1 1 1 0 0 1 0 1 1 1 1 1 1 1 1 0 1 0 1 0 1 1 1 1 0 0 0 1 1 1 1 0 1 1 1 0 0 0 0 0 1 1 0 0 0 0 1 0 1 0 1 1 0 0 0 1 1 1 1 1 1 1 0 1 1 1 
0 1 0 1 1 0 1 1 0 1 0 1 0 0 0 0 1 1 0 0 0 1 1 0 0 1 0 1 1 0 0 0 0 0 1 0 1 0 0 1 1 1 1 1 1 0 1 1 1 0 1 0 1 0 1 1 1 1 0 0 0 1 1 1 1 0 1 1 1 0 0 0 0 0 1 1 0 0 0 0 1 0 1 0 1 1 0 0 1 1 1 1 1 1 1 1 0 1 1 1 
0 1 0 1 1 0 1 1 0 1 0 1 0 0 0 0 1 1 0 0 0 1 1 0 0 1 0 1 1 0 1 0 0 0 1 0 1 0 0 1 1 1 1 1 1 0 1 1 0 0 1 0 0 0 1 1 1 1 0 0 0 1 1 1 1 0 1 1 1 0 0 0 0 0 1 1 0 0 0 0 1 0 1 0 1 1 0 0 1 1 1 1 1 1 1 1 0 1 1 1 
0 1 0 1 1 0 1 1 0 1 0 1 0 0 0 0 1 1 0 0 0 1 1 0 0 1 0 1 1 0 0 0 0 0 1 0 0 0 0 1 1 1 1 1 1 0 1 1 0 0 1 0 0 0 1 1 1 1 0 0 0 1 1 1 1 0 1 1 1 0 0 0 0 0 1 1 0 0 0 0 1 0 1 0 1 1 0 0 1 1 1 1 1 1 1 1 0 1 1 1 
0 1 0 1 1 0 0 1 0 1 0 1 0 0 0 0 1 1 0 0 0 1 1 0 0 1 0 1 1 0 0 0 0 0 1 0 0 0 0 1 1 1 1 1 1 0 1 1 0 0 1 0 0 0 1 1 1 1 0 0 0 1 1 1 1 0 1 1 1 0 0 0 0 0 1 1 0 0 0 0 1 0 1 0 1 1 0 0 1 1 1 1 1 1 1 1 0 1 1 1 
0 1 0 1 1 0 0 1 0 1 0 1 0 0 0 0 1 1 0 0 0 1 1 1 0 1 0 1 1 0 0 0 0 0 1 0 0 0 0 1 1 1 1 1 1 0 0 1 0 0 1 0 0 0 1 1 1 1 0 0 0 1 1 1 1 0 1 1 1 0 0 0 0 1 1 1 1 0 0 0 1 0 1 0 1 1 0 0 1 1 1 1 1 1 1 1 0 1 1 1 
0 1 0 1 1 0 0 1 0 1 0 1 0 0 0 0 1 1 0 0 0 1 1 1 0 1 0 1 1 0 0 0 0 0 1 0 0 0 0 1 1 1 1 1 1 0 0 1 0 0 1 0 0 0 1 1 1 1 0 0 0 1 1 1 1 0 1 1 1 0 0 0 0 1 1 1 1 0 0 0 1 0 1 0 1 1 0 0 1 1 1 1 1 1 1 1 0 1 1 1 
0 1 1 1 1 0 1 1 0 1 0 1 0 0 0 0 1 1 0 0 0 1 1 0 0 1 0 1 1 0 0 0 0 0 1 0 0 0 0 1 1 1 1 1 1 0 0 1 0 0 1 0 0 0 1 1 1 1 0 0 0 1 1 1 1 0 1 1 1 0 0 0 0 1 1 1 1 0 0 0 1 0 1 0 1 1 0 0 1 1 1 1 1 1 1 1 0 1 1 1 
0 1 0 1 1 0 1 1 0 1 0 1 0 0 0 0 1 1 0 0 0 1 1 1 0 1 0 1 1 0 0 0 0 0 1 0 0 0 0 1 1 1 1 1 1 0 0 1 0 0 1 0 0 0 1 1 1 1 0 0 0 1 1 1 1 0 1 1 1 0 0 0 0 1 1 1 1 0 0 0 1 0 1 0 1 1 0 0 1 1 1 1 1 1 1 1 0 1 1 1 
0 1 0 1 1 0 1 1 0 1 0 1 0 0 0 0 1 1 0 0 0 1 1 1 0 1 1 1 1 0 0 0 0 0 1 0 0 0 0 1 1 1 1 1 1 0 0 1 0 0 1 0 0 0 1 1 1 1 0 0 0 1 1 1 1 0 0 1 1 1 0 0 0 1 1 1 1 0 0 0 1 0 1 0 1 1 0 0 1 1 1 1 1 1 1 1 0 1 1 1 
0 1 0 1 1 0 1 1 0 1 0 1 0 0 0 0 1 1 0 0 0 1 1 1 0 1 0 1 1 1 0 0 0 0 1 0 0 0 0 1 1 1 1 1 1 0 0 1 0 0 1 0 0 0 1 1 1 1 0 0 0 1 1 1 1 0 1 1 1 1 0 0 0 1 1 0 1 0 0 0 1 0 1 0 1 1 0 0 1 1 1 1 1 1 1 1 0 1 1 1 
0 1 0 1 1 0 1 1 0 1 0 1 0 0 0 0 1 1 0 0 0 1 1 1 0 1 0 1 1 0 0 0 0 0 1 1 1 0 0 1 0 1 1 1 1 1 1 1 0 0 1 0 0 0 1 1 1 1 0 0 0 1 1 1 1 0 1 1 1 0 0 0 0 1 1 0 1 0 0 0 1 0 1 0 1 1 0 0 1 1 1 1 1 1 1 1 0 1 1 1 
0 1 0 1 1 0 1 1 0 1 0 1 0 0 0 0 1 1 0 0 0 1 1 0 0 1 0 1 1 0 0 0 0 0 1 1 1 0 0 1 0 1 1 1 1 1 1 1 1 0 1 0 1 0 1 1 1 1 0 0 0 1 1 1 1 0 1 1 1 0 0 0 0 1 1 0 1 0 0 0 1 0 1 0 1 1 0 0 1 1 1 1 1 1 1 1 0 1 1 1 
0 1 0 1 1 0 1 1 0 1 0 1 0 0 0 0 1 1 0 0 0 1 1 0 0 1 0 1 1 0 0 0 0 0 1 1 1 0 0 1 0 1 1 1 1 1 1 1 1 0 1 0 1 0 1 1 1 1 0 0 0 1 1 1 1 0 1 1 1 0 0 0 0 0 1 1 1 0 0 0 1 0 1 0 1 1 0 0 1 1 1 1 1 1 1 1 0 1 1 1 
0 1 0 1 1 0 1 1 0 1 0 1 0 0 0 0 1 1 0 0 0 1 1 0 0 1 0 1 1 0 0 0 0 0 1 1 1 0 0 1 0 1 1 1 1 1 1 1 1 0 1 0 1 0 1 1 1 1 0 0 0 1 1 1 1 0 1 1 1 0 0 0 0 0 1 1 1 0 0 0 1 0 1 0 1 1 0 0 1 1 1 1 1 1 1 1 0 1 1 1 
0 1 0 1 1 0 1 1 0 1 0 1 0 0 0 0 1 1 0 0 0 1 1 0 0 1 0 1 1 0 0 0 0 0 1 1 1 0 0 1 0 1 1 1 1 1 1 1 1 0 1 0 1 0 1 1 1 1 0 0 0 1 1 1 1 0 1 1 1 0 0 0 0 0 1 1 1 0 0 0 1 0 1 0 1 1 0 0 1 1 1 1 1 1 1 1 0 1 1 1 
0 1 0 1 1 0 1 1 0 1 0 1 0 0 0 0 1 1 0 0 0 1 0 0 0 1 0 1 1 0 0 0 0 0 1 1 1 0 0 1 0 1 1 1 1 1 1 1 1 0 1 0 1 0 1 1 1 1 0 0 0 1 1 1 1 0 1 1 1 0 0 0 0 0 1 1 1 0 0 0 1 0 1 0 1 1 0 0 0 1 1 1 1 1 1 1 0 1 1 1 
0 1 0 1 1 0 1 1 0 1 0 1 0 0 0 0 1 1 0 0 0 1 0 0 0 1 0 1 1 0 0 0 0 0 1 1 1 0 0 1 0 1 1 1 1 1 1 1 1 0 1 0 1 0 1 1 1 1 0 0 0 1 1 1 1 0 1 1 1 0 0 0 0 0 1 1 0 0 0 0 1 0 1 0 1 1 0 0 0 1 1 1 1 1 1 1 0 1 1 1 
0 1 0 1 1 0 1 1 0 1 0 1 0 0 0 0 1 1 0 0 0 1 0 0 0 1 0 1 1 0 0 0 0 0 1 1 1 0 0 1 0 1 1 1 1 1 1 1 1 0 1 0 1 0 1 1 1 1 0 0 0 1 1 1 1 0 1 1 1 0 0 0 0 0 1 1 0 0 0 0 1 0 1 0 1 1 0 0 0 1 1 1 1 1 1 1 0 1 1 1 
0 1 0 1 1 0 1 1 0 1 0 1 0 0 0 0 1 1 0 0 0 1 0 0 0 1 0 1 1 0 0 0 0 0 1 1 1 0 0 1 0 1 1 1 1 1 1 1 1 0 1 0 1 0 1 1 1 1 0 0 0 1 1 1 1 0 1 1 1 0 0 0 0 0 1 1 0 0 0 0 1 0 1 0 1 1 0 0 0 1 1 1 1 1 1 1 0 1 1 1 
0 1 0 1 1 0 1 1 0 1 0 1 0 0 0 0 1 1 0 0 0 1 0 0 0 1 0 1 1 0 0 0 0 0 1 1 1 0 0 1 0 1 1 1 1 1 1 1 1 0 1 0 1 0 1 1 1 1 0 0 0 1 1 1 1 0 1 1 1 0 0 0 0 0 1 1 0 0 0 0 1 0 1 0 1 1 0 0 0 1 1 1 1 1 1 1 0 1 1 1 
#TS11
0 1 0 1 1 0 1 1 0 1 0 1 0 0 0 0 1 1 0 0 0 1 0 0 0 1 0 1 1 0 0 0 0 0 1 1 1 0 0 1 0 1 1 1 1 1 1 1 1 0 1 0 1 0 1 1 1 1 0 0 0 1 1 1 1 0 1 1 1 0 0 0 0 0 1 1 0 0 0 0 1 0 1 0 1 1 0 0 0 1 1 1 1 1 1 1 0 1 1 1 
0 1 0 1 1 0 1 1 0 1 0 1 0 0 0 0 1 1 0 0 0 1 0 0 0 1 0 1 1 0 0 0 0 0 1 1 1 0 0 1 0 1 1 1 1 1 1 1 1 0 1 0 1 0 1 1 1 1 0 0 0 1 1 1 1 0 1 1 1 0 0 0 0 0 1 1 0 0 0 0 1 0 1 0 1 1 0 0 0 1 1 1 1 1 1 1 0 1 1 1 
#TS12
0 0 0 1 1 0 1 1 0 1 0 1 0 0 0 0 1 1 0 0 0 1 0 0 0 1 0 1 1 0 0 0 0 0 1 1 1 0 0 1 0 1 1 1 1 1 1 1 1 0 1 0 1 0 1 1 1 1 0 0 0 1 1 1 1 0 1 1 1 0 0 0 0 0 1 1 1 0 0 0 1 0 1 0 1 1 0 0 0 1 1 1 1 1 1 1 0 1 1 1 
0 0 0 1 1 0 1 1 0 1 0 1 0 0 0 0 1 1 0 0 0 1 0 0 0 1 0 1 1 0 0 0 0 0 1 1 1 0 0 1 0 1 1 1 1 1 1 1 1 0 1 0 1 0 1 1 1 1 0 0 0 1 1 1 1 0 1 1 1 0 0 0 0 0 1 1 1 0 0 0 1 0 1 0 1 1 0 0 0 1 1 1 1 1 1 1 0 1 1 1 
#TS13
0 1 0 1 1 0 1 1 0 1 0 1 0 0 0 0 1 1 0 0 0 1 0 0 0 1 0 1 1 0 0 0 0 0 1 1 1 0 0 1 0 1 1 1 1 1 1 1 1 0 1 0 1 0 1 1 1 1 0 0 0 1 1 1 1 0 1 1 1 0 0 0 0 0 1 1 0 0 0 0 1 0 1 0 1 1 0 0 0 1 1 1 1 1 1 1 0 1 1 1 
0 1 0 1 1 0 1 1 0 1 0 1 0 0 0 0 1 1 0 0 0 1 0 0 0 1 0 1 1 0 0 0 0 0 1 1 1 0 0 1 0 1 1 1 1 1 1 1 1 0 1 0 1 0 1 1 1 1 0 0 0 1 1 1 1 0 1 1 1 0 0 0 0 0 1 1 0 0 0 0 1 0 1 0 1 1 0 0 0 1 1 1 1 1 1 1 0 1 1 1 
#TS14
0 1 0 0 1 0 1 1 0 1 0 1 0 0 0 0 1 1 0 0 0 1 0 0 0 1 0 1 1 0 0 0 0 0 1 1 1 0 0 1 0 1 1 1 1 1 1 1 1 0 1 0 1 0 1 1 1 1 0 0 0 1 1 1 1 0 1 1 1 0 0 0 0 0 1 1 0 0 0 0 1 0 1 0 1 1 0 0 0 1 1 1 1 1 1 1 0 1 1 1 
0 1 0 0 1 0 1 1 0 1 0 1 0 0 0 0 1 1 0 0 0 1 0 0 0 1 0 1 1 0 0 0 0 0 1 1 1 0 0 1 0 1 1 1 1 1 1 1 1 0 1 0 1 0 1 1 1 1 0 0 0 1 1 1 1 0 1 1 1 0 0 0 0 0 1 1 0 0 0 0 1 0 1 0 1 1 0 0 0 1 1 1 1 1 1 1 0 1 1 1 
#TS15
0 0 0 0 0 1 0 1 0 1 1 1 1 1 1 1 1 1 1 1 0 0 0 0 0 1 0 1 1 0 0 0 0 0 1 1 1 0 0 1 0 1 1 1 1 1 1 1 1 0 1 0 1 0 1 1 1 1 0 0 0 1 1 1 1 0 1 1 1 0 0 0 0 0 1 1 0 0 0 0 1 0 1 0 1 1 0 0 0 1 1 1 1 1 1 1 0 1 1 1 
0 0 0 0 0 1 0 1 0 1 1 1 1 1 1 1 1 1 1 1 0 0 0 0 0 1 0 1 1 0 0 0 0 0 1 1 1 0 0 1 0 1 1 1 1 1 1 1 1 0 1 0 1 0 1 1 1 1 0 0 0 1 1 1 1 0 1 1 1 0 0 0 0 0 1 1 0 0 0 0 1 0 1 0 1 1 0 0 0 1 1 1 1 1 1 1 0 1 1 1 
#TS16
0 1 0 1 1 0 1 1 0 1 0 1 0 0 0 0 1 1 0 0 0 1 0 0 0 1 0 1 1 0 0 0 0 0 1 1 1 0 0 1 0 1 1 1 1 1 1 1 1 0 1 0 1 0 1 1 1 1 0 0 0 1 1 1 1 0 1 1 1 0 0 0 0 0 1 1 0 0 0 0 1 0 1 0 1 1 0 0 0 1 1 1 1 1 1 1 0 1 1 1 
0 1 0 1 1 0 1 1 0 1 0 1 0 0 0 0 1 1 0 0 0 1 0 0 0 1 0 1 1 0 0 0 0 0 1 1 1 0 0 1 0 1 1 1 1 1 1 1 1 0 1 0 1 0 1 1 1 1 0 0 0 1 1 1 1 0 1 1 1 0 0 0 0 0 1 1 0 0 0 0 1 0 1 0 1 1 0 0 0 1 1 1 1 1 1 1 0 1 1 1 
#TS17
0 1 0 1 1 0 0 1 0 1 0 1 0 0 0 0 1 1 0 0 0 1 0 0 0 1 0 1 1 0 0 0 0 0 1 1 1 0 0 1 0 1 1 1 1 1 1 1 1 0 1 0 1 0 1 1 1 1 0 0 0 1 1 1 1 0 1 1 1 0 0 0 0 0 1 1 0 0 0 0 1 0 1 0 1 1 0 0 0 1 1 1 1 1 1 1 0 1 1 1 
0 1 0 1 1 0 0 1 0 1 0 1 0 0 0 0 1 1 0 0 0 1 0 0 0 1 0 1 1 0 0 0 0 0 1 1 1 0 0 1 0 1 1 1 1 1 1 1 1 0 1 0 1 0 1 1 1 1 0 0 0 1 1 1 1 0 1 1 1 0 0 0 0 0 1 1 0 0 0 0 1 0 1 0 1 1 0 0 0 1 1 1 1 1 1 1 0 1 1 1 
#TS18
0 1 0 1 1 0 1 0 0 1 0 1 0 0 0 0 1 1 0 0 0 1 0 0 0 1 0 1 1 0 0 0 0 0 1 1 1 0 0 1 0 1 1 1 1 1 1 1 1 0 1 0 1 0 1 1 1 1 0 0 0 1 1 1 1 0 1 1 1 0 0 0 0 0 1 1 0 0 0 0 1 0 1 0 1 1 0 0 0 1 1 1 1 1 1 1 0 1 1 1 
0 1 0 1 1 0 1 0 0 1 0 1 0 0 0 0 1 1 0 0 0 1 0 0 0 1 0 1 1 0 0 0 0 0 1 1 1 0 0 1 0 1 1 1 1 1 1 1 1 0 1 0 1 0 1 1 1 1 0 0 0 1 1 1 1 0 1 1 1 0 0 0 0 0 1 1 0 0 0 0 1 0 1 0 1 1 0 0 0 1 1 1 1 1 1 1 0 1 1 1 
#TS19
0 1 0 1 1 0 1 1 0 1 0 1 0 0 0 0 1 1 0 0 0 1 0 0 0 1 0 1 1 0 0 0 0 0 1 1 1 0 0 1 0 1 1 1 1 1 1 1 1 0 1 0 1 0 1 1 1 1 0 0 0 1 1 1 1 0 1 1 1 0 0 0 0 0 1 1 0 0 0 0 1 0 1 0 1 1 0 0 0 1 1 1 1 1 1 1 0 1 1 1 
0 1 0 1 1 0 1 1 0 1 0 1 0 0 0 0 1 1 0 0 0 1 0 0 0 1 0 1 1 0 0 0 0 0 1 1 1 0 0 1 0 1 1 1 1 1 1 1 1 0 1 0 1 0 1 1 1 1 0 0 0 1 1 1 1 0 1 1 1 0 0 0 0 0 1 1 0 0 0 0 1 0 1 0 1 1 0 0 0 1 1 1 1 1 1 1 0 1 1 1 
#TS20
0 1 0 1 1 0 1 1 0 0 0 1 0 0 0 0 1 1 0 0 0 1 1 0 0 1 0 1 1 0 0 0 0 0 1 1 0 0 0 1 0 1 1 1 1 1 1 1 1 0 1 0 1 0 1 1 1 1 0 0 0 1 1 1 1 0 1 1 1 1 0 0 1 1 1 0 1 0 0 0 1 0 1 0 1 1 0 0 1 1 1 1 1 1 1 1 0 1 1 1 
0 1 0 1 1 0 1 1 0 0 0 1 0 0 0 0 1 1 0 0 0 1 1 0 0 1 0 1 1 0 0 0 0 0 1 1 0 0 0 1 0 1 1 1 1 1 1 1 1 0 1 0 1 0 1 1 1 1 0 0 0 1 1 1 1 0 1 1 1 1 0 0 1 1 1 0 1 0 0 0 1 0 1 0 1 1 0 0 1 1 1 1 1 1 1 1 0 1 1 1 
#TS21
0 1 0 1 1 0 1 1 0 1 0 1 0 0 0 0 1 1 0 0 0 1 0 0 0 1 0 1 1 0 0 0 0 0 1 1 1 0 0 1 0 1 1 1 1 1 1 1 1 0 1 0 1 0 1 1 1 1 0 0 0 1 1 1 1 0 1 1 1 0 0 0 0 0 1 1 0 0 0 0 1 0 1 0 1 1 0 0 0 1 1 1 1 1 1 1 0 1 1 1 
0 1 0 1 1 0 1 1 0 1 0 1 0 0 0 0 1 1 0 0 0 1 0 0 0 1 0 1 1 0 0 0 0 0 1 1 1 0 0 1 0 1 1 1 1 1 1 1 1 0 1 0 1 0 1 1 1 1 0 0 0 1 1 1 1 0 1 1 1 0 0 0 0 0 1 1 0 0 0 0 1 0 1 0 1 1 0 0 0 1 1 1 1 1 1 1 0 1 1 1 
#TS22
0 1 0 1 1 0 1 1 0 1 0 0 0 0 0 0 1 1 0 0 0 1 0 0 0 1 0 1 1 0 0 0 0 0 1 1 1 0 0 1 0 1 1 1 1 1 1 1 1 0 1 0 1 0 1 1 1 1 0 0 0 1 1 1 1 0 1 1 1 0 0 0 0 0 1 1 0 0 0 0 1 0 1 0 1 1 0 0 0 1 1 1 1 1 1 1 0 1 1 1 
0 1 0 1 1 0 1 1 0 1 0 0 0 0 0 0 1 1 0 0 0 1 0 0 0 1 0 1 1 0 0 0 0 0 1 1 1 0 0 1 0 1 1 1 1 1 1 1 1 0 1 0 1 0 1 1 1 1 0 0 0 1 1 1 1 0 1 1 1 0 0 0 0 0 1 1 0 0 0 0 1 0 1 0 1 1 0 0 0 1 1 1 1 1 1 1 0 1 1 1 
#TS23
0 1 0 1 1 0 1 1 0 1 0 1 0 0 0 0 1 1 0 0 0 1 0 0 0 1 0 1 1 0 0 0 0 0 1 1 1 0 0 1 0 1 1 1 1 1 1 1 1 0 1 0 1 0 1 1 1 1 0 0 0 1 1 1 1 0 1 1 1 0 0 0 0 0 1 1 0 0 0 0 1 0 1 0 1 1 0 0 0 1 1 1 1 1 1 1 0 1 1 1 
0 1 0 1 1 0 1 1 0 1 0 1 0 0 0 0 1 1 0 0 0 1 0 0 0 1 0 1 1 0 0 0 0 0 1 1 1 0 0 1 0 1 1 1 1 1 1 1 1 0 1 0 1 0 1 1 1 1 0 0 0 1 1 1 1 0 1 1 1 0 0 0 0 0 1 1 0 0 0 0 1 0 1 0 1 1 0 0 0 1 1 1 1 1 1 1 0 1 1 1 
#TS24
0 1 0 1 1 0 1 1 0 1 0 1 0 0 0 0 1 1 0 0 0 1 0 0 0 1 0 1 1 0 0 0 0 0 1 1 1 0 0 1 0 1 1 1 1 1 1 1 1 0 1 0 1 0 1 1 1 1 0 0 0 1 1 1 1 0 1 1 1 0 0 0 0 0 1 1 0 0 0 0 1 0 1 0 1 1 0 0 0 1 1 1 1 1 1 1 0 1 1 1 
0 1 0 1 1 0 1 1 0 1 0 1 0 0 0 0 1 1 0 0 0 1 0 0 0 1 0 1 1 0 0 0 0 0 1 1 1 0 0 1 0 1 1 1 1 1 1 1 1 0 1 0 1 0 1 1 1 1 0 0 0 1 1 1 1 0 1 1 1 0 0 0 0 0 1 1 0 0 0 0 1 0 1 0 1 1 0 0 0 1 1 1 1 1 1 1 0 1 1 1 
#TS25
0 1 0 1 1 0 1 1 0 1 0 1 0 0 0 0 1 1 0 0 0 1 0 0 0 1 0 1 1 0 0 0 0 0 1 1 1 0 0 1 0 1 1 1 1 1 1 1 1 0 1 0 1 0 1 1 1 1 0 0 0 1 1 1 1 0 1 1 1 0 0 0 0 0 1 1 0 0 0 0 1 0 1 0 1 1 0 0 0 1 1 1 1 1 1 1 0 1 1 1 
0 1 0 1 1 0 1 1 0 1 0 1 0 0 0 0 1 1 0 0 0 1 0 0 0 1 0 1 1 0 0 0 0 0 1 1 1 0 0 1 0 1 1 1 1 1 1 1 1 0 1 0 1 0 1 1 1 1 0 0 0 1 1 1 1 0 1 1 1 0 0 0 0 0 1 1 0 0 0 0 1 0 1 0 1 1 0 0 0 1 1 1 1 1 1 1 0 1 1 1 
#TS26
0 1 0 1 1 0 1 1 0 1 0 1 0 0 0 0 1 1 0 0 0 1 0 0 0 1 0 1 1 0 0 0 0 0 1 1 1 0 0 1 0 1 1 1 1 1 1 1 1 0 1 0 1 0 1 1 1 1 0 0 0 1 1 1 1 0 1 1 1 0 0 0 0 0 1 1 0 0 0 0 1 0 1 0 1 1 0 0 0 1 1 1 1 1 1 1 0 1 1 1 
0 1 0 1 1 0 1 1 0 1 0 1 0 0 0 0 1 1 0 0 0 1 0 0 0 1 0 1 1 0 0 0 0 0 1 1 1 0 0 1 0 1 1 1 1 1 1 1 1 0 1 0 1 0 1 1 1 1 0 0 0 1 1 1 1 0 1 1 1 0 0 0 0 0 1 1 0 0 0 0 1 0 1 0 1 1 0 0 0 1 1 1 1 1 1 1 0 1 1 1 
#TS27
0 1 0 1 1 0 1 1 0 1 0 1 0 0 0 0 0 1 0 0 0 1 0 0 0 1 0 1 1 0 0 0 0 0 1 1 1 0 0 1 0 1 1 1 1 1 1 1 1 0 1 0 1 0 1 1 1 1 0 0 0 1 1 1 1 0 1 1 1 0 0 0 0 0 1 1 0 0 0 0 1 0 1 0 1 1 0 0 0 1 1 1 1 1 1 1 0 1 1 1 
0 1 0 1 1 0 1 1 0 1 0 1 0 0 0 0 0 1 0 0 0 1 0 0 0 1 0 1 1 0 0 0 0 0 1 1 1 0 0 1 0 1 1 1 1 1 1 1 1 0 1 0 1 0 1 1 1 1 0 0 0 1 1 1 1 0 1 1 1 0 0 0 0 0 1 1 0 0 0 0 1 0 1 0 1 1 0 0 0 1 1 1 1 1 1 1 0 1 1 1 
#TS28
0 1 0 1 1 0 1 1 0 1 0 1 0 0 0 0 1 0 0 0 0 1 0 0 0 1 0 1 1 0 0 0 0 0 1 1 1 0 0 1 0 1 1 1 1 1 1 1 1 0 1 0 1 0 1 1 1 1 0 0 0 1 1 1 1 0 1 1 1 0 0 0 0 0 1 1 0 0 0 0 1 0 1 0 1 1 0 0 0 1 1 1 1 1 1 1 0 1 1 1 
0 1 0 1 1 0 1 1 0 1 0 1 0 0 0 0 1 0 0 0 0 1 0 0 0 1 0 1 1 0 0 0 0 0 1 1 1 0 0 1 0 1 1 1 1 1 1 1 1 0 1 0 1 0 1 1 1 1 0 0 0 1 1 1 1 0 1 1 1 0 0 0 0 0 1 1 0 0 0 0 1 0 1 0 1 1 0 0 0 1 1 1 1 1 1 1 0 1 1 1 
#TS29
0 1 0 1 1 0 1 1 0 1 0 1 0 0 0 0 1 1 0 0 0 1 0 0 0 1 0 1 1 0 0 0 0 0 1 1 1 0 0 1 0 1 1 1 1 1 1 1 1 0 1 0 1 0 1 1 1 1 0 0 0 1 1 1 1 0 1 1 1 0 0 0 0 0 1 1 0 0 0 0 1 0 1 0 1 1 0 0 0 1 1 1 1 1 1 1 0 1 1 1 
0 1 0 1 1 0 1 1 0 1 0 1 0 0 0 0 1 1 0 0 0 1 0 0 0 1 0 1 1 0 0 0 0 0 1 1 1 0 0 1 0 1 1 1 1 1 1 1 1 0 1 0 1 0 1 1 1 1 0 0 0 1 1 1 1 0 1 1 1 0 0 0 0 0 1 1 0 0 0 0 1 0 1 0 1 1 0 0 0 1 1 1 1 1 1 1 0 1 1 1 
#TS30
0 1 0 1 1 0 1 1 0 1 0 1 0 0 0 0 1 1 0 0 0 1 0 0 0 1 0 1 1 0 0 0 0 0 1 1 1 0 0 1 0 1 1 1 1 1 1 1 1 0 1 0 1 0 1 1 1 1 0 0 0 1 1 1 1 0 1 1 1 0 0 0 0 0 1 1 0 0 0 0 1 0 1 0 1 1 0 0 0 1 1 1 1 1 1 1 0 1 1 1 
0 1 0 1 1 0 1 1 0 1 0 1 0 0 0 0 1 1 0 0 0 1 0 0 0 1 0 1 1 0 0 0 0 0 1 1 1 0 0 1 0 1 1 1 1 1 1 1 1 0 1 0 1 0 1 1 1 1 0 0 0 1 1 1 1 0 1 1 1 0 0 0 0 0 1 1 0 0 0 0 1 0 1 0 1 1 0 0 0 1 1 1 1 1 1 1 0 1 1 1 
#TS31
0 1 0 1 1 0 1 1 0 1 0 1 0 0 0 0 1 1 0 0 0 1 0 0 0 1 0 1 1 0 0 0 0 0 1 1 1 0 0 1 0 1 1 1 1 1 1 1 1 0 1 0 1 0 1 1 1 1 0 0 0 1 1 1 1 0 1 1 1 0 0 0 0 0 1 1 0 0 0 0 1 0 1 0 1 1 0 0 0 1 1 1 1 1 1 1 0 1 1 1 
0 1 0 1 1 0 1 1 0 1 0 1 0 0 0 0 1 1 0 0 0 1 0 0 0 1 0 1 1 0 0 0 0 0 1 1 1 0 0 1 0 1 1 1 1 1 1 1 1 0 1 0 1 0 1 1 1 1 0 0 0 1 1 1 1 0 1 1 1 0 0 0 0 0 1 1 0 0 0 0 1 0 1 0 1 1 0 0 0 1 1 1 1 1 1 1 0 1 1 1 
#TS32
0 1 0 1 1 0 1 1 0 1 0 1 0 0 0 0 1 1 0 0 0 0 0 0 0 1 0 1 1 0 0 0 0 0 1 1 1 0 0 1 0 1 1 1 1 1 1 1 1 0 1 0 1 0 1 1 1 1 0 0 0 1 1 1 1 0 1 1 1 0 0 0 0 0 1 1 0 0 0 0 1 0 1 0 1 1 0 0 0 1 1 1 1 1 1 1 0 1 1 1 
0 1 0 1 1 0 1 1 0 1 0 1 0 0 0 0 1 1 0 0 0 0 0 0 0 1 0 1 1 0 0 0 0 0 1 1 1 0 0 1 0 1 1 1 1 1 1 1 1 0 1 0 1 0 1 1 1 1 0 0 0 1 1 1 1 0 1 1 1 0 0 0 0 0 1 1 0 0 0 0 1 0 1 0 1 1 0 0 0 1 1 1 1 1 1 1 0 1 1 1 
#TS33
0 1 0 1 1 0 1 1 0 1 0 1 0 0 0 0 1 1 0 0 0 1 0 0 0 1 0 1 1 0 0 0 0 0 1 1 1 0 0 1 0 1 1 1 1 1 1 1 1 0 1 0 1 0 1 1 1 1 0 0 0 1 1 1 1 0 1 1 1 0 0 0 0 0 1 1 0 0 0 0 1 0 1 0 1 1 0 0 0 1 1 1 1 1 1 1 0 1 1 1 
0 1 0 1 1 0 1 1 0 1 0 1 0 0 0 0 1 1 0 0 0 1 0 0 0 1 0 1 1 0 0 0 0 0 1 1 1 0 0 1 0 1 1 1 1 1 1 1 1 0 1 0 1 0 1 1 1 1 0 0 0 1 1 1 1 0 1 1 1 0 0 0 0 0 1 1 0 0 0 0 1 0 1 0 1 1 0 0 0 1 1 1 1 1 1 1 0 1 1 1 
#TS34
0 1 0 1 1 0 1 1 0 1 0 1 0 0 0 0 1 1 0 0 0 1 0 0 0 1 0 1 1 0 0 0 0 0 1 1 1 0 0 1 0 1 1 1 1 1 1 1 1 0 1 0 1 0 1 1 1 1 0 0 0 1 1 1 1 0 1 1 1 0 0 0 0 0 1 1 0 0 0 0 1 0 1 0 1 1 0 0 0 1 1 1 1 1 1 1 0 1 1 1 
0 1 0 1 1 0 1 1 0 1 0 1 0 0 0 0 1 1 0 0 0 1 0 0 0 1 0 1 1 0 0 0 0 0 1 1 1 0 0 1 0 1 1 1 1 1 1 1 1 0 1 0 1 0 1 1 1 1 0 0 0 1 1 1 1 0 1 1 1 0 0 0 0 0 1 1 0 0 0 0 1 0 1 0 1 1 0 0 0 1 1 1 1 1 1 1 0 1 1 1 
#TS35
0 1 0 1 1 0 0 1 0 1 0 1 0 0 0 0 1 1 0 0 0 1 0 0 0 1 0 1 1 0 0 0 0 0 1 1 1 0 0 1 0 1 1 1 1 1 1 1 1 0 1 0 1 0 1 1 1 1 0 0 0 1 1 1 1 0 1 1 1 0 0 0 0 0 1 1 0 0 0 0 1 0 1 0 1 1 0 0 0 1 1 1 1 1 1 1 0 1 1 1 
0 1 0 1 1 0 0 1 0 1 0 1 0 0 0 0 1 1 0 0 0 1 0 0 0 1 0 1 1 0 0 0 0 0 1 1 1 0 0 1 0 1 1 1 1 1 1 1 1 0 1 0 1 0 1 1 1 1 0 0 0 1 1 1 1 0 1 1 1 0 0 0 0 0 1 1 0 0 0 0 1 0 1 0 1 1 0 0 0 1 1 1 1 1 1 1 0 1 1 1 
#TS36
0 1 0 1 1 0 1 1 0 1 0 1 0 0 0 0 1 1 0 0 0 1 0 0 0 0 0 1 0 0 0 1 1 1 0 1 1 0 0 1 0 1 1 1 1 1 1 1 1 0 1 0 1 0 1 1 1 1 0 0 0 1 1 1 1 0 1 1 1 0 0 0 0 0 1 1 0 0 0 0 1 0 1 0 1 1 0 0 0 1 1 1 1 1 1 1 0 1 1 1 
0 1 0 1 1 0 1 1 0 1 0 1 0 0 0 0 1 1 0 0 0 1 0 0 0 0 0 1 0 0 0 1 1 1 0 1 1 0 0 1 0 1 1 1 1 1 1 1 1 0 1 0 1 0 1 1 1 1 0 0 0 1 1 1 1 0 1 1 1 0 0 0 0 0 1 1 0 0 0 0 1 0 1 0 1 1 0 0 0 1 1 1 1 1 1 1 0 1 1 1 
#TS37
0 1 0 1 1 0 1 1 0 1 0 1 0 0 0 0 1 1 0 0 0 1 0 0 0 1 0 1 1 0 0 0 0 0 1 1 1 0 0 1 0 1 1 1 1 1 1 1 1 0 1 0 1 0 1 1 1 1 0 0 0 1 1 1 1 0 1 1 1 0 0 0 0 0 1 1 0 0 0 0 1 0 1 0 1 1 0 0 0 1 1 1 1 1 1 1 0 1 1 1 
0 1 0 1 1 0 1 1 0 1 0 1 0 0 0 0 1 1 0 0 0 1 0 0 0 1 0 1 1 0 0 0 0 0 1 1 1 0 0 1 0 1 1 1 1 1 1 1 1 0 1 0 1 0 1 1 1 1 0 0 0 1 1 1 1 0 1 1 1 0 0 0 0 0 1 1 0 0 0 0 1 0 1 0 1 1 0 0 0 1 1 1 1 1 1 1 0 1 1 1 
#TS38
0 1 0 1 1 0 1 1 0 1 0 1 0 0 0 0 1 1 0 0 0 1 0 0 0 1 0 0 1 0 0 0 0 0 1 1 1 0 0 1 0 1 1 1 1 1 1 1 1 0 1 0 1 0 1 1 1 1 0 0 0 1 1 1 1 0 1 1 1 0 0 0 0 0 1 1 0 0 0 0 1 0 1 0 1 1 0 0 0 1 1 1 1 1 1 1 0 1 1 1 
0 1 0 1 1 0 1 1 0 1 0 1 0 0 0 0 1 1 0 0 0 1 0 0 0 1 0 0 1 0 0 0 0 0 1 1 1 0 0 1 0 1 1 1 1 1 1 1 1 0 1 0 1 0 1 1 1 1 0 0 0 1 1 1 1 0 1 1 1 0 0 0 0 0 1 1 0 0 0 0 1 0 1 0 1 1 0 0 0 1 1 1 1 1 1 1 0 1 1 1 
#TS39
0 1 0 1 1 0 1 1 0 1 0 1 0 0 0 0 1 1 0 0 0 1 0 0 0 1 0 1 0 0 0 0 0 0 1 1 1 0 0 1 0 1 1 1 1 1 1 1 1 0 1 0 1 0 1 1 1 1 0 0 0 1 1 1 1 0 1 1 1 0 0 0 0 0 1 1 0 0 0 0 1 0 1 0 1 1 0 0 0 1 1 1 1 1 1 1 0 1 1 1 
0 1 0 1 1 0 1 1 0 1 0 1 0 0 0 0 1 1 0 0 0 1 0 0 0 1 0 1 0 0 0 0 0 0 1 1 1 0 0 1 0 1 1 1 1 1 1 1 1 0 1 0 1 0 1 1 1 1 0 0 0 1 1 1 1 0 1 1 1 0 0 0 0 0 1 1 0 0 0 0 1 0 1 0 1 1 0 0 0 1 1 1 1 1 1 1 0 1 1 1 
#TS40
0 1 0 1 1 0 1 1 0 1 0 1 0 0 0 0 1 1 0 0 0 1 0 0 0 1 0 1 1 0 0 0 0 0 1 1 1 0 0 1 0 1 1 1 1 1 1 1 1 0 1 0 1 0 1 1 1 1 0 0 0 1 1 1 1 0 1 1 1 0 0 0 0 0 1 1 0 0 0 0 1 0 1 0 1 1 0 0 0 1 1 1 1 1 1 1 0 1 1 1 
0 1 0 1 1 0 1 1 0 1 0 1 0 0 0 0 1 1 0 0 0 1 0 0 0 1 0 1 1 0 0 0 0 0 1 1 1 0 0 1 0 1 1 1 1 1 1 1 1 0 1 0 1 0 1 1 1 1 0 0 0 1 1 1 1 0 1 1 1 0 0 0 0 0 1 1 0 0 0 0 1 0 1 0 1 1 0 0 0 1 1 1 1 1 1 1 0 1 1 1 
#TS41
0 1 0 1 1 0 1 1 0 1 0 1 0 0 0 0 1 1 0 0 0 1 0 0 0 1 0 1 1 0 0 0 0 0 1 1 1 0 0 1 0 1 1 1 1 1 1 1 1 0 1 0 1 0 1 1 1 1 0 0 0 1 1 1 1 0 1 1 1 0 0 0 0 0 1 1 0 0 0 0 1 0 1 0 1 1 0 0 0 1 1 1 1 1 1 1 0 1 1 1 
0 1 0 1 1 0 1 1 0 1 0 1 0 0 0 0 1 1 0 0 0 1 0 0 0 1 0 1 1 0 0 0 0 0 1 1 1 0 0 1 0 1 1 1 1 1 1 1 1 0 1 0 1 0 1 1 1 1 0 0 0 1 1 1 1 0 1 1 1 0 0 0 0 0 1 1 0 0 0 0 1 0 1 0 1 1 0 0 0 1 1 1 1 1 1 1 0 1 1 1 
#TS42
0 1 0 1 1 0 1 1 0 1 0 1 0 0 0 0 1 1 0 0 0 1 0 0 0 1 0 1 1 0 0 0 0 0 1 1 1 0 0 1 0 1 1 1 1 1 1 1 1 0 1 0 1 0 1 1 1 1 0 0 0 1 1 1 1 0 1 1 1 0 0 0 0 0 1 1 0 0 0 0 1 0 1 0 1 1 0 0 0 1 1 1 1 1 1 1 0 1 1 1 
0 1 0 1 1 0 1 1 0 1 0 1 0 0 0 0 1 1 0 0 0 1 0 0 0 1 0 1 1 0 0 0 0 0 1 1 1 0 0 1 0 1 1 1 1 1 1 1 1 0 1 0 1 0 1 1 1 1 0 0 0 1 1 1 1 0 1 1 1 0 0 0 0 0 1 1 0 0 0 0 1 0 1 0 1 1 0 0 0 1 1 1 1 1 1 1 0 1 1 1 
#TS43
0 1 0 1 1 0 1 1 0 1 0 1 0 0 0 0 1 1 0 0 0 1 0 0 0 1 0 1 1 0 0 0 0 0 1 1 1 0 0 1 0 1 1 1 1 1 1 1 1 0 1 0 1 0 1 1 1 1 0 0 0 1 1 1 1 0 1 1 1 0 0 0 0 0 1 1 0 0 0 0 1 0 1 0 1 1 0 0 0 1 1 1 1 1 1 1 0 1 1 1 
0 1 0 1 1 0 1 1 0 1 0 1 0 0 0 0 1 1 0 0 0 1 0 0 0 1 0 1 1 0 0 0 0 0 1 1 1 0 0 1 0 1 1 1 1 1 1 1 1 0 1 0 1 0 1 1 1 1 0 0 0 1 1 1 1 0 1 1 1 0 0 0 0 0 1 1 0 0 0 0 1 0 1 0 1 1 0 0 0 1 1 1 1 1 1 1 0 1 1 1 
#TS44
0 1 0 1 1 0 1 1 0 1 0 1 0 0 0 0 1 1 0 0 0 1 0 0 0 1 0 1 1 0 0 0 0 0 1 1 1 0 0 1 0 1 1 1 1 1 1 1 1 0 1 0 1 0 1 1 1 1 0 0 0 1 1 1 1 0 1 1 1 0 0 0 0 0 1 1 0 0 0 0 1 0 1 0 1 1 0 0 0 1 1 1 1 1 1 1 0 1 1 1 
0 1 0 1 1 0 1 1 0 1 0 1 0 0 0 0 1 1 0 0 0 1 0 0 0 1 0 1 1 0 0 0 0 0 1 1 1 0 0 1 0 1 1 1 1 1 1 1 1 0 1 0 1 0 1 1 1 1 0 0 0 1 1 1 1 0 1 1 1 0 0 0 0 0 1 1 0 0 0 0 1 0 1 0 1 1 0 0 0 1 1 1 1 1 1 1 0 1 1 1 
#TS45
0 1 0 1 1 0 1 1 0 1 0 1 0 0 0 0 1 1 0 0 0 1 0 0 0 1 0 1 1 0 0 0 0 0 0 1 1 0 0 1 0 1 1 1 1 1 1 1 1 0 1 0 1 0 1 1 1 1 0 0 0 1 1 1 1 0 1 1 1 0 0 0 0 0 1 1 0 0 0 0 1 0 1 0 1 1 0 0 0 1 1 1 1 1 1 1 0 1 1 1 
0 1 0 1 1 0 1 1 0 1 0 1 0 0 0 0 1 1 0 0 0 1 0 0 0 1 0 1 1 0 0 0 0 0 0 1 1 0 0 1 0 1 1 1 1 1 1 1 1 0 1 0 1 0 1 1 1 1 0 0 0 1 1 1 1 0 1 1 1 0 0 0 0 0 1 1 0 0 0 0 1 0 1 0 1 1 0 0 0 1 1 1 1 1 1 1 0 1 1 1 
#TS46
0 1 0 1 1 0 1 1 0 1 0 1 0 0 0 0 1 1 0 0 0 1 1 1 0 1 0 1 1 0 0 0 0 0 1 0 0 0 0 1 0 1 1 1 1 1 1 1 1 0 1 0 1 0 1 1 1 1 0 0 0 1 1 1 1 0 1 1 1 1 0 0 1 1 1 0 1 0 0 0 1 0 1 0 1 1 0 0 1 1 1 1 1 1 1 1 0 1 1 1 
0 1 0 1 1 0 1 1 0 1 0 1 0 0 0 0 1 1 0 0 0 1 1 1 0 1 0 1 1 0 0 0 0 0 1 0 0 0 0 1 0 1 1 1 1 1 1 1 1 0 1 0 1 0 1 1 1 1 0 0 0 1 1 1 1 0 1 1 1 1 0 0 1 1 1 0 1 0 0 0 1 0 1 0 1 1 0 0 1 1 1 1 1 1 1 1 0 1 1 1 
#TS47
0 1 0 1 1 0 1 1 0 1 0 1 0 0 0 0 1 1 0 0 0 1 1 1 0 1 0 1 1 0 0 0 0 0 1 1 0 0 0 1 0 1 1 1 1 1 1 1 1 0 1 0 1 0 1 1 1 1 0 1 0 1 1 1 1 0 1 1 1 1 0 0 1 1 1 0 1 0 0 0 1 0 1 0 1 1 0 0 1 1 1 1 1 1 1 1 0 1 1 1 
0 1 0 1 1 0 1 1 0 1 0 1 0 0 0 0 1 1 0 0 0 1 1 1 0 1 0 1 1 0 0 0 0 0 1 1 0 0 0 1 0 1 1 1 1 1 1 1 1 0 1 0 1 0 1 1 1 1 0 1 0 1 1 1 1 0 1 1 1 1 0 0 1 1 1 0 1 0 0 0 1 0 1 0 1 1 0 0 1 1 1 1 1 1 1 1 0 1 1 1 
#TS48
0 1 0 1 1 0 1 1 0 1 0 1 0 0 0 0 1 1 0 0 0 1 0 0 0 1 0 1 1 0 0 0 0 0 1 1 1 0 0 1 0 1 1 1 1 1 1 1 1 0 1 0 1 0 1 1 1 1 0 0 0 1 1 1 1 0 1 1 1 0 0 0 0 0 1 1 0 0 0 0 1 0 1 0 1 1 0 0 0 1 1 1 1 1 1 1 0 1 1 1 
0 1 0 1 1 0 1 1 0 1 0 1 0 0 0 0 1 1 0 0 0 1 0 0 0 1 0 1 1 0 0 0 0 0 1 1 1 0 0 1 0 1 1 1 1 1 1 1 1 0 1 0 1 0 1 1 1 1 0 0 0 1 1 1 1 0 1 1 1 0 0 0 0 0 1 1 0 0 0 0 1 0 1 0 1 1 0 0 0 1 1 1 1 1 1 1 0 1 1 1 
#TS49
0 1 0 1 1 0 1 1 0 1 0 1 0 0 0 0 1 1 0 0 0 1 0 0 0 1 0 1 1 0 0 0 0 0 1 1 1 0 0 1 0 1 1 1 1 1 1 1 1 0 1 0 1 0 1 1 1 1 0 0 0 1 1 1 1 0 1 1 1 0 0 0 0 0 1 1 1 0 0 0 1 0 1 0 1 1 0 0 0 1 1 1 1 1 1 1 0 1 1 1 
0 1 0 1 1 0 1 1 0 1 0 1 0 0 0 0 1 1 0 0 0 1 0 0 0 1 0 1 1 0 0 0 0 0 1 1 1 0 0 1 0 1 1 1 1 1 1 1 1 0 1 0 1 0 1 1 1 1 0 0 0 1 1 1 1 0 1 1 1 0 0 0 0 0 1 1 1 0 0 0 1 0 1 0 1 1 0 0 0 1 1 1 1 1 1 1 0 1 1 1 
#TS50
0 1 0 1 1 0 1 1 0 1 0 1 0 0 0 0 1 1 0 0 0 1 0 0 0 1 0 1 1 0 0 0 0 0 1 1 1 0 0 0 1 1 1 1 1 1 1 1 1 0 1 0 1 0 1 1 1 1 0 0 0 1 1 1 1 0 1 1 1 0 0 0 0 0 1 1 0 0 0 0 1 0 1 0 1 1 0 0 0 1 1 1 1 1 1 1 0 1 1 1 
0 1 0 1 1 0 1 1 0 1 0 1 0 0 0 0 1 1 0 0 0 1 0 0 0 1 0 1 1 0 0 0 0 0 1 1 1 0 0 0 1 1 1 1 1 1 1 1 1 0 1 0 1 0 1 1 1 1 0 0 0 1 1 1 1 0 1 1 1 0 0 0 0 0 1 1 0 0 0 0 1 0 1 0 1 1 0 0 0 1 1 1 1 1 1 1 0 1 1 1 
#TS51
0 1 0 1 1 0 1 1 0 1 0 1 0 0 0 0 1 1 0 0 0 1 0 0 0 1 0 1 1 0 0 0 0 0 1 1 1 0 0 1 0 1 1 1 1 1 1 1 1 0 1 0 1 0 1 1 1 1 0 0 0 1 1 1 1 0 1 1 1 0 0 0 0 0 1 1 0 0 0 0 1 0 1 0 1 1 0 0 0 1 1 1 1 1 1 1 0 1 1 1 
0 1 0 1 1 0 1 1 0 1 0 1 0 0 0 0 1 1 0 0 0 1 0 0 0 1 0 1 1 0 0 0 0 0 1 1 1 0 0 1 0 1 1 1 1 1 1 1 1 0 1 0 1 0 1 1 1 1 0 0 0 1 1 1 1 0 1 1 1 0 0 0 0 0 1 1 0 0 0 0 1 0 1 0 1 1 0 0 0 1 1 1 1 1 1 1 0 1 1 1 
#TS52
0 1 0 1 1 0 1 1 0 1 0 1 0 0 0 0 1 1 0 0 0 1 0 0 0 1 0 1 1 0 0 0 0 0 1 1 1 0 0 1 0 0 1 1 1 1 1 1 1 0 1 0 1 0 1 1 1 1 0 0 0 1 1 1 1 0 1 1 1 0 0 0 0 0 1 1 0 0 0 0 1 0 1 0 1 1 0 0 0 1 1 1 1 1 1 1 0 1 1 1 
0 1 0 1 1 0 1 1 0 1 0 1 0 0 0 0 1 1 0 0 0 1 0 0 0 1 0 1 1 0 0 0 0 0 1 1 1 0 0 1 0 0 1 1 1 1 1 1 1 0 1 0 1 0 1 1 1 1 0 0 0 1 1 1 1 0 1 1 1 0 0 0 0 0 1 1 0 0 0 0 1 0 1 0 1 1 0 0 0 1 1 1 1 1 1 1 0 1 1 1 
#TS53
0 1 0 1 1 0 1 1 0 1 0 1 0 0 0 0 1 1 1 1 0 1 0 0 0 1 0 1 1 0 0 0 0 0 1 1 1 0 0 1 0 1 0 0 0 1 1 1 1 0 1 0 1 0 1 1 1 1 1 0 0 1 0 1 1 0 1 1 1 0 0 0 0 0 0 1 0 1 1 1 1 0 1 0 1 1 0 0 0 1 1 1 1 1 1 1 0 1 1 1 
0 1 0 1 1 0 1 1 0 1 0 1 0 0 0 0 1 1 1 1 0 1 0 0 0 1 0 1 1 0 0 0 0 0 1 1 1 0 0 1 0 1 0 0 0 1 1 1 1 0 1 0 1 0 1 1 1 1 1 0 0 1 0 1 1 0 1 1 1 0 0 0 0 0 0 1 0 1 1 1 1 0 1 0 1 1 0 0 0 1 1 1 1 1 1 1 0 1 1 1 
#TS54
0 1 0 1 1 0 1 1 0 1 0 1 0 0 0 0 1 1 0 1 0 1 0 0 0 1 0 1 1 0 0 0 0 0 1 1 1 0 0 1 0 1 1 0 1 1 1 1 1 0 1 0 1 0 1 1 1 1 1 0 1 1 0 1 1 0 1 1 1 0 0 0 0 0 0 1 0 1 1 1 1 0 1 0 1 1 0 0 0 1 1 1 1 1 1 1 0 1 1 1 
0 1 0 1 1 0 1 1 0 1 0 1 0 0 0 0 1 1 0 1 0 1 0 0 0 1 0 1 1 0 0 0 0 0 1 1 1 0 0 1 0 1 1 0 1 1 1 1 1 0 1 0 1 0 1 1 1 1 1 0 1 1 0 1 1 0 1 1 1 0 0 0 0 0 0 1 0 1 1 1 1 0 1 0 1 1 0 0 0 1 1 1 1 1 1 1 0 1 1 1 
#TS55
0 1 0 1 1 0 1 1 0 1 0 1 0 0 0 0 1 1 0 0 0 1 0 0 0 1 0 1 1 0 0 0 0 0 1 1 1 0 0 1 0 1 1 1 0 1 1 1 1 0 1 0 1 0 1 1 1 1 0 0 0 1 1 1 1 0 1 1 1 0 0 0 0 0 1 1 0 0 0 0 1 0 1 0 1 1 0 0 0 1 1 1 1 1 1 1 0 1 1 1 
0 1 0 1 1 0 1 1 0 1 0 1 0 0 0 0 1 1 0 0 0 1 0 0 0 1 0 1 1 0 0 0 0 0 1 1 1 0 0 1 0 1 1 1 0 1 1 1 1 0 1 0 1 0 1 1 1 1 0 0 0 1 1 1 1 0 1 1 1 0 0 0 0 0 1 1 0 0 0 0 1 0 1 0 1 1 0 0 0 1 1 1 1 1 1 1 0 1 1 1 
#TS56
0 1 0 1 1 0 1 1 0 1 0 1 0 0 0 0 1 0 1 0 0 1 1 0 0 1 0 1 1 0 0 0 0 0 1 1 0 0 0 1 0 1 1 1 1 0 0 0 0 0 1 0 0 0 0 1 1 1 0 0 0 1 1 1 1 0 1 1 0 1 0 0 1 1 1 0 1 0 0 0 1 0 1 0 1 1 0 0 1 1 1 1 1 1 1 1 0 1 1 1 
0 1 0 1 1 0 1 1 0 1 0 1 0 0 0 0 1 0 1 0 0 1 1 0 0 1 0 1 1 0 0 0 0 0 1 1 0 0 0 1 0 1 1 1 1 0 0 0 0 0 1 0 0 0 0 1 1 1 0 0 0 1 1 1 1 0 1 1 0 1 0 0 1 1 1 0 1 0 0 0 1 0 1 0 1 1 0 0 1 1 1 1 1 1 1 1 0 1 1 1 
#TS57
0 1 0 1 1 0 1 1 0 1 0 1 0 0 0 0 1 1 0 0 0 1 0 0 0 1 0 1 1 0 0 0 0 0 1 1 1 0 0 1 0 1 1 1 1 1 0 1 1 0 1 0 1 0 1 1 1 1 0 0 0 1 1 1 1 0 1 1 1 0 0 0 0 0 1 1 0 0 0 0 1 0 1 0 1 1 0 0 0 1 1 1 1 1 1 1 0 1 1 1 
0 1 0 1 1 0 1 1 0 1 0 1 0 0 0 0 1 1 0 0 0 1 0 0 0 1 0 1 1 0 0 0 0 0 1 1 1 0 0 1 0 1 1 1 1 1 0 1 1 0 1 0 1 0 1 1 1 1 0 0 0 1 1 1 1 0 1 1 1 0 0 0 0 0 1 1 0 0 0 0 1 0 1 0 1 1 0 0 0 1 1 1 1 1 1 1 0 1 1 1 
#TS58
0 1 0 1 1 0 1 1 0 1 0 1 0 0 0 0 1 1 0 0 0 1 0 0 0 1 0 1 1 0 0 0 0 0 1 1 1 0 0 1 0 1 1 1 1 1 1 0 1 0 1 0 1 0 1 1 1 1 0 0 0 1 1 1 1 0 1 1 1 0 0 0 0 0 1 1 0 0 0 0 1 0 1 0 1 1 0 0 0 1 1 1 1 1 1 1 0 1 1 1 
0 1 0 1 1 0 1 1 0 1 0 1 0 0 0 0 1 1 0 0 0 1 0 0 0 1 0 1 1 0 0 0 0 0 1 1 1 0 0 1 0 1 1 1 1 1 1 0 1 0 1 0 1 0 1 1 1 1 0 0 0 1 1 1 1 0 1 1 1 0 0 0 0 0 1 1 0 0 0 0 1 0 1 0 1 1 0 0 0 1 1 1 1 1 1 1 0 1 1 1 
#TS59
0 1 0 1 1 0 1 1 0 1 0 1 0 0 0 0 1 1 0 0 0 1 0 0 0 1 0 1 1 0 0 0 0 0 1 1 1 0 0 1 0 1 1 1 1 1 1 1 0 0 1 0 1 0 1 1 1 1 0 0 0 1 1 1 1 0 1 1 1 0 0 0 0 0 1 1 0 0 0 0 1 0 1 0 1 1 0 0 0 1 1 1 1 1 1 1 0 1 1 1 
0 1 0 1 1 0 1 1 0 1 0 1 0 0 0 0 1 1 0 0 0 1 0 0 0 1 0 1 1 0 0 0 0 0 1 1 1 0 0 1 0 1 1 1 1 1 1 1 0 0 1 0 1 0 1 1 1 1 0 0 0 1 1 1 1 0 1 1 1 0 0 0 0 0 1 1 0 0 0 0 1 0 1 0 1 1 0 0 0 1 1 1 1 1 1 1 0 1 1 1 
#TS60
0 1 0 1 1 0 1 1 0 1 0 1 0 0 0 0 1 1 0 0 0 1 0 0 0 1 0 1 1 0 0 0 0 0 1 1 1 0 0 1 0 1 1 1 1 1 1 1 1 0 1 0 1 0 1 1 1 1 0 0 0 1 1 1 1 0 1 1 1 0 0 0 0 0 1 1 0 0 0 0 1 0 1 0 1 1 0 0 0 1 1 1 1 1 1 1 0 1 1 1 
0 1 0 1 1 0 1 1 0 1 0 1 0 0 0 0 1 1 0 0 0 1 0 0 0 1 0 1 1 0 0 0 0 0 1 1 1 0 0 1 0 1 1 1 1 1 1 1 1 0 1 0 1 0 1 1 1 1 0 0 0 1 1 1 1 0 1 1 1 0 0 0 0 0 1 1 0 0 0 0 1 0 1 0 1 1 0 0 0 1 1 1 1 1 1 1 0 1 1 1 
#TS61
0 1 0 1 1 0 1 1 0 1 0 1 0 0 0 0 1 1 0 0 0 1 0 0 0 1 0 1 1 0 0 0 0 0 1 1 1 0 0 1 0 1 1 1 1 1 1 1 1 0 0 0 1 0 1 1 1 1 0 0 0 1 1 1 1 0 1 1 1 0 0 0 0 0 1 1 0 0 0 0 1 0 1 0 1 1 0 0 0 1 1 1 1 1 1 1 0 1 1 1 
0 1 0 1 1 0 1 1 0 1 0 1 0 0 0 0 1 1 0 0 0 1 0 0 0 1 0 1 1 0 0 0 0 0 1 1 1 0 0 1 0 1 1 1 1 1 1 1 1 0 0 0 1 0 1 1 1 1 0 0 0 1 1 1 1 0 1 1 1 0 0 0 0 0 1 1 0 0 0 0 1 0 1 0 1 1 0 0 0 1 1 1 1 1 1 1 0 1 1 1 
#TS62
0 1 0 1 1 0 1 1 0 1 0 1 0 0 0 0 1 1 0 0 0 1 0 0 0 1 0 1 1 0 0 0 0 0 1 1 1 0 0 1 0 1 1 1 1 1 1 1 1 0 1 0 1 0 1 1 1 1 0 0 0 1 1 1 1 0 1 1 1 0 0 0 0 0 1 1 0 0 0 0 1 0 1 0 1 1 0 0 0 1 1 1 1 1 1 1 0 1 1 1 
0 1 0 1 1 0 1 1 0 1 0 1 0 0 0 0 1 1 0 0 0 1 0 0 0 1 0 1 1 0 0 0 0 0 1 1 1 0 0 1 0 1 1 1 1 1 1 1 1 0 1 0 1 0 1 1 1 1 0 0 0 1 1 1 1 0 1 1 1 0 0 0 0 0 1 1 0 0 0 0 1 0 1 0 1 1 0 0 0 1 1 1 1 1 1 1 0 1 1 1 
#TS63
0 1 0 1 1 0 1 1 0 1 0 1 0 0 0 0 1 1 0 0 0 1 0 0 0 1 0 1 1 0 0 0 0 0 1 1 1 0 0 1 0 1 1 1 1 1 1 1 1 0 1 0 0 0 1 1 1 1 0 0 0 1 1 1 1 0 1 1 1 0 0 0 0 0 1 1 0 0 0 0 1 0 1 0 1 1 0 0 0 1 1 1 1 1 1 1 0 1 1 1 
0 1 0 1 1 0 1 1 0 1 0 1 0 0 0 0 1 1 0 0 0 1 0 0 0 1 0 1 1 0 0 0 0 0 1 1 1 0 0 1 0 1 1 1 1 1 1 1 1 0 1 0 0 0 1 1 1 1 0 0 0 1 1 1 1 0 1 1 1 0 0 0 0 0 1 1 0 0 0 0 1 0 1 0 1 1 0 0 0 1 1 1 1 1 1 1 0 1 1 1 
#TS64
0 1 0 1 1 0 1 1 0 1 0 1 0 0 0 0 1 1 0 0 0 1 0 0 0 1 0 1 1 0 0 0 0 0 1 1 1 0 0 1 0 1 1 1 1 1 1 1 1 0 1 0 1 0 1 1 1 1 0 0 0 1 1 1 1 0 1 1 1 0 0 0 0 0 1 1 0 0 0 0 0 1 1 0 1 1 0 0 0 1 1 1 1 1 1 1 0 1 1 1 
0 1 0 1 1 0 1 1 0 1 0 1 0 0 0 0 1 1 0 0 0 1 0 0 0 1 0 1 1 0 0 0 0 0 1 1 1 0 0 1 0 1 1 1 1 1 1 1 1 0 1 0 1 0 1 1 1 1 0 0 0 1 1 1 1 0 1 1 1 0 0 0 0 0 1 1 0 0 0 0 0 1 1 0 1 1 0 0 0 1 1 1 1 1 1 1 0 1 1 1 
#TS65
0 1 0 1 1 0 1 1 0 1 0 1 0 0 0 0 1 1 0 0 0 1 0 0 0 1 0 1 1 0 0 0 0 0 1 1 1 0 0 1 0 1 1 1 1 1 1 1 1 0 1 0 1 1 0 1 1 1 0 0 0 1 1 1 1 0 1 1 1 0 0 0 0 0 1 1 0 0 0 0 1 0 1 0 1 1 0 0 0 1 1 1 1 1 1 1 0 1 1 1 
0 1 0 1 1 0 1 1 0 1 0 1 0 0 0 0 1 1 0 0 0 1 0 0 0 1 0 1 1 0 0 0 0 0 1 1 1 0 0 1 0 1 1 1 1 1 1 1 1 0 1 0 1 1 0 1 1 1 0 0 0 1 1 1 1 0 1 1 1 0 0 0 0 0 1 1 0 0 0 0 1 0 1 0 1 1 0 0 0 1 1 1 1 1 1 1 0 1 1 1 
#TS66
0 1 0 1 1 0 1 1 0 1 0 1 0 0 0 0 1 1 0 0 0 1 0 0 0 1 0 1 1 0 0 0 0 0 1 1 1 0 0 1 0 1 1 1 1 1 1 1 1 0 1 0 1 0 1 0 1 1 0 0 0 1 1 1 1 0 1 1 1 0 0 0 0 0 1 1 0 0 0 0 1 0 1 0 1 1 0 0 0 1 1 1 1 1 1 1 0 1 1 1 
0 1 0 1 1 0 1 1 0 1 0 1 0 0 0 0 1 1 0 0 0 1 0 0 0 1 0 1 1 0 0 0 0 0 1 1 1 0 0 1 0 1 1 1 1 1 1 1 1 0 1 0 1 0 1 0 1 1 0 0 0 1 1 1 1 0 1 1 1 0 0 0 0 0 1 1 0 0 0 0 1 0 1 0 1 1 0 0 0 1 1 1 1 1 1 1 0 1 1 1 
#TS67
0 1 0 1 1 0 1 1 0 1 0 1 0 0 0 0 1 1 0 0 0 1 0 0 0 1 0 1 1 0 0 0 0 0 1 1 1 0 0 1 0 1 1 1 1 1 1 1 1 0 1 0 1 0 1 1 0 1 0 0 0 1 1 1 1 0 1 1 1 0 0 0 0 0 1 1 0 0 0 0 1 0 1 0 1 1 0 0 0 1 1 1 1 1 1 1 0 1 1 1 
0 1 0 1 1 0 1 1 0 1 0 1 0 0 0 0 1 1 0 0 0 1 0 0 0 1 0 1 1 0 0 0 0 0 1 1 1 0 0 1 0 1 1 1 1 1 1 1 1 0 1 0 1 0 1 1 0 1 0 0 0 1 1 1 1 0 1 1 1 0 0 0 0 0 1 1 0 0 0 0 1 0 1 0 1 1 0 0 0 1 1 1 1 1 1 1 0 1 1 1 
#TS68
0 1 0 1 1 0 1 1 0 1 0 1 0 0 0 0 1 1 0 0 0 1 0 0 0 1 0 1 1 0 0 0 0 0 1 1 1 0 0 1 0 1 1 1 1 1 1 1 1 0 1 0 1 0 1 1 1 0 0 0 0 1 1 1 1 0 1 1 1 0 0 0 0 0 1 1 0 0 0 0 1 0 1 0 1 1 0 0 0 1 1 1 1 1 1 1 0 1 1 1 
0 1 0 1 1 0 1 1 0 1 0 1 0 0 0 0 1 1 0 0 0 1 0 0 0 1 0 1 1 0 0 0 0 0 1 1 1 0 0 1 0 1 1 1 1 1 1 1 1 0 1 0 1 0 1 1 1 0 0 0 0 1 1 1 1 0 1 1 1 0 0 0 0 0 1 1 0 0 0 0 1 0 1 0 1 1 0 0 0 1 1 1 1 1 1 1 0 1 1 1 
#TS69
0 1 0 1 1 0 1 1 0 1 0 1 0 0 0 0 1 1 0 0 0 1 0 0 0 1 0 1 1 0 0 0 0 0 1 1 1 0 0 1 0 1 1 1 1 1 1 1 1 0 1 0 1 0 1 1 1 1 0 0 0 1 1 1 1 0 1 1 1 0 0 0 0 0 1 1 0 0 0 0 1 0 1 0 1 1 0 0 0 1 1 1 1 1 1 1 0 1 1 1 
0 1 0 1 1 0 1 1 0 1 0 1 0 0 0 0 1 1 0 0 0 1 0 0 0 1 0 1 1 0 0 0 0 0 1 1 1 0 0 1 0 1 1 1 1 1 1 1 1 0 1 0 1 0 1 1 1 1 0 0 0 1 1 1 1 0 1 1 1 0 0 0 0 0 1 1 0 0 0 0 1 0 1 0 1 1 0 0 0 1 1 1 1 1 1 1 0 1 1 1 
#TS70
0 1 0 1 1 0 1 1 0 1 0 1 0 0 0 0 1 1 0 0 0 1 0 0 0 1 0 1 1 0 0 0 0 0 1 1 1 0 0 1 0 1 1 1 1 1 1 1 1 0 1 0 1 0 1 1 1 1 0 0 0 1 1 1 1 0 1 1 1 0 0 0 0 0 1 1 0 0 0 0 1 0 1 0 1 1 0 0 0 1 1 1 1 1 1 1 0 1 1 1 
0 1 0 1 1 0 1 1 0 1 0 1 0 0 0 0 1 1 0 0 0 1 0 0 0 1 0 1 1 0 0 0 0 0 1 1 1 0 0 1 0 1 1 1 1 1 1 1 1 0 1 0 1 0 1 1 1 1 0 0 0 1 1 1 1 0 1 1 1 0 0 0 0 0 1 1 0 0 0 0 1 0 1 0 1 1 0 0 0 1 1 1 1 1 1 1 0 1 1 1 
#TS71
0 1 0 1 1 0 1 1 0 1 0 1 0 0 0 0 1 1 0 0 0 1 0 0 0 1 0 1 1 0 0 0 0 0 1 1 1 0 0 1 0 1 1 1 1 1 1 1 1 0 1 0 1 0 1 1 1 1 0 0 0 1 1 1 1 0 1 1 1 0 0 0 0 0 1 1 1 0 0 0 1 0 1 0 1 1 0 0 0 1 1 1 1 1 1 1 0 1 1 1 
0 1 0 1 1 0 1 1 0 1 0 1 0 0 0 0 1 1 0 0 0 1 0 0 0 1 0 1 1 0 0 0 0 0 1 1 1 0 0 1 0 1 1 1 1 1 1 1 1 0 1 0 1 0 1 1 1 1 0 0 0 1 1 1 1 0 1 1 1 0 0 0 0 0 1 1 1 0 0 0 1 0 1 0 1 1 0 0 0 1 1 1 1 1 1 1 0 1 1 1 
#TS72
0 1 0 1 1 0 1 1 0 1 0 1 0 0 0 0 1 1 0 0 0 1 0 0 0 1 0 1 1 0 0 0 0 0 1 1 1 0 0 1 0 1 1 1 1 1 1 1 1 0 1 0 1 0 1 1 1 1 0 0 0 0 1 1 1 0 1 1 1 0 0 0 0 0 1 1 0 0 0 0 1 0 1 0 1 1 0 0 0 1 1 1 1 1 1 1 0 1 1 1 
0 1 0 1 1 0 1 1 0 1 0 1 0 0 0 0 1 1 0 0 0 1 0 0 0 1 0 1 1 0 0 0 0 0 1 1 1 0 0 1 0 1 1 1 1 1 1 1 1 0 1 0 1 0 1 1 1 1 0 0 0 0 1 1 1 0 1 1 1 0 0 0 0 0 1 1 0 0 0 0 1 0 1 0 1 1 0 0 0 1 1 1 1 1 1 1 0 1 1 1 
#TS73
0 1 0 1 1 0 1 1 0 1 0 1 0 0 0 0 1 1 1 1 0 1 0 0 0 1 0 1 1 0 0 0 0 0 1 1 1 0 0 1 0 1 1 1 1 1 1 1 1 0 1 0 1 0 1 1 1 1 1 0 0 1 0 1 1 0 1 1 1 0 0 0 0 0 0 1 0 1 1 1 1 0 1 0 1 1 0 0 0 1 1 1 1 1 1 1 0 1 1 1 
0 1 0 1 1 0 1 1 0 1 0 1 0 0 0 0 1 1 1 1 0 1 0 0 0 1 0 1 1 0 0 0 0 0 1 1 1 0 0 1 0 1 1 1 1 1 1 1 1 0 1 0 1 0 1 1 1 1 1 0 0 1 0 1 1 0 1 1 1 0 0 0 0 0 0 1 0 1 1 1 1 0 1 0 1 1 0 0 0 1 1 1 1 1 1 1 0 1 1 1 
#TS74
0 1 0 1 1 0 1 1 0 1 0 1 0 0 0 0 1 1 0 0 0 1 0 0 0 1 0 1 1 0 0 0 0 0 1 1 1 0 0 1 0 1 1 1 1 1 1 1 1 0 1 0 1 0 1 1 1 1 0 0 0 1 1 0 1 0 1 1 1 0 0 0 0 0 1 1 0 0 0 0 1 0 1 0 1 1 0 0 0 1 1 1 1 0 1 1 0 1 1 1 
0 1 0 1 1 0 1 1 0 1 0 1 0 0 0 0 1 1 0 0 0 1 0 0 0 1 0 1 1 0 0 0 0 0 1 1 1 0 0 1 0 1 1 1 1 1 1 1 1 0 1 0 1 0 1 1 1 1 0 0 0 1 1 0 1 0 1 1 1 0 0 0 0 0 1 1 0 0 0 0 1 0 1 0 1 1 0 0 0 1 1 1 1 0 1 1 0 1 1 1 
#TS75
0 1 0 1 1 0 1 1 0 1 0 1 0 0 0 0 1 1 0 0 0 1 0 0 0 1 0 1 1 0 0 0 0 0 1 1 1 0 0 1 0 1 1 1 1 1 1 1 1 0 1 0 1 0 1 1 1 1 0 0 0 1 1 1 0 1 1 1 1 0 0 0 0 0 1 1 0 0 0 0 1 0 1 0 1 1 0 0 0 1 1 1 1 1 1 1 0 1 1 1 
0 1 0 1 1 0 1 1 0 1 0 1 0 0 0 0 1 1 0 0 0 1 0 0 0 1 0 1 1 0 0 0 0 0 1 1 1 0 0 1 0 1 1 1 1 1 1 1 1 0 1 0 1 0 1 1 1 1 0 0 0 1 1 1 0 1 1 1 1 0 0 0 0 0 1 1 0 0 0 0 1 0 1 0 1 1 0 0 0 1 1 1 1 1 1 1 0 1 1 1 
#TS76
0 1 0 1 1 0 1 1 0 1 0 1 0 0 0 0 1 1 0 0 0 1 0 0 0 1 0 1 1 0 0 0 0 0 1 1 1 0 0 1 0 1 1 1 1 1 1 1 1 0 1 0 1 0 1 1 1 1 0 0 0 1 1 1 1 0 1 1 1 0 0 0 0 0 1 1 0 0 0 0 1 0 1 0 1 1 0 0 0 1 1 1 1 1 1 1 0 1 1 1 
0 1 0 1 1 0 1 1 0 1 0 1 0 0 0 0 1 1 0 0 0 1 0 0 0 1 0 1 1 0 0 0 0 0 1 1 1 0 0 1 0 1 1 1 1 1 1 1 1 0 1 0 1 0 1 1 1 1 0 0 0 1 1 1 1 0 1 1 1 0 0 0 0 0 1 1 0 0 0 0 1 0 1 0 1 1 0 0 0 1 1 1 1 1 1 1 0 1 1 1 
#TS77
0 1 0 1 1 0 1 1 0 1 0 1 0 0 0 0 1 1 0 0 0 1 0 0 0 1 0 1 1 0 0 0 0 0 1 1 1 0 0 1 0 1 1 1 1 1 1 1 1 0 1 0 1 0 1 1 1 1 0 0 0 1 1 1 1 0 0 0 1 0 0 0 0 0 1 1 0 0 0 0 1 0 1 0 1 1 0 0 0 1 1 1 1 1 1 1 0 1 1 1 
0 1 0 1 1 0 1 1 0 1 0 1 0 0 0 0 1 1 0 0 0 1 0 0 0 1 0 1 1 0 0 0 0 0 1 1 1 0 0 1 0 1 1 1 1 1 1 1 1 0 1 0 1 0 1 1 1 1 0 0 0 1 1 1 1 0 0 0 1 0 0 0 0 0 1 1 0 0 0 0 1 0 1 0 1 1 0 0 0 1 1 1 1 1 1 1 0 1 1 1 
#TS78
0 1 0 1 1 0 1 1 0 1 0 1 0 0 0 0 1 1 0 0 0 1 0 0 0 1 0 1 1 0 0 0 0 0 1 1 1 0 0 1 0 1 1 1 1 1 1 1 1 0 1 0 1 0 1 1 1 1 0 0 0 1 1 1 1 0 1 0 1 0 0 0 0 0 1 1 0 0 0 0 1 0 1 0 1 1 0 0 0 1 1 1 1 1 1 1 0 1 1 1 
0 1 0 1 1 0 1 1 0 1 0 1 0 0 0 0 1 1 0 0 0 1 0 0 0 1 0 1 1 0 0 0 0 0 1 1 1 0 0 1 0 1 1 1 1 1 1 1 1 0 1 0 1 0 1 1 1 1 0 0 0 1 1 1 1 0 1 0 1 0 0 0 0 0 1 1 0 0 0 0 1 0 1 0 1 1 0 0 0 1 1 1 1 1 1 1 0 1 1 1 
#TS79
0 1 0 1 1 0 1 1 0 1 0 1 0 0 0 0 1 1 0 0 0 1 0 0 0 1 0 1 1 0 0 0 0 0 1 1 1 0 0 1 0 1 1 1 1 1 1 1 1 0 1 0 1 0 1 1 1 1 0 0 0 1 1 1 1 0 1 1 0 0 0 0 0 0 1 1 0 0 0 0 1 0 1 0 1 1 0 0 0 1 1 1 1 1 1 1 0 1 1 1 
0 1 0 1 1 0 1 1 0 1 0 1 0 0 0 0 1 1 0 0 0 1 0 0 0 1 0 1 1 0 0 0 0 0 1 1 1 0 0 1 0 1 1 1 1 1 1 1 1 0 1 0 1 0 1 1 1 1 0 0 0 1 1 1 1 0 1 1 0 0 0 0 0 0 1 1 0 0 0 0 1 0 1 0 1 1 0 0 0 1 1 1 1 1 1 1 0 1 1 1 
#TS80
0 1 0 1 1 0 1 1 0 1 0 1 0 0 0 0 1 1 0 0 0 1 0 0 0 1 0 1 1 0 0 0 0 0 1 1 1 0 0 1 0 1 1 1 1 1 1 1 1 0 1 0 1 0 1 1 1 1 0 0 0 1 1 1 1 0 1 1 1 0 0 0 0 0 1 1 0 0 0 0 1 0 1 0 1 1 0 0 0 1 1 1 1 1 1 1 0 1 1 1 
0 1 0 1 1 0 1 1 0 1 0 1 0 0 0 0 1 1 0 0 0 1 0 0 0 1 0 1 1 0 0 0 0 0 1 1 1 0 0 1 0 1 1 1 1 1 1 1 1 0 1 0 1 0 1 1 1 1 0 0 0 1 1 1 1 0 1 1 1 0 0 0 0 0 1 1 0 0 0 0 1 0 1 0 1 1 0 0 0 1 1 1 1 1 1 1 0 1 1 1 
#TS81
0 1 0 1 1 0 1 1 0 1 0 1 0 0 0 0 1 1 0 0 0 1 0 0 0 1 0 1 1 0 0 0 0 0 1 1 1 0 0 1 0 1 1 1 1 1 1 1 1 0 1 0 1 0 1 1 1 1 0 0 0 1 1 1 1 0 1 1 1 0 0 0 0 0 1 1 0 0 0 0 1 0 1 0 1 1 0 0 0 1 1 1 1 1 1 1 0 1 1 1 
0 1 0 1 1 0 1 1 0 1 0 1 0 0 0 0 1 1 0 0 0 1 0 0 0 1 0 1 1 0 0 0 0 0 1 1 1 0 0 1 0 1 1 1 1 1 1 1 1 0 1 0 1 0 1 1 1 1 0 0 0 1 1 1 1 0 1 1 1 0 0 0 0 0 1 1 0 0 0 0 1 0 1 0 1 1 0 0 0 1 1 1 1 1 1 1 0 1 1 1 
#TS82
0 1 0 1 1 0 1 1 0 1 0 1 0 0 0 0 1 1 0 0 0 1 0 0 0 1 0 1 1 0 0 0 0 0 1 1 1 0 0 1 0 1 1 1 1 1 1 1 1 0 1 0 1 0 1 1 1 1 0 0 0 1 1 1 1 0 1 1 1 0 0 0 0 0 1 1 0 0 0 0 1 0 1 0 1 1 0 0 0 1 1 1 1 1 1 1 0 1 1 1 
0 1 0 1 1 0 1 1 0 1 0 1 0 0 0 0 1 1 0 0 0 1 0 0 0 1 0 1 1 0 0 0 0 0 1 1 1 0 0 1 0 1 1 1 1 1 1 1 1 0 1 0 1 0 1 1 1 1 0 0 0 1 1 1 1 0 1 1 1 0 0 0 0 0 1 1 0 0 0 0 1 0 1 0 1 1 0 0 0 1 1 1 1 1 1 1 0 1 1 1 
#TS83
0 1 0 1 1 0 1 1 0 1 0 1 0 0 0 0 1 1 0 0 0 1 0 0 0 1 0 1 1 0 0 0 0 0 1 1 1 0 0 1 0 1 1 1 1 1 1 1 1 0 1 0 1 0 1 1 1 1 0 0 0 1 1 1 1 0 1 1 1 0 0 0 0 0 1 1 0 0 0 0 1 0 1 0 1 1 0 0 0 1 1 1 1 1 1 1 0 1 1 1 
0 1 0 1 1 0 1 1 0 1 0 1 0 0 0 0 1 1 0 0 0 1 0 0 0 1 0 1 1 0 0 0 0 0 1 1 1 0 0 1 0 1 1 1 1 1 1 1 1 0 1 0 1 0 1 1 1 1 0 0 0 1 1 1 1 0 1 1 1 0 0 0 0 0 1 1 0 0 0 0 1 0 1 0 1 1 0 0 0 1 1 1 1 1 1 1 0 1 1 1 
#TS84
0 1 0 1 1 0 1 1 0 1 0 1 0 0 0 0 1 1 0 0 0 1 0 0 0 1 0 1 1 0 0 0 0 0 1 1 1 0 0 1 0 1 1 1 1 1 1 1 1 0 1 0 1 0 1 1 1 1 0 0 0 1 1 1 1 0 1 1 1 0 0 0 0 0 1 1 0 0 0 0 1 0 1 0 1 1 0 0 0 1 1 1 1 1 1 1 0 1 1 1 
0 1 0 1 1 0 1 1 0 1 0 1 0 0 0 0 1 1 0 0 0 1 0 0 0 1 0 1 1 0 0 0 0 0 1 1 1 0 0 1 0 1 1 1 1 1 1 1 1 0 1 0 1 0 1 1 1 1 0 0 0 1 1 1 1 0 1 1 1 0 0 0 0 0 1 1 0 0 0 0 1 0 1 0 1 1 0 0 0 1 1 1 1 1 1 1 0 1 1 1 
#TS85
0 1 0 1 1 0 1 1 0 1 0 1 0 0 0 0 1 1 0 0 0 1 0 0 0 1 0 1 1 0 0 0 0 0 1 1 1 0 0 1 0 1 1 1 1 1 1 1 1 0 1 0 1 0 1 1 1 1 0 0 0 1 1 1 1 0 1 1 1 0 0 0 0 0 0 1 0 0 0 0 1 0 1 0 1 1 0 0 0 1 1 1 1 1 1 1 0 1 1 1 
0 1 0 1 1 0 1 1 0 1 0 1 0 0 0 0 1 1 0 0 0 1 0 0 0 1 0 1 1 0 0 0 0 0 1 1 1 0 0 1 0 1 1 1 1 1 1 1 1 0 1 0 1 0 1 1 1 1 0 0 0 1 1 1 1 0 1 1 1 0 0 0 0 0 0 1 0 0 0 0 1 0 1 0 1 1 0 0 0 1 1 1 1 1 1 1 0 1 1 1 
#TS86
0 1 0 1 1 0 1 1 0 1 0 1 0 0 0 0 1 1 1 0 0 1 0 0 0 1 0 1 1 0 0 0 0 0 1 1 1 0 0 1 0 1 1 1 1 1 1 1 1 0 1 0 1 0 1 1 1 1 0 0 0 1 1 1 1 0 1 1 1 0 0 0 0 0 1 0 0 0 0 0 1 0 1 0 1 1 0 0 0 1 1 1 1 1 1 1 0 1 1 1 
0 1 0 1 1 0 1 1 0 1 0 1 0 0 0 0 1 1 1 0 0 1 0 0 0 1 0 1 1 0 0 0 0 0 1 1 1 0 0 1 0 1 1 1 1 1 1 1 1 0 1 0 1 0 1 1 1 1 0 0 0 1 1 1 1 0 1 1 1 0 0 0 0 0 1 0 0 0 0 0 1 0 1 0 1 1 0 0 0 1 1 1 1 1 1 1 0 1 1 1 
#TS87
0 1 0 1 1 0 1 1 0 1 0 1 0 0 0 0 1 1 0 0 0 1 0 0 0 1 0 1 1 0 0 0 0 0 1 1 1 0 0 1 0 1 1 1 1 1 1 1 1 0 1 0 1 0 1 1 1 1 0 0 0 1 1 1 1 0 1 1 1 0 0 0 0 0 1 1 0 0 0 0 1 0 1 0 1 1 0 0 0 1 1 1 1 1 1 1 0 1 1 1 
0 1 0 1 1 0 1 1 0 1 0 1 0 0 0 0 1 1 0 0 0 1 0 0 0 1 0 1 1 0 0 0 0 0 1 1 1 0 0 1 0 1 1 1 1 1 1 1 1 0 1 0 1 0 1 1 1 1 0 0 0 1 1 1 1 0 1 1 1 0 0 0 0 0 1 1 0 0 0 0 1 0 1 0 1 1 0 0 0 1 1 1 1 1 1 1 0 1 1 1 
#TS88
0 1 0 1 1 0 1 1 0 1 0 1 0 0 0 0 1 1 0 0 0 1 0 0 0 1 0 1 1 0 0 0 0 0 1 1 1 0 0 1 0 1 1 1 1 1 1 1 1 0 1 0 1 0 1 1 1 1 0 0 0 1 1 1 1 0 1 1 1 0 0 0 0 0 1 1 0 0 0 0 1 0 1 0 1 1 0 0 0 1 1 1 1 1 1 1 0 1 1 1 
0 1 0 1 1 0 1 1 0 1 0 1 0 0 0 0 1 1 0 0 0 1 0 0 0 1 0 1 1 0 0 0 0 0 1 1 1 0 0 1 0 1 1 1 1 1 1 1 1 0 1 0 1 0 1 1 1 1 0 0 0 1 1 1 1 0 1 1 1 0 0 0 0 0 1 1 0 0 0 0 1 0 1 0 1 1 0 0 0 1 1 1 1 1 1 1 0 1 1 1 
#TS89
0 1 0 1 1 0 1 1 0 1 0 1 0 0 0 0 1 1 0 0 0 1 0 0 0 1 0 1 1 0 0 0 0 0 1 1 1 0 0 1 0 1 1 1 1 1 1 1 1 0 1 0 1 0 1 1 1 1 0 0 0 1 1 1 1 0 1 1 1 0 0 0 0 0 1 1 0 0 0 0 1 0 1 0 1 1 0 0 0 1 1 1 1 1 1 1 0 1 1 1 
0 1 0 1 1 0 1 1 0 1 0 1 0 0 0 0 1 1 0 0 0 1 0 0 0 1 0 1 1 0 0 0 0 0 1 1 1 0 0 1 0 1 1 1 1 1 1 1 1 0 1 0 1 0 1 1 1 1 0 0 0 1 1 1 1 0 1 1 1 0 0 0 0 0 1 1 0 0 0 0 1 0 1 0 1 1 0 0 0 1 1 1 1 1 1 1 0 1 1 1 
#TS90
0 1 0 1 1 0 1 1 0 1 0 1 0 0 0 0 1 1 0 0 0 1 0 0 0 1 0 1 1 0 0 0 0 0 1 1 1 0 0 1 0 1 1 1 1 1 1 1 1 0 1 0 1 0 1 1 1 1 0 0 0 1 1 1 1 0 1 1 1 0 0 0 0 0 1 1 0 0 0 0 1 0 1 0 1 1 0 0 0 1 1 1 1 1 1 1 0 1 1 1 
0 1 0 1 1 0 1 1 0 1 0 1 0 0 0 0 1 1 0 0 0 1 0 0 0 1 0 1 1 0 0 0 0 0 1 1 1 0 0 1 0 1 1 1 1 1 1 1 1 0 1 0 1 0 1 1 1 1 0 0 0 1 1 1 1 0 1 1 1 0 0 0 0 0 1 1 0 0 0 0 1 0 1 0 1 1 0 0 0 1 1 1 1 1 1 1 0 1 1 1 
#TS91
0 1 0 1 1 0 1 1 0 1 0 1 0 0 0 0 1 1 0 0 0 1 0 0 0 1 0 1 1 0 0 0 0 0 1 1 1 0 0 1 0 1 1 1 1 1 1 1 1 0 1 0 1 0 1 1 1 1 0 0 0 1 1 1 1 0 1 1 1 0 0 0 0 0 1 1 0 0 0 0 0 0 1 0 1 1 0 0 0 1 1 1 1 1 1 1 0 1 1 1 
0 1 0 1 1 0 1 1 0 1 0 1 0 0 0 0 1 1 0 0 0 1 0 0 0 1 0 1 1 0 0 0 0 0 1 1 1 0 0 1 0 1 1 1 1 1 1 1 1 0 1 0 1 0 1 1 1 1 0 0 0 1 1 1 1 0 1 1 1 0 0 0 0 0 1 1 0 0 0 0 0 0 1 0 1 1 0 0 0 1 1 1 1 1 1 1 0 1 1 1 
#TS92
0 1 0 1 1 0 1 1 0 1 0 1 0 0 0 0 1 1 0 0 0 1 0 0 0 1 0 1 1 0 0 0 0 0 1 1 1 0 0 1 0 1 1 1 1 1 1 1 1 0 1 0 1 0 1 1 1 1 0 0 0 1 1 1 1 0 1 1 1 0 0 0 0 0 1 1 0 0 0 0 1 0 1 0 1 1 0 0 0 1 1 1 1 1 1 1 0 1 1 1 
0 1 0 1 1 0 1 1 0 1 0 1 0 0 0 0 1 1 0 0 0 1 0 0 0 1 0 1 1 0 0 0 0 0 1 1 1 0 0 1 0 1 1 1 1 1 1 1 1 0 1 0 1 0 1 1 1 1 0 0 0 1 1 1 1 0 1 1 1 0 0 0 0 0 1 1 0 0 0 0 1 0 1 0 1 1 0 0 0 1 1 1 1 1 1 1 0 1 1 1 
#TS93
0 1 0 1 1 0 1 1 1 1 0 1 0 0 0 0 0 1 1 1 0 1 0 0 0 1 0 1 1 0 0 0 0 0 1 1 1 1 1 1 0 1 1 1 1 1 1 1 1 0 1 0 1 0 1 1 1 0 0 0 0 1 1 1 1 0 1 1 1 0 0 0 0 0 1 1 0 0 0 0 1 0 0 0 0 1 1 1 0 1 1 1 1 1 1 1 0 1 1 1 
0 1 0 1 1 0 1 1 1 1 0 1 0 0 0 0 0 1 1 1 0 1 0 0 0 1 0 1 1 0 0 0 0 0 1 1 1 1 1 1 0 1 1 1 1 1 1 1 1 0 1 0 1 0 1 1 1 0 0 0 0 1 1 1 1 0 1 1 1 0 0 0 0 0 1 1 0 0 0 0 1 0 0 0 0 1 1 1 0 1 1 1 1 1 1 1 0 1 1 1 
#TS94
0 1 0 1 1 0 1 1 0 1 0 1 0 0 0 0 1 1 0 0 0 1 0 0 0 1 0 1 1 0 0 0 0 0 1 1 1 0 0 1 0 1 1 1 1 1 1 1 1 0 1 0 1 0 1 1 1 1 0 0 0 1 1 1 1 0 1 1 1 0 0 0 0 0 1 1 0 0 0 0 1 0 1 0 1 1 0 0 0 1 1 1 1 1 1 1 0 1 1 1 
0 1 0 1 1 0 1 1 0 1 0 1 0 0 0 0 1 1 0 0 0 1 0 0 0 1 0 1 1 0 0 0 0 0 1 1 1 0 0 1 0 1 1 1 1 1 1 1 1 0 1 0 1 0 1 1 1 1 0 0 0 1 1 1 1 0 1 1 1 0 0 0 0 0 1 1 0 0 0 0 1 0 1 0 1 1 0 0 0 1 1 1 1 1 1 1 0 1 1 1 
#TS95
0 1 0 1 1 0 1 1 1 1 0 1 1 0 0 0 0 1 0 0 0 1 0 0 0 1 0 1 1 0 0 0 0 0 1 1 1 1 1 1 0 1 1 1 1 1 1 1 1 0 1 0 1 0 1 1 1 0 0 0 0 1 1 1 1 0 1 1 1 0 0 0 0 0 1 1 0 0 0 0 1 0 1 1 0 1 1 1 0 1 1 1 1 1 1 1 0 1 1 1 
0 1 0 1 1 0 1 1 1 1 0 1 1 0 0 0 0 1 0 0 0 1 0 0 0 1 0 1 1 0 0 0 0 0 1 1 1 1 1 1 0 1 1 1 1 1 1 1 1 0 1 0 1 0 1 1 1 0 0 0 0 1 1 1 1 0 1 1 1 0 0 0 0 0 1 1 0 0 0 0 1 0 1 1 0 1 1 1 0 1 1 1 1 1 1 1 0 1 1 1 
#TS96
0 1 0 1 1 0 1 1 0 1 0 1 0 0 0 0 1 1 0 0 0 1 0 0 0 1 0 1 1 0 0 0 0 0 1 1 1 0 0 1 0 1 1 1 1 1 1 1 1 0 1 0 1 0 1 1 1 1 0 0 0 1 1 1 1 0 1 1 1 0 0 0 0 0 1 1 0 0 0 0 1 0 1 0 1 0 0 0 0 1 1 1 1 1 1 1 0 1 1 1 
0 1 0 1 1 0 1 1 0 1 0 1 0 0 0 0 1 1 0 0 0 1 0 0 0 1 0 1 1 0 0 0 0 0 1 1 1 0 0 1 0 1 1 1 1 1 1 1 1 0 1 0 1 0 1 1 1 1 0 0 0 1 1 1 1 0 1 1 1 0 0 0 0 0 1 1 0 0 0 0 1 0 1 0 1 0 0 0 0 1 1 1 1 1 1 1 0 1 1 1 
#TS97
0 1 0 1 1 0 1 1 0 1 0 1 0 0 0 0 1 1 0 0 0 1 0 0 0 1 0 1 1 0 0 0 0 0 1 1 1 0 0 1 0 1 1 1 1 1 1 1 1 0 1 0 1 0 1 1 1 1 0 0 0 1 1 1 1 0 1 1 1 0 0 0 0 0 1 1 0 0 0 0 1 0 1 0 1 1 0 0 0 1 1 1 1 1 1 1 0 1 1 1 
0 1 0 1 1 0 1 1 0 1 0 1 0 0 0 0 1 1 0 0 0 1 0 0 0 1 0 1 1 0 0 0 0 0 1 1 1 0 0 1 0 1 1 1 1 1 1 1 1 0 1 0 1 0 1 1 1 1 0 0 0 1 1 1 1 0 1 1 1 0 0 0 0 0 1 1 0 0 0 0 1 0 1 0 1 1 0 0 0 1 1 1 1 1 1 1 0 1 1 1 
#TS98
0 1 0 1 1 0 1 1 0 1 0 1 0 0 0 0 1 1 0 0 0 1 0 0 0 1 0 1 1 0 0 0 0 0 1 1 1 0 0 1 0 1 1 1 1 1 1 1 1 0 1 0 1 0 1 1 1 1 0 0 0 1 1 1 1 0 1 1 1 0 0 0 0 0 1 1 0 0 0 0 1 0 1 0 1 1 0 0 0 1 1 1 1 1 1 1 0 1 1 1 
0 1 0 1 1 0 1 1 0 1 0 1 0 0 0 0 1 1 0 0 0 1 0 0 0 1 0 1 1 0 0 0 0 0 1 1 1 0 0 1 0 1 1 1 1 1 1 1 1 0 1 0 1 0 1 1 1 1 0 0 0 1 1 1 1 0 1 1 1 0 0 0 0 0 1 1 0 0 0 0 1 0 1 0 1 1 0 0 0 1 1 1 1 1 1 1 0 1 1 1 
#TS99
0 1 0 1 1 0 1 1 0 1 0 1 0 0 0 0 1 1 0 0 0 1 0 0 0 1 0 1 1 0 0 0 0 0 1 1 1 0 0 1 0 1 1 1 1 1 1 1 1 0 1 0 1 0 1 1 1 1 0 0 0 1 1 1 1 0 1 1 1 0 0 0 0 0 1 1 0 0 0 0 1 0 1 0 1 1 0 0 0 1 1 1 1 1 1 1 0 1 1 1 
0 1 0 1 1 0 1 1 0 1 0 1 0 0 0 0 1 1 0 0 0 1 0 0 0 1 0 1 1 0 0 0 0 0 1 1 1 0 0 1 0 1 1 1 1 1 1 1 1 0 1 0 1 0 1 1 1 1 0 0 0 1 1 1 1 0 1 1 1 0 0 0 0 0 1 1 0 0 0 0 1 0 1 0 1 1 0 0 0 1 1 1 1 1 1 1 0 1 1 1 
#TS100
0 1 0 1 1 0 1 1 0 1 0 1 0 0 0 0 1 1 0 0 0 1 0 0 0 1 0 1 1 0 0 0 0 0 1 1 1 0 0 1 0 1 1 1 1 1 1 1 1 0 1 0 1 0 1 1 1 1 0 0 0 1 1 1 1 0 1 1 1 1 0 0 0 0 1 1 0 0 0 0 1 0 1 0 1 1 0 0 0 0 1 1 1 1 1 1 0 1 1 1 
0 1 0 1 1 0 1 1 0 1 0 1 0 0 0 0 1 1 0 0 0 1 0 0 0 1 0 1 1 0 0 0 0 0 1 1 1 0 0 1 0 1 1 1 1 1 1 1 1 0 1 0 1 0 1 1 1 1 0 0 0 1 1 1 1 0 1 1 1 1 0 0 0 0 1 1 0 0 0 0 1 0 1 0 1 1 0 0 0 0 1 1 1 1 1 1 0 1 1 1 
#TS101
0 1 0 1 1 0 1 1 0 1 0 1 0 0 0 0 1 1 0 0 0 1 0 0 0 1 0 1 1 0 0 0 0 0 1 1 1 0 0 1 0 1 1 1 1 1 1 1 1 0 1 0 1 0 1 1 1 1 0 0 0 1 1 1 1 0 1 1 1 0 0 0 0 0 1 1 0 0 0 0 1 0 1 0 1 1 0 0 0 1 0 0 1 1 1 1 0 1 1 1 
0 1 0 1 1 0 1 1 0 1 0 1 0 0 0 0 1 1 0 0 0 1 0 0 0 1 0 1 1 0 0 0 0 0 1 1 1 0 0 1 0 1 1 1 1 1 1 1 1 0 1 0 1 0 1 1 1 1 0 0 0 1 1 1 1 0 1 1 1 0 0 0 0 0 1 1 0 0 0 0 1 0 1 0 1 1 0 0 0 1 0 0 1 1 1 1 0 1 1 1 
#TS102
0 1 0 1 1 0 1 1 0 1 0 1 0 0 0 0 1 1 0 0 0 1 0 0 0 1 0 1 1 0 0 0 0 0 1 1 1 0 0 1 0 1 1 1 1 1 1 1 1 0 1 0 1 0 1 1 1 1 0 0 0 1 1 1 1 0 1 1 1 0 0 0 0 0 1 1 0 0 0 0 1 0 1 0 1 1 0 0 0 1 1 0 1 1 1 1 0 1 1 1 
0 1 0 1 1 0 1 1 0 1 0 1 0 0 0 0 1 1 0 0 0 1 0 0 0 1 0 1 1 0 0 0 0 0 1 1 1 0 0 1 0 1 1 1 1 1 1 1 1 0 1 0 1 0 1 1 1 1 0 0 0 1 1 1 1 0 1 1 1 0 0 0 0 0 1 1 0 0 0 0 1 0 1 0 1 1 0 0 0 1 1 0 1 1 1 1 0 1 1 1 
#TS103
0 1 0 1 1 0 1 1 0 1 0 1 0 0 0 0 1 1 0 0 0 1 0 0 0 1 0 1 1 0 0 0 0 0 1 1 1 0 0 1 0 1 1 1 1 1 1 1 1 0 1 0 1 0 1 1 1 1 0 0 0 1 1 1 1 0 1 1 1 0 0 0 0 0 1 1 0 0 0 0 1 0 1 0 1 1 0 0 0 1 1 1 0 0 1 1 0 1 1 1 
0 1 0 1 1 0 1 1 0 1 0 1 0 0 0 0 1 1 0 0 0 1 0 0 0 1 0 1 1 0 0 0 0 0 1 1 1 0 0 1 0 1 1 1 1 1 1 1 1 0 1 0 1 0 1 1 1 1 0 0 0 1 1 1 1 0 1 1 1 0 0 0 0 0 1 1 0 0 0 0 1 0 1 0 1 1 0 0 0 1 1 1 0 0 1 1 0 1 1 1 
#TS104
0 1 0 1 1 0 1 1 0 1 0 1 0 0 0 0 1 1 0 0 0 1 0 0 0 1 0 1 1 0 0 0 0 0 1 1 1 0 0 1 0 1 1 1 1 1 1 1 1 0 1 0 1 0 1 1 1 1 0 0 0 1 1 1 1 0 1 1 1 0 0 0 0 0 1 1 0 0 0 0 1 0 1 0 1 1 0 0 0 1 1 1 1 0 1 1 0 1 1 1 
0 1 0 1 1 0 1 1 0 1 0 1 0 0 0 0 1 1 0 0 0 1 0 0 0 1 0 1 1 0 0 0 0 0 1 1 1 0 0 1 0 1 1 1 1 1 1 1 1 0 1 0 1 0 1 1 1 1 0 0 0 1 1 1 1 0 1 1 1 0 0 0 0 0 1 1 0 0 0 0 1 0 1 0 1 1 0 0 0 1 1 1 1 0 1 1 0 1 1 1 
#TS105
0 1 0 1 1 0 1 1 0 1 0 1 0 0 0 0 1 1 0 0 0 1 0 0 0 1 0 1 1 0 0 0 0 0 1 1 1 0 0 1 0 1 1 1 1 1 1 1 1 0 1 0 1 0 1 1 1 1 0 0 0 1 1 1 1 0 1 1 1 0 0 0 0 0 1 1 0 0 0 0 1 0 1 0 1 1 0 0 0 1 1 1 1 1 0 1 0 1 1 1 
0 1 0 1 1 0 1 1 0 1 0 1 0 0 0 0 1 1 0 0 0 1 0 0 0 1 0 1 1 0 0 0 0 0 1 1 1 0 0 1 0 1 1 1 1 1 1 1 1 0 1 0 1 0 1 1 1 1 0 0 0 1 1 1 1 0 1 1 1 0 0 0 0 0 1 1 0 0 0 0 1 0 1 0 1 1 0 0 0 1 1 1 1 1 0 1 0 1 1 1 
#TS106
0 1 0 1 1 0 1 1 0 1 0 1 0 0 0 0 1 1 0 0 1 1 0 0 0 1 0 1 1 0 0 0 0 0 1 1 1 0 0 1 0 1 1 1 1 1 1 1 1 0 1 0 1 0 1 1 1 1 0 0 0 1 1 1 1 0 1 1 1 0 0 0 0 0 1 1 0 0 0 0 1 0 1 0 1 1 0 0 0 1 1 1 1 1 1 0 1 1 1 1 
0 1 0 1 1 0 1 1 0 1 0 1 0 0 0 0 1 1 0 0 1 1 0 0 0 1 0 1 1 0 0 0 0 0 1 1 1 0 0 1 0 1 1 1 1 1 1 1 1 0 1 0 1 0 1 1 1 1 0 0 0 1 1 1 1 0 1 1 1 0 0 0 0 0 1 1 0 0 0 0 1 0 1 0 1 1 0 0 0 1 1 1 1 1 1 0 1 1 1 1 
#TS107
0 1 0 1 1 0 1 1 0 1 0 1 0 0 0 0 1 1 0 0 0 1 0 0 0 1 0 1 1 0 0 0 0 0 1 1 1 0 0 1 0 1 1 1 1 1 1 1 1 0 1 0 1 0 1 1 1 1 0 0 0 1 1 1 1 0 1 1 1 0 0 0 0 0 1 1 0 0 0 0 1 0 1 0 1 1 0 0 0 1 1 1 1 1 1 1 0 1 1 1 
0 1 0 1 1 0 1 1 0 1 0 1 0 0 0 0 1 1 0 0 0 1 0 0 0 1 0 1 1 0 0 0 0 0 1 1 1 0 0 1 0 1 1 1 1 1 1 1 1 0 1 0 1 0 1 1 1 1 0 0 0 1 1 1 1 0 1 1 1 0 0 0 0 0 1 1 0 0 0 0 1 0 1 0 1 1 0 0 0 1 1 1 1 1 1 1 0 1 1 1 
#TS108
0 1 0 1 1 0 1 1 0 1 0 1 0 0 0 0 1 1 0 0 0 1 0 0 0 1 0 1 1 0 0 0 0 0 1 1 1 0 0 1 0 1 1 1 1 1 1 1 1 0 1 0 1 0 1 1 1 1 0 0 0 1 1 1 1 0 1 1 1 0 0 0 0 0 1 1 0 0 0 0 1 0 1 0 1 1 0 0 0 1 1 1 1 1 1 1 0 0 0 1 
0 1 0 1 1 0 1 1 0 1 0 1 0 0 0 0 1 1 0 0 0 1 0 0 0 1 0 1 1 0 0 0 0 0 1 1 1 0 0 1 0 1 1 1 1 1 1 1 1 0 1 0 1 0 1 1 1 1 0 0 0 1 1 1 1 0 1 1 1 0 0 0 0 0 1 1 0 0 0 0 1 0 1 0 1 1 0 0 0 1 1 1 1 1 1 1 0 0 0 1 
#TS109
0 1 0 1 1 0 1 1 0 1 0 1 0 0 0 0 1 1 0 0 0 1 0 0 0 1 0 1 1 0 0 0 0 0 1 1 1 0 0 1 0 1 1 1 1 1 1 1 1 0 1 0 1 0 1 1 1 1 0 0 0 1 1 1 1 0 1 1 1 0 0 0 0 0 1 1 0 0 0 0 1 0 1 0 1 1 0 0 0 1 1 1 1 1 1 1 0 1 0 1 
0 1 0 1 1 0 1 1 0 1 0 1 0 0 0 0 1 1 0 0 0 1 0 0 0 1 0 1 1 0 0 0 0 0 1 1 1 0 0 1 0 1 1 1 1 1 1 1 1 0 1 0 1 0 1 1 1 1 0 0 0 1 1 1 1 0 1 1 1 0 0 0 0 0 1 1 0 0 0 0 1 0 1 0 1 1 0 0 0 1 1 1 1 1 1 1 0 1 0 1 
#TS110
0 1 0 1 1 0 1 1 0 1 0 1 0 0 0 0 1 1 0 0 0 1 0 0 0 1 0 1 1 0 0 0 0 0 1 1 1 0 0 1 0 1 1 1 1 1 1 1 1 0 1 0 1 0 1 1 1 1 0 0 0 1 1 1 1 0 1 1 1 0 0 0 0 0 1 1 0 0 0 0 1 0 1 0 1 1 0 0 0 1 1 1 1 1 1 1 0 1 1 0 
0 1 0 1 1 0 1 1 0 1 0 1 0 0 0 0 1 1 0 0 0 1 0 0 0 1 0 1 1 0 0 0 0 0 1 1 1 0 0 1 0 1 1 1 1 1 1 1 1 0 1 0 1 0 1 1 1 1 0 0 0 1 1 1 1 0 1 1 1 0 0 0 0 0 1 1 0 0 0 0 1 0 1 0 1 1 0 0 0 1 1 1 1 1 1 1 0 1 1 0 
#TS111
0 1 0 1 1 0 1 1 0 1 0 1 0 0 0 0 1 1 0 0 0 1 0 0 0 1 0 1 1 0 0 0 0 0 1 1 1 0 0 1 0 1 1 1 1 1 1 1 1 0 1 0 1 0 1 1 1 1 0 0 0 1 1 1 1 0 1 1 1 0 0 0 0 0 1 1 0 0 0 0 1 0 1 0 1 1 0 0 0 1 1 1 1 1 1 1 0 1 1 1 
0 1 0 1 1 0 1 1 0 1 0 1 0 0 0 0 1 1 0 0 0 1 0 0 0 1 0 1 1 0 0 0 0 0 1 1 1 0 0 1 0 1 1 1 1 1 1 1 1 0 1 0 1 0 1 1 1 1 0 0 0 1 1 1 1 0 1 1 1 0 0 0 0 0 1 1 0 0 0 0 1 0 1 0 1 1 0 0 0 1 1 1 1 1 1 1 0 1 1 1 
