1 1 0 0 0 0 0 0 0 0 0 0 0 0 0 
.3435 .5465 0 .1985 1 0 1 .261 .424 0 0 .106 .269 0 .1835 
0 0 1 0 0 0 0 0 0 0 0 0 0 0 0 
.441 .587 0 .7475 .195 0 .2605 .1175 .389 0 0 .1995 .058 0 .1245 
.4505 1 0 .4575 1 0 .066 .0275 .185 0 0 .0535 .034 0 .071 
.1175 .372 0 .076 .2345 1 .428 .112 .23 0 .223 .079 .021 0 .0535 
.4565 1 0 .336 .379 0 1 .5515 .6995 0 0 .1585 .0665 0 .1255 
.072 .4345 0 .0625 .0695 0 .345 1 .091 0 0 .053 .027 0 .025 
.6575 .76 0 .4975 .6375 0 .249 .1235 .7745 0 0 .1995 .08 0 .1835 
.1175 .276 0 .1025 .1165 0 .359 .2835 .1265 1 .223 .077 .189 0 .055 
.037 .1425 0 .0275 .0525 0 .777 .0815 .0435 0 .777 .0265 .007 0 .011 
.742 .6755 0 .4825 .611 0 .228 .117 .5525 0 0 .8005 .071 0 .143 
.14 .5985 0 .1415 .3475 0 .189 .354 .1855 0 0 .085 .731 0 .1385 
0 0 0 0 0 0 0 0 0 0 0 0 0 0 0 
.1865 .5985 0 .1955 .5095 0 .201 .092 .4255 0 0 .147 .099 0 .8165 
