0 0 0 0 0 0 .502 0 0 0 0 0 0 .502 0 
0 0 0 .777 0 0 .777 0 0 0 0 0 0 0 0 
0 0 1 .5825 0 0 1 0 0 .3375 0 0 0 0 0 
0 0 .351 1 0 0 1 0 0 .2545 0 0 0 0 0 
0 0 0 0 1 0 0 0 0 0 0 0 0 0 0 
0 0 .0255 .1135 0 1 0 0 0 .139 0 0 0 0 0 
0 0 .7145 .668 0 0 1 0 0 .0465 0 0 0 0 0 
0 0 .1035 .279 0 0 0 1 0 .3825 0 0 0 0 0 
0 0 .0315 .111 0 0 0 0 1 .1425 0 0 0 0 0 
0 0 .117 .2755 0 0 0 0 0 1 0 0 0 0 0 
0 0 0 0 0 0 0 0 0 0 1 0 0 0 0 
0 0 0 0 1 0 0 0 0 0 0 1 0 0 0 
0 0 .518 1 0 0 1 0 0 .3515 0 0 1 0 0 
0 0 0 0 0 0 .498 0 0 0 0 0 0 .498 0 
0 0 0 1 0 0 1 0 0 0 0 0 0 0 1 
