1 0 .3975 .006 .417 .3975 .417 .007 .0015 .0065 0 0 0 0 0 
0 0 .162 .103 .012 .2525 .034 .4945 .621 .105 0 0 0 0 .022 
0 0 .766 .1635 .2545 .6695 .271 .26 .103 .2835 0 0 0 0 .034 
0 0 .253 .8365 .0185 .4065 .0525 .226 .069 .4485 0 0 0 0 .034 
0 0 .4655 .045 .4815 .5875 .595 .069 .0245 .052 0 0 0 0 .3565 
0 0 .343 .1635 .207 .6655 .231 .2375 .0805 .1515 0 0 0 0 .034 
0 0 .5095 .1125 .427 .466 .576 .15 .043 .093 0 0 0 0 .3225 
0 0 .253 .1635 .0185 .4065 .0525 .7985 .2585 .4405 0 0 0 0 .034 
0 0 1 .1635 .012 .2615 .032 .2055 1 1 0 0 0 0 .02 
0 0 .0675 .057 .005 .1115 .0155 .205 1 1 0 0 0 0 .0105 
0 0 .07 .043 .004 .1165 .0115 1 .2365 .035 1 0 0 0 .0075 
0 0 0 0 0 0 0 0 0 0 0 0 0 0 0 
0 0 0 0 0 0 0 0 0 0 0 0 0 0 0 
0 0 .065 .051 .0035 1 .012 .095 .0595 .181 0 0 0 1 .0085 
0 0 .473 .051 .346 .561 .6435 .076 .026 .0585 0 0 0 0 .6435 
