.654 .1865 0 0 1 .4095 0 .0825 0 0 .168 0 .122 0 0 
.2805 .764 0 0 0 .507 0 .0785 0 0 .097 0 .1165 0 0 
0 0 1 .0695 0 0 .0995 0 0 .172 0 0 0 0 .172 
0 0 .2785 .6675 0 0 .306 0 0 .083 0 0 0 0 .083 
.5615 .187 0 0 0 .426 0 .265 0 0 .168 0 .19 0 0 
.4245 .236 0 0 0 .611 0 .08 0 0 .1225 0 .1175 0 0 
0 0 .408 .3325 0 0 .694 0 0 .105 0 0 0 0 .105 
.55 .0805 0 0 0 .1145 0 .735 0 0 .1145 0 .19 0 0 
0 0 .2225 .1595 0 0 .152 0 1 .089 0 0 0 0 .089 
0 0 .3865 .1065 0 0 .175 0 0 1 0 0 0 0 .172 
.537 .133 0 0 0 .353 0 .117 0 0 .832 0 .19 0 0 
0 0 0 0 0 0 0 0 0 0 0 0 0 0 0 
.586 .0955 0 0 0 .142 0 .265 0 0 .168 0 .81 0 0 
0 0 0 0 0 0 0 0 0 0 0 0 0 0 0 
0 0 .764 .2045 0 0 .223 0 0 .828 0 0 0 0 .828 
