1 .008 .0265 0 .0335 .3175 .0335 .0675 .2245 .099 0 0 .0685 .006 .0775 
0 1 .2825 0 .0625 .0395 .0625 1 .006 .001 0 0 .0065 .0355 .0225 
0 .0055 1 0 .0215 .158 .0215 .086 .2885 .0715 0 0 .058 .005 .029 
0 0 .003 0 .003 .1285 .003 .03 .1055 .078 0 0 .0185 .001 .0065 
0 .78 .727 0 .1265 .073 .1265 .735 .014 .0045 0 0 .0135 .0545 .0395 
0 .0765 .228 0 .2075 .531 .2075 1 .1605 .0745 0 0 .156 .057 .2095 
0 .16 .5895 0 .68 .2815 .68 .404 .059 .0295 0 0 .0505 .0545 .17 
0 .0455 .0995 0 .078 .301 .078 .51 1 .0545 0 0 .066 .162 .0385 
0 .0885 .2215 0 .1715 .7355 .1715 .626 .4915 .1745 0 0 .156 .1045 .1185 
0 .013 .042 0 .054 .7415 .054 .176 .618 .8255 0 0 .121 .0095 .094 
0 .004 .0215 0 .0255 .4025 .0255 .075 .2885 .1745 1 0 .0675 .0045 .077 
0 .22 .347 0 .128 .087 .128 1 .023 .0095 0 1 .0135 .162 .0415 
0 .037 .1065 0 .124 .6415 .124 .3915 .2205 .103 0 0 .844 .076 .2095 
0 .0225 .032 0 .0115 .028 .0115 .7705 .012 .007 0 0 0 .838 .008 
0 .06 .144 0 .1935 .685 .1935 .3785 .0965 .0515 0 0 .156 .039 .7905 
