#TS 1
1 1 1 1 0 1 1 0 1 1 0 1 0 0 0 
1 1 0 1 1 1 1 0 1 1 0 1 0 0 0 
#TS 2
0 1 1 1 0 0 0 1 0 0 1 0 0 0 0 
0 1 1 1 0 1 0 1 0 0 1 0 0 0 0 
#TS 3
1 1 1 1 0 0 0 0 0 1 0 1 0 0 0 
1 1 1 1 0 0 0 0 1 1 0 1 0 0 0 
#TS 4
1 1 1 1 0 0 0 0 0 1 0 0 0 1 0 
1 1 1 1 0 0 0 0 1 1 0 0 0 1 0 
#TS 5
1 1 1 1 0 0 0 0 1 1 0 0 1 0 0 
1 1 1 1 0 0 0 1 1 1 0 0 1 0 0 
#TS 6
0 1 1 1 0 1 0 1 0 0 1 0 0 0 0 
0 1 1 1 0 1 0 0 0 0 1 0 0 0 0 
#TS 7
1 1 1 0 0 0 0 1 0 1 1 0 0 0 0 
1 1 1 1 0 0 0 1 0 1 1 0 0 0 0 
#TS 8
1 1 1 1 0 1 0 1 0 1 0 0 0 0 1 
1 1 1 1 0 1 0 0 0 1 0 0 0 0 1 
#TS 9
1 1 1 1 0 1 0 1 0 1 0 0 1 0 0 
1 1 1 1 0 1 0 0 0 1 0 0 1 0 0 
#TS 10
1 1 1 1 0 0 0 1 0 1 0 0 0 0 0 
1 1 1 1 0 0 0 1 0 1 0 0 0 0 0 
#TS 11
1 1 1 1 0 0 0 1 0 1 0 1 0 0 0 
1 1 1 1 0 0 0 0 0 1 0 1 0 0 0 
#TS 12
1 1 1 1 0 0 0 1 1 1 0 0 1 0 0 
1 1 1 1 0 0 0 1 0 1 0 0 1 0 0 
#TS 13
1 1 1 1 0 1 0 0 1 1 0 0 0 0 1 
1 1 1 1 0 0 0 1 1 1 0 0 0 0 1 
#TS 14
1 0 1 1 1 1 1 0 1 1 0 1 0 0 0 
1 1 1 1 1 1 1 0 1 1 0 1 0 0 0 

