#TS1
1 1 1 1 1 0 0 1 1 0 1 0 0 0 0 
1 0 1 1 1 0 0 1 1 0 1 0 0 0 0 
#TS2
1 0 1 1 1 0 1 1 1 1 0 0 0 0 1 
1 0 0 1 1 0 1 1 1 1 0 0 0 0 1 
#TS3
1 0 0 1 1 0 0 1 1 0 0 0 0 1 0 
1 0 0 1 1 0 0 1 0 0 0 0 0 1 0 
#TS4
1 0 0 1 1 0 0 1 0 0 0 0 0 1 0 
1 0 1 1 1 0 0 1 1 1 0 0 0 1 0 
#TS5
1 0 0 1 0 0 0 1 1 1 0 0 0 0 1 
1 0 0 1 1 0 1 1 1 1 0 0 0 0 1 
#TS6
1 0 1 1 1 0 0 0 1 1 1 0 0 0 0 
1 0 1 1 1 0 0 1 1 1 1 0 0 0 0 
#TS7
1 0 1 1 1 1 0 1 1 1 0 0 0 0 0 
1 0 1 1 1 1 0 1 1 1 0 0 0 0 0 
#TS8
1 0 1 1 1 1 0 1 1 1 0 0 0 1 0 
1 0 1 1 1 0 0 1 1 1 0 0 0 1 0 

