# knockout 1
0 0 1 0 1 1 1 1 1 1 0 0 0 0 0 
0 0 1 0 1 1 1 1 1 1 0 0 0 0 0 
# knockout 2
0 0 0 1 1 1 1 1 1 1 0 0 0 0 0 
0 0 0 1 1 1 1 1 1 1 0 0 0 0 0 
# knockout 3
0 0 1 0 1 1 1 1 0 1 0 0 0 0 0 
0 0 1 0 1 1 1 1 0 1 0 0 0 0 0 
# knockout 4
0 0 1 0 0 1 1 1 1 1 0 0 0 0 0 
0 0 1 0 0 1 1 1 1 1 0 0 0 0 0 
# knockout 5
0 0 1 0 1 0 1 1 1 1 0 0 0 0 0 
0 0 1 0 1 0 1 1 1 1 0 0 0 0 0 
# knockout 6
0 0 1 0 1 1 0 1 1 1 0 0 0 0 0 
0 0 1 0 1 1 0 1 1 1 0 0 0 0 0 
# knockout 7
0 0 1 1 1 1 1 1 1 1 0 0 0 0 0 
0 0 1 1 1 1 1 1 1 1 0 0 0 0 0 
# knockout 8
0 0 1 0 1 0 1 0 1 1 0 0 0 0 0 
0 0 1 0 1 0 1 0 1 1 0 0 0 0 0 
# knockout 9
0 0 1 0 1 1 1 1 0 0 0 0 0 0 0 
0 0 1 0 1 1 1 1 0 0 0 0 0 0 0 

