#TS 1
0 0 1 0 1 1 1 1 1 1 0 0 0 0 0 
0 0 1 0 1 1 1 1 1 1 0 0 0 0 0 
#TS 2
0 0 1 0 0 1 1 1 1 1 0 1 0 0 0 
0 0 1 0 1 1 1 1 1 1 0 1 0 0 0 
#TS 3
0 0 0 1 1 1 0 1 1 1 0 0 1 0 0 
0 0 1 1 1 1 1 1 1 1 0 0 1 0 0 
#TS 4
0 0 0 0 1 1 1 0 1 0 0 0 1 0 0 
0 0 0 0 1 1 1 0 1 1 0 0 1 0 0 
#TS 5
1 0 1 0 1 1 0 1 1 1 0 0 0 1 0 
0 0 1 0 1 1 1 1 1 1 0 0 0 1 0 
#TS 6
0 0 1 0 1 1 1 1 1 1 1 0 0 0 0 
0 0 1 0 1 1 1 1 1 1 1 0 0 0 0 
#TS 7
0 0 1 1 1 1 1 1 1 1 0 0 0 0 1 
0 0 1 0 1 1 1 1 1 1 0 0 0 0 1 
#TS 8
0 1 1 0 1 1 1 1 1 1 0 0 0 0 1 
0 0 1 0 1 1 1 1 1 1 0 0 0 0 1 
#TS 9
0 0 1 1 1 1 1 1 1 1 0 0 1 0 0 
0 0 1 0 1 1 1 1 1 1 0 0 1 0 0 

