#TS1
0 0 1 0 1 1 1 1 1 1 
0 0 1 0 1 1 1 1 1 1 
0 0 1 0 1 1 1 1 1 1 
0 0 1 0 1 1 1 1 1 1 
0 0 1 0 1 1 1 1 1 1 
0 0 1 0 1 1 1 1 1 1 
0 0 1 0 1 1 1 1 1 1 
0 0 1 0 1 1 1 1 1 1 
0 0 1 0 1 1 1 1 1 1 
0 0 1 0 1 1 1 1 1 1 
0 0 1 0 1 1 1 1 1 1 
0 0 1 0 1 1 1 1 1 1 
0 0 1 0 1 1 1 1 1 1 
0 0 1 0 1 1 1 1 1 1 
0 0 1 0 1 1 1 1 1 1 
0 0 1 0 1 1 1 1 1 1 
0 0 1 0 1 1 1 1 1 1 
0 0 1 0 1 1 1 1 1 1 
0 0 1 0 1 1 1 1 1 1 
0 0 1 0 1 1 1 1 1 1 
0 0 1 0 1 1 1 1 1 1 
#TS2
0 0 1 0 1 1 1 1 1 1 
0 0 1 0 1 1 1 1 1 1 
0 0 1 0 1 1 1 1 1 1 
0 0 1 0 1 1 1 1 1 1 
0 0 1 0 1 1 1 1 1 1 
0 0 1 0 1 1 1 1 1 1 
0 0 1 0 1 1 1 1 1 1 
0 0 1 0 0 1 1 1 1 1 
0 0 1 0 1 1 1 1 1 1 
0 0 1 0 1 1 1 1 1 1 
0 0 1 0 1 1 1 1 1 1 
0 0 1 0 1 1 1 1 1 1 
0 0 1 0 1 1 1 1 1 1 
0 0 1 0 1 1 1 1 1 1 
0 0 1 0 1 1 1 1 1 1 
0 0 1 0 1 1 1 1 1 1 
0 0 1 0 1 1 1 1 1 1 
0 0 1 0 1 1 1 1 1 1 
0 0 1 0 1 1 1 1 1 1 
0 0 1 0 1 1 1 1 1 1 
0 0 1 0 1 1 1 1 1 1 
#TS3
0 0 1 0 1 1 1 1 1 1 
0 0 1 0 1 1 1 0 1 1 
0 0 1 0 1 1 1 0 1 1 
0 0 1 0 1 1 1 0 1 1 
0 0 1 0 1 1 1 0 1 1 
0 0 1 0 1 1 1 0 1 1 
0 0 0 0 1 1 1 0 1 1 
0 0 0 0 1 1 1 0 1 1 
0 0 0 0 1 1 1 0 1 1 
0 0 0 0 1 1 1 0 1 0 
0 0 0 0 1 1 1 0 1 1 
0 0 0 1 1 1 0 1 1 1 
0 0 1 1 1 1 1 1 1 1 
0 0 1 0 1 1 1 1 1 1 
0 0 1 0 1 1 1 1 1 1 
0 0 1 0 1 1 1 1 1 1 
0 0 1 0 1 1 1 1 1 1 
0 0 1 0 1 1 1 1 1 1 
0 0 1 0 1 1 1 1 1 1 
0 0 1 0 1 1 1 1 1 1 
0 0 1 0 1 1 1 1 1 1 
#TS4
0 0 1 0 1 1 1 1 1 1 
0 0 1 0 1 1 1 0 1 1 
0 0 1 0 1 1 1 0 1 1 
0 0 1 0 1 1 0 0 1 1 
0 0 1 0 1 1 0 0 1 1 
0 0 1 0 1 1 0 0 1 1 
0 0 1 0 1 1 0 0 1 1 
0 0 1 0 1 1 0 0 1 1 
0 0 1 0 1 1 0 0 1 1 
0 0 1 0 1 1 0 0 1 1 
0 0 1 0 1 1 0 0 1 1 
1 0 1 0 1 1 0 1 1 1 
0 0 1 0 1 1 1 1 1 1 
0 0 1 0 1 1 1 1 1 1 
0 0 1 0 1 1 1 1 1 1 
0 0 1 0 1 1 1 1 1 1 
0 0 1 0 1 1 1 1 1 1 
0 0 1 0 1 1 1 1 1 1 
0 0 1 0 1 1 1 1 1 1 
0 0 1 0 1 1 1 1 1 1 
0 0 1 0 1 1 1 1 1 1 
#TS5
0 0 1 0 1 1 1 1 1 1 
0 0 1 0 1 1 1 1 1 1 
0 0 1 0 1 1 1 1 1 1 
0 0 1 0 1 1 1 1 1 1 
0 0 1 0 1 1 1 1 1 1 
0 0 1 0 1 1 1 1 1 1 
0 0 1 0 1 1 1 1 1 1 
0 0 1 0 1 1 1 1 1 1 
0 1 1 0 1 1 1 1 1 1 
0 0 1 0 1 1 1 1 1 1 
0 0 1 0 1 1 1 1 1 1 
0 0 1 0 1 1 1 1 1 1 
0 0 1 0 1 1 1 1 1 1 
0 0 1 1 1 1 1 1 1 1 
0 0 1 0 1 1 1 1 1 1 
0 0 1 0 1 1 1 1 1 1 
0 0 1 0 1 1 1 1 1 1 
0 0 1 0 1 1 1 1 1 1 
0 0 1 0 1 1 1 1 1 1 
0 0 1 0 1 1 1 1 1 1 
0 0 1 0 1 1 1 1 1 1 
#TS6
0 0 1 0 1 1 1 1 1 1 
0 0 1 0 1 1 1 1 1 1 
#TS7
0 0 1 1 1 1 1 1 1 1 
0 0 1 1 1 1 1 1 1 1 
#TS8
0 0 1 0 1 1 1 1 1 1 
0 0 1 0 1 1 1 1 1 1 
#TS9
0 0 0 1 1 1 1 1 1 1 
0 0 0 1 1 1 1 1 1 1 
#TS10
0 0 1 0 1 1 1 1 1 1 
0 0 1 0 1 1 1 1 1 1 
#TS11
0 0 1 0 0 1 1 1 1 1 
0 0 1 0 0 1 1 1 1 1 
#TS12
0 0 1 0 1 0 1 1 1 1 
0 0 1 0 1 0 1 1 1 1 
#TS13
0 0 1 0 1 1 0 1 1 1 
0 0 1 0 1 1 0 1 1 1 
#TS14
0 0 1 0 1 0 1 0 1 1 
0 0 1 0 1 0 1 0 1 1 
#TS15
0 0 1 0 1 1 1 1 0 1 
0 0 1 0 1 1 1 1 0 1 
#TS16
0 0 1 0 1 1 1 1 0 0 
0 0 1 0 1 1 1 1 0 0 
