#TS1
1 0 1 1 0 1 1 1 1 1 
1 0 1 1 0 1 1 1 1 1 
0 0 1 1 0 1 1 1 1 1 
0 0 1 1 1 1 1 1 1 1 
0 0 1 1 1 1 1 1 1 1 
0 0 1 1 1 1 1 1 1 1 
0 0 1 1 1 1 1 1 1 1 
0 0 1 1 1 1 1 1 1 1 
0 0 1 1 1 0 1 1 1 1 
0 0 1 1 1 1 1 1 1 1 
0 0 1 1 1 1 1 1 1 1 
1 0 1 1 1 1 1 1 1 1 
1 0 1 1 0 1 1 1 1 1 
1 0 1 1 0 1 1 1 1 1 
1 0 1 1 0 1 1 1 1 1 
1 0 1 1 0 1 1 1 1 1 
1 0 1 1 0 1 1 1 1 1 
1 0 1 1 0 1 1 1 1 1 
1 0 1 1 0 1 1 1 1 1 
1 0 1 1 0 1 1 1 1 1 
1 0 1 1 0 1 1 1 1 1 
#TS2
1 0 1 1 0 1 1 1 1 1 
1 0 1 1 0 1 0 1 1 1 
1 0 1 1 0 1 0 1 1 1 
1 0 1 1 0 1 0 1 1 1 
1 0 1 1 0 1 0 1 1 1 
1 0 1 1 0 1 0 1 1 1 
1 0 1 1 0 1 0 1 1 1 
1 0 1 1 0 1 0 1 1 1 
1 0 1 1 0 1 0 1 1 1 
1 0 1 1 0 1 0 1 1 1 
1 0 1 1 0 1 0 1 1 1 
1 0 1 1 0 1 1 1 1 1 
1 0 1 1 0 1 1 1 1 1 
1 0 1 1 0 1 1 1 1 1 
1 0 1 1 0 1 1 1 1 1 
1 0 1 1 0 1 1 1 1 1 
1 0 1 1 0 1 1 1 1 1 
1 0 1 1 0 1 1 1 1 1 
1 0 1 1 0 1 1 1 1 1 
1 0 1 1 0 1 1 1 1 1 
1 0 1 1 0 1 1 1 1 1 
#TS3
1 0 1 1 0 1 1 1 1 1 
1 0 1 1 0 1 1 0 1 1 
0 0 1 1 0 1 1 0 1 1 
0 0 1 1 1 1 1 0 1 1 
0 0 1 1 1 1 1 0 1 1 
0 0 1 1 1 1 1 0 1 1 
0 0 1 1 1 1 1 0 1 1 
0 0 1 1 1 1 1 0 1 1 
0 0 1 1 1 1 1 0 1 1 
0 0 1 1 1 1 1 0 1 1 
0 0 1 1 1 1 1 0 1 1 
1 0 1 1 1 1 1 1 1 1 
1 0 1 1 0 1 1 1 1 1 
1 0 1 1 0 1 1 1 1 1 
1 0 1 1 0 1 1 1 1 1 
1 0 1 1 0 1 1 1 1 1 
1 0 1 1 0 1 1 1 1 1 
1 0 1 1 0 1 1 1 1 1 
1 0 1 1 0 1 1 1 1 1 
1 0 1 1 0 1 1 1 1 1 
1 0 1 1 0 1 1 1 1 1 
#TS4
1 0 1 1 0 1 1 1 1 1 
1 0 1 1 0 1 0 0 1 1 
1 0 1 1 0 1 0 0 1 1 
1 0 1 1 0 1 0 0 1 1 
1 0 1 1 0 1 0 0 1 1 
1 0 1 1 0 1 0 0 1 1 
1 0 1 1 0 1 0 0 1 1 
1 0 1 1 0 1 0 0 1 1 
1 0 1 1 0 1 0 0 1 1 
1 0 1 1 0 1 0 0 1 1 
1 0 1 1 0 1 0 0 1 1 
1 0 1 1 0 1 1 1 1 1 
1 0 1 1 0 1 1 1 1 1 
1 0 1 1 0 1 1 1 1 1 
1 0 1 1 0 1 1 1 1 1 
1 0 1 1 0 1 1 1 1 1 
1 0 1 1 0 1 1 1 1 1 
1 0 1 1 0 1 1 1 1 1 
1 0 1 1 0 1 1 1 1 1 
1 0 1 1 0 1 1 1 1 1 
1 0 1 1 0 1 1 1 1 1 
#TS5
1 0 1 1 0 1 1 1 1 1 
1 0 1 1 0 1 0 1 1 1 
1 0 1 1 0 1 0 1 1 1 
1 0 1 1 0 1 0 1 1 1 
1 0 1 1 0 1 0 1 0 1 
1 0 1 1 0 1 0 1 0 0 
1 0 1 1 0 1 0 1 0 0 
1 0 1 1 0 1 0 1 0 0 
1 0 1 1 0 1 0 1 0 0 
1 0 1 1 0 1 0 1 0 0 
1 0 1 1 0 1 0 1 0 0 
1 0 0 1 0 1 1 1 1 0 
1 0 1 1 0 1 1 1 1 1 
1 0 1 1 0 1 1 1 1 1 
1 0 1 1 0 1 1 1 1 1 
1 0 1 1 0 1 1 1 1 1 
1 0 1 1 0 1 1 1 1 1 
1 0 1 1 0 1 1 1 1 1 
1 0 1 1 0 1 1 1 1 1 
1 0 1 1 0 1 1 1 1 1 
1 0 1 1 0 1 1 1 1 1 
#TS6
1 0 1 1 0 1 1 1 1 1 
1 0 1 1 0 1 1 1 1 1 
# knockout 1
0 1 1 1 1 1 1 1 1 1 
0 1 1 1 1 1 1 1 1 1 
# knockout 2
1 0 1 1 0 1 1 1 1 1 
1 0 1 1 0 1 1 1 1 1 
# knockout 3
1 0 0 1 0 1 1 1 1 1 
1 0 0 1 0 1 1 1 1 1 
# knockout 4
1 0 1 0 0 1 0 1 1 1 
1 0 1 0 0 1 0 1 1 1 
# knockout 5
1 0 1 1 0 1 1 1 1 1 
1 0 1 1 0 1 1 1 1 1 
# knockout 6
1 1 1 1 0 0 1 1 1 1 
1 1 1 1 0 0 1 1 1 1 
# knockout 7
1 0 1 0 0 1 0 1 1 1 
1 0 1 0 0 1 0 1 1 1 
# knockout 8
1 0 1 1 0 1 1 0 1 1 
1 0 1 1 0 1 1 0 1 1 
# knockout 9
1 0 1 1 0 1 1 1 0 0 
1 0 1 1 0 1 1 1 0 0 
# knockout 10
1 0 1 1 0 1 1 1 1 0 
1 0 1 1 0 1 1 1 1 0 
