0 .422594 0 .422594 0 .422594 .422594 0 0 .422594 
.371368 .371368 0 .371368 0 .371368 .371368 0 0 .371368 
.410354 0 0 .410354 0 .410354 0 .410354 0 0 
.434524 .434524 0 .434524 0 0 0 0 0 .434524 
0 0 0 .385354 0 .385354 .385354 0 0 0 
.174242 .174242 .174242 .174242 0 .174242 .174242 0 0 .174242 
.251166 .251166 0 .251166 0 .251166 .251166 0 0 .251166 
.271368 .271368 0 .271368 0 0 .271368 .271368 0 .271368 
0 .194444 0 .194444 0 0 0 0 0 .194444 
.215909 .215909 0 .215909 0 .215909 .215909 0 0 0 
