1	1	1	1	0	0	0	0	0	1	0	0	0	0	0
0	0	1	0	0	0	1	0	0	0	0	0	0	0	0
1	1	0	0	1	1	1	0	1	0	0	0	0	0	0
0	0	0	0	0	0	0	0	0	0	0	0	0	0	0
1	1	1	1	0	0	1	1	1	1	0	0	0	0	0
0	0	0	0	0	0	0	0	0	0	0	0	0	0	0
0	0	0	0	0	0	0	0	0	0	0	0	0	0	0
1	0	1	1	1	0	0	1	0	0	0	0	0	0	0
1	1	1	1	1	1	1	1	1	1	0	0	0	0	0
0	0	0	1	1	0	1	0	1	1	0	0	0	0	0
0	1	0	0	0	0	0	0	1	1	1	0	0	0	0
0	0	0	0	0	1	1	0	0	0	0	1	0	0	0
0	0	0	0	0	0	1	0	0	0	0	0	1	0	0
0	0	0	0	0	0	0	0	0	1	0	0	0	1	0
0	0	0	0	1	0	0	0	0	1	0	0	0	0	1


cut for 1-10: 1
cut for 11-15: .92