#TS1
4 1 3 4 0 0 2 3 4 3 0 0 0 0 0 
3 1 3 4 0 1 3 3 4 3 0 0 0 0 0 
#TS2
3 1 3 4 0 0 3 3 4 4 0 0 0 0 0 
3 1 3 4 0 1 3 3 4 3 0 0 0 0 0 
#TS3
2 1 1 0 0 2 0 3 4 3 0 1 0 0 0 
2 1 2 1 1 2 1 3 4 3 0 0 0 0 0 
#TS4
3 1 3 3 0 2 3 3 4 3 0 0 0 0 0 
3 1 3 4 0 2 4 3 4 4 0 0 0 0 0 
#TS5
0 0 3 2 3 4 3 0 4 3 0 0 1 0 0 
0 0 2 1 4 4 3 0 4 3 0 0 1 0 0 
#TS6
3 1 3 4 0 1 3 4 4 4 0 0 0 0 0 
4 1 3 4 0 1 3 3 4 3 0 0 0 0 0 
#TS7
3 1 3 4 0 0 3 3 4 3 0 0 0 1 0 
2 2 3 4 0 1 1 1 2 4 0 0 0 1 0 
#TS8
3 1 2 4 1 1 1 3 4 3 0 1 0 0 0 
3 0 2 4 1 1 1 4 4 3 0 1 0 0 0 
#TS9
3 0 3 4 0 1 3 3 4 4 0 0 0 0 0 
4 1 3 4 0 1 2 3 4 4 0 0 0 0 0 
#TS10
0 0 2 1 3 3 3 0 4 4 0 0 1 0 0 
0 0 3 1 4 4 3 0 4 3 0 0 1 0 0 
#TS11
3 2 1 2 0 1 3 3 4 3 0 0 0 0 0 
3 1 3 3 0 2 3 3 4 3 0 0 0 0 0 
#TS12
3 0 3 3 0 0 3 4 3 4 0 0 0 0 0 
3 1 3 4 0 1 2 4 4 3 0 0 0 0 0 
#TS13
4 0 0 1 0 1 4 4 4 3 0 0 0 0 0 
3 1 3 3 0 1 3 3 4 4 0 0 0 0 0 
#TS14
3 1 1 3 0 1 0 3 4 3 0 1 0 0 0 
3 1 1 2 0 1 0 3 4 3 0 1 0 0 0 
#TS15
4 0 3 4 0 0 4 3 4 3 0 0 0 0 0 
3 1 3 4 0 0 2 3 3 3 0 0 0 0 0 
#TS16
0 0 3 4 2 1 3 0 4 3 0 0 1 0 0 
0 0 3 3 3 2 3 0 4 3 0 0 1 0 0 
#TS17
4 3 1 3 0 3 0 1 2 3 0 0 0 1 0 
3 2 1 1 0 2 0 0 2 3 0 0 0 1 0 
#TS18
3 1 3 4 0 2 4 3 4 4 0 0 0 0 0 
3 1 3 4 0 1 3 3 4 3 0 0 0 0 0 
#TS19
3 1 2 3 1 2 3 3 4 3 0 0 0 0 0 
4 1 3 3 1 0 3 3 4 3 0 0 0 0 0 
#TS20
0 0 3 3 3 2 3 0 4 3 0 0 1 0 0 
0 0 3 2 3 3 3 0 4 3 0 0 1 0 0 
#TS21
3 1 3 4 0 0 2 3 3 3 0 0 0 0 0 
3 1 1 4 0 2 3 3 4 3 0 0 0 0 0 
#TS22
0 1 3 2 3 0 3 3 4 3 1 0 0 0 0 
0 1 3 1 3 1 4 2 4 3 1 0 0 0 0 
#TS23
0 0 4 3 1 1 3 3 4 3 1 0 0 0 0 
0 0 3 4 2 1 3 3 4 3 1 0 0 0 0 
#TS24
0 1 3 2 4 0 3 3 4 4 1 0 0 0 0 
0 0 3 2 4 1 3 3 4 3 1 0 0 0 0 
#TS25
3 2 1 1 0 3 0 1 1 4 0 0 0 1 0 
3 3 2 1 0 3 0 0 1 3 0 0 0 1 0 
#TS26
3 1 3 3 0 1 3 3 4 4 0 0 0 0 0 
4 1 3 4 0 0 4 3 4 3 0 0 0 0 0 
#TS27
3 2 2 4 0 2 0 1 2 4 0 0 0 1 0 
3 2 0 2 0 2 0 1 2 3 0 0 0 1 0 
#TS28
3 1 3 3 0 0 1 4 1 3 0 0 0 0 1 
3 0 3 2 0 0 1 4 1 3 0 0 0 0 1 
#TS29
3 1 3 4 0 0 3 3 4 3 0 0 0 0 1 
3 1 2 4 0 1 1 4 2 3 0 0 0 0 1 
#TS30
0 1 3 1 3 1 4 2 4 3 1 0 0 0 0 
0 1 3 2 4 0 3 3 4 4 1 0 0 0 0 
#TS31
2 1 2 1 1 1 0 3 4 4 0 1 0 0 0 
3 1 2 2 1 1 0 3 4 3 0 1 0 0 0 
#TS32
3 1 2 4 0 1 1 4 2 3 0 0 0 0 1 
3 1 3 3 0 0 1 4 1 3 0 0 0 0 1 
#TS33
2 2 3 4 0 1 1 1 2 4 0 0 0 1 0 
3 2 2 4 0 2 0 1 2 4 0 0 0 1 0 
#TS34
4 1 3 4 0 0 4 3 4 3 0 0 0 0 0 
4 0 3 4 0 0 4 3 4 3 0 0 0 0 0 
#TS35
3 1 3 4 1 0 4 3 4 3 0 0 0 0 0 
3 1 3 4 0 0 3 3 4 4 0 0 0 0 0 
#TS36
4 1 0 1 0 0 3 3 3 0 0 0 0 0 0 
4 0 0 1 0 1 4 4 4 3 0 0 0 0 0 
#TS37
3 2 1 1 0 2 0 0 2 3 0 0 0 1 0 
3 3 1 0 0 2 0 0 1 3 0 0 0 0 0 
#TS38
4 1 3 4 0 1 4 3 4 3 0 0 0 0 0 
4 1 3 4 0 1 3 3 4 3 0 0 0 0 0 
#TS39
3 0 3 4 0 1 2 3 4 3 0 0 0 0 0 
3 1 3 3 0 0 3 3 4 3 0 0 0 0 0 
#TS40
3 3 1 0 0 2 0 0 1 3 0 0 0 0 0 
3 2 1 2 0 1 3 3 4 3 0 0 0 0 0 
#TS41
2 1 1 4 0 0 3 3 4 3 0 0 0 0 0 
3 1 3 4 0 0 3 3 4 3 0 0 0 0 0 
#TS42
4 2 3 4 0 1 3 4 4 4 0 0 0 0 0 
3 1 3 4 1 1 3 3 4 3 0 0 0 0 0 
#TS43
3 1 1 1 0 0 1 3 0 0 0 0 0 0 1 
3 1 2 2 0 1 1 2 0 0 0 0 0 0 0 
#TS44
0 0 3 2 4 1 3 3 4 3 1 0 0 0 0 
0 0 3 3 4 1 3 3 4 3 0 0 0 0 0 
#TS45
2 1 3 4 1 0 3 3 3 3 0 0 0 0 0 
3 1 3 4 1 0 3 3 4 3 0 0 0 0 0 
#TS46
2 1 3 4 2 1 3 3 4 3 0 0 0 0 0 
2 1 3 4 1 0 3 3 3 3 0 0 0 0 0 
#TS47
3 1 3 2 1 0 3 3 4 3 0 0 0 0 0 
3 1 2 4 0 1 4 4 4 3 0 0 0 0 0 
#TS48
4 1 3 3 1 0 3 3 4 3 0 0 0 0 0 
3 0 3 4 0 1 3 3 4 4 0 0 0 0 0 
#TS49
4 1 3 4 0 1 3 3 4 3 0 0 0 0 0 
4 1 3 4 0 0 3 3 4 3 0 0 0 0 0 
#TS50
0 0 3 2 3 3 3 0 4 3 0 0 1 0 0 
0 0 2 1 3 3 3 0 4 4 0 0 1 0 0 
#TS51
2 1 2 1 0 0 1 4 4 3 0 1 0 0 0 
2 1 1 0 0 2 0 3 4 3 0 1 0 0 0 
#TS52
3 1 1 2 0 1 0 3 4 3 0 1 0 0 0 
2 1 1 1 0 1 0 4 4 3 0 1 0 0 0 
#TS53
0 0 3 1 3 3 3 0 4 3 0 0 0 0 0 
2 1 3 2 3 3 3 2 4 3 0 0 0 0 0 
#TS54
3 0 2 0 0 0 1 3 0 1 0 0 0 0 1 
3 1 1 1 0 0 1 4 0 0 0 0 0 0 1 
#TS55
0 0 3 4 2 1 3 3 4 3 1 0 0 0 0 
0 1 3 3 3 0 3 3 3 4 1 0 0 0 0 
#TS56
3 1 3 4 0 0 3 3 4 3 0 1 0 0 0 
3 1 2 4 1 1 1 3 4 3 0 1 0 0 0 
#TS57
0 0 3 3 4 1 3 3 4 3 0 0 0 0 0 
2 1 3 4 2 1 3 3 4 3 0 0 0 0 0 
#TS58
3 1 3 4 1 1 3 3 4 3 0 0 0 0 0 
3 1 3 4 0 1 3 3 4 3 0 0 0 0 0 
#TS59
3 0 2 4 1 1 1 4 4 3 0 1 0 0 0 
3 1 1 3 0 1 0 3 4 3 0 1 0 0 0 
#TS60
4 1 1 1 0 0 1 3 0 0 0 0 0 0 1 
3 1 1 1 0 0 1 3 0 0 0 0 0 0 1 
#TS61
1 1 3 4 1 0 4 3 3 3 1 0 0 0 0 
0 0 4 3 1 1 3 3 4 3 1 0 0 0 0 
#TS62
4 1 3 4 0 1 2 3 4 4 0 0 0 0 0 
4 2 3 4 0 1 3 4 4 4 0 0 0 0 0 
#TS63
2 1 3 2 3 3 3 2 4 3 0 0 0 0 0 
3 1 2 3 1 2 3 3 4 3 0 0 0 0 0 
#TS64
3 1 3 4 1 0 3 3 4 3 0 0 0 0 0 
3 1 3 4 1 0 4 3 4 3 0 0 0 0 0 
#TS65
3 0 3 2 0 0 1 4 1 3 0 0 0 0 1 
3 0 3 4 0 1 1 3 0 2 0 0 0 0 1 
#TS66
4 3 1 1 0 3 0 0 2 3 0 0 0 1 0 
4 3 0 2 0 2 0 1 2 3 0 0 0 1 0 
#TS67
3 1 2 4 0 1 4 4 4 3 0 0 0 0 0 
4 1 3 4 0 1 4 3 4 3 0 0 0 0 0 
#TS68
3 1 1 4 0 2 3 3 4 3 0 0 0 0 0 
2 1 1 4 0 0 3 3 4 3 0 0 0 0 0 
#TS69
3 0 3 4 0 1 1 3 0 2 0 0 0 0 1 
3 0 2 0 0 0 1 3 0 1 0 0 0 0 1 
#TS70
3 1 3 3 0 1 3 3 4 3 0 0 0 0 0 
4 1 3 4 0 0 3 3 4 3 0 0 0 0 0 
#TS71
0 0 2 1 4 4 3 0 4 3 0 0 1 0 0 
0 0 3 2 3 2 3 0 4 3 0 0 1 0 0 
#TS72
3 1 2 2 0 1 1 2 0 0 0 0 0 0 0 
4 1 0 1 0 0 3 3 3 0 0 0 0 0 0 
#TS73
3 1 3 4 0 0 3 3 4 3 0 0 1 0 0 
1 0 3 4 0 0 2 1 4 4 0 0 1 0 0 
#TS74
3 3 2 1 0 3 0 0 1 3 0 0 0 1 0 
4 3 1 3 0 3 0 1 2 3 0 0 0 1 0 
#TS75
3 1 2 4 0 0 3 3 4 3 0 0 0 0 0 
4 1 3 4 1 0 3 3 4 3 0 0 0 0 0 
#TS76
0 1 3 3 3 0 3 3 3 4 1 0 0 0 0 
0 1 3 3 3 1 3 4 3 3 1 0 0 0 0 
#TS77
4 1 3 4 0 1 3 3 4 4 0 0 0 0 0 
3 0 3 4 0 1 2 3 4 3 0 0 0 0 0 
#TS78
0 0 3 1 4 4 3 0 4 3 0 0 1 0 0 
0 0 3 2 3 4 3 0 4 3 0 0 1 0 0 
#TS79
0 1 3 3 3 1 3 4 3 3 1 0 0 0 0 
0 1 3 2 3 0 3 3 4 3 1 0 0 0 0 
#TS80
3 1 1 2 0 1 1 3 0 0 0 0 0 0 1 
4 1 1 1 0 0 1 3 0 0 0 0 0 0 1 
#TS81
0 0 3 2 3 2 3 0 4 3 0 0 1 0 0 
0 0 3 1 3 3 3 0 4 3 0 0 0 0 0 
#TS82
3 1 1 1 0 0 1 4 0 0 0 0 0 0 1 
3 1 1 2 0 1 1 3 0 0 0 0 0 0 1 
#TS83
2 1 2 1 1 2 1 3 4 3 0 0 0 0 0 
3 1 3 2 1 0 3 3 4 3 0 0 0 0 0 
#TS84
3 1 2 2 1 1 0 3 4 3 0 1 0 0 0 
2 1 2 1 0 0 1 4 4 3 0 1 0 0 0 
#TS85
4 0 3 4 0 1 3 3 4 3 0 0 0 0 0 
3 0 3 3 0 0 3 4 3 4 0 0 0 0 0 
#TS86
4 0 3 3 0 1 3 3 4 3 0 0 0 0 0 
4 0 3 4 0 1 3 3 4 3 0 0 0 0 0 
#TS87
3 1 3 4 0 0 3 3 4 3 1 0 0 0 0 
1 1 3 4 1 0 4 3 3 3 1 0 0 0 0 
#TS88
3 1 3 3 0 0 3 3 4 3 0 0 0 0 0 
3 1 2 4 0 0 3 3 4 3 0 0 0 0 0 
#TS89
1 0 3 4 0 0 2 1 4 4 0 0 1 0 0 
0 0 3 4 2 1 3 0 4 3 0 0 1 0 0 
#TS90
3 2 0 2 0 2 0 1 2 3 0 0 0 1 0 
4 3 1 1 0 3 0 0 2 3 0 0 0 1 0 
#TS91
4 3 0 2 0 2 0 1 2 3 0 0 0 1 0 
3 2 1 1 0 3 0 1 1 4 0 0 0 1 0 
#TS92
2 1 1 1 0 1 0 4 4 3 0 1 0 0 0 
2 1 2 1 1 1 0 3 4 4 0 1 0 0 0 
