#TS1
2 1 1 0 1 3 2 0 1 0 1 3 3 2 2 4 0 1 1 2 0 1 1 2 3 0 1 1 2 3 1 3 1 1 3 1 3 0 4 3 1 3 1 3 0 0 1 0 3 2 3 1 0 2 0 1 1 0 1 3 1 3 3 2 1 1 2 1 2 1 1 2 2 0 1 3 0 2 1 3 2 4 0 1 3 4 1 1 2 0 3 3 2 3 2 3 3 0 1 2 0 0 1 0 0 0 0 0 0 0 
1 1 0 0 1 3 3 0 2 1 0 3 4 3 2 4 0 0 3 3 0 1 2 1 3 0 2 1 3 2 1 3 1 1 3 1 3 0 3 3 1 2 1 1 0 1 1 1 3 1 3 1 0 3 1 1 1 0 1 3 1 3 3 2 1 1 1 0 2 1 1 3 1 0 2 3 0 2 1 3 3 3 0 1 2 4 1 0 2 1 3 3 2 3 4 3 3 0 0 3 0 0 1 0 0 0 0 0 0 0 
#TS2
3 1 0 0 1 3 1 0 1 1 3 3 1 0 4 3 0 4 1 3 0 1 0 1 2 0 2 1 2 2 1 2 2 3 3 1 3 3 2 3 2 3 2 3 1 0 2 0 3 2 3 1 0 2 1 1 1 0 1 0 2 3 3 2 1 2 3 4 2 1 1 1 2 0 1 3 0 1 1 3 0 1 0 1 3 4 1 1 2 0 3 3 1 4 2 4 3 0 3 3 0 0 0 0 0 0 0 0 0 0 
3 1 0 0 1 3 1 0 1 1 2 3 1 0 3 3 0 4 1 3 0 1 0 1 2 0 2 1 2 2 1 3 2 3 3 1 3 4 1 3 1 3 2 3 2 0 2 0 3 2 4 1 0 2 0 1 0 0 1 0 1 4 3 1 1 3 2 4 2 1 1 1 3 0 1 2 0 2 1 4 1 2 0 1 3 4 1 1 3 0 3 3 2 4 1 3 3 0 3 3 0 0 0 0 0 0 0 0 0 0 
#TS3
4 1 0 0 1 1 3 0 3 0 3 1 2 2 0 3 0 0 1 3 2 3 3 0 0 0 1 0 4 3 0 3 4 3 3 1 3 0 1 3 2 1 2 0 2 0 2 3 3 2 3 1 0 2 0 1 0 1 2 1 0 3 4 1 0 3 3 4 2 1 1 2 0 0 2 3 0 2 0 4 1 2 0 0 4 3 1 0 2 0 3 2 3 4 3 3 3 0 1 2 0 1 0 0 0 0 0 0 0 0 
3 0 0 0 0 1 4 0 1 0 3 3 2 1 0 4 0 0 1 4 2 3 3 0 0 0 1 0 3 3 0 3 3 2 3 1 3 0 1 4 2 1 2 0 2 0 2 3 3 2 3 1 0 2 1 1 0 1 1 0 0 4 4 2 1 4 2 4 1 1 0 2 0 0 3 3 0 2 0 3 1 3 0 0 3 4 1 0 1 0 3 1 3 4 3 3 2 0 1 2 0 1 0 0 0 0 0 0 0 0 
#TS4
0 2 4 2 2 3 2 1 3 1 2 3 2 2 4 4 0 4 1 3 0 1 2 0 0 0 2 0 0 3 0 2 3 0 3 0 3 3 3 3 3 3 2 3 2 0 2 0 3 1 3 1 1 3 1 1 1 3 1 0 2 4 4 1 0 3 2 3 1 2 2 4 3 0 1 3 0 1 1 3 1 4 3 4 3 4 1 1 2 0 3 3 3 4 3 1 2 0 3 3 1 0 0 0 0 0 0 0 0 0 
0 3 2 2 2 3 1 2 4 1 2 3 2 2 3 4 0 4 1 3 1 1 2 0 0 0 4 0 0 2 0 2 4 0 4 1 3 3 3 3 3 3 2 3 1 0 2 0 3 1 4 1 0 3 1 2 1 4 1 0 2 4 3 1 0 4 2 2 1 2 2 3 3 0 1 2 0 2 1 3 1 4 4 3 4 4 1 1 2 0 3 4 3 4 4 1 3 0 3 3 1 0 0 0 0 0 0 0 0 0 
#TS5
2 1 0 0 0 3 1 0 0 0 2 3 2 1 3 4 0 4 1 3 0 1 0 2 2 0 2 1 2 2 1 2 2 3 4 1 3 3 2 3 1 3 2 3 2 0 2 0 3 2 3 1 0 2 1 1 1 0 1 0 2 3 3 2 1 2 2 4 2 1 1 1 3 0 1 3 0 2 1 2 1 1 0 1 3 4 0 1 3 0 3 3 2 4 2 4 3 0 3 3 0 0 0 0 0 0 0 0 0 0 
3 1 0 0 1 3 1 0 1 1 3 3 1 0 4 3 0 4 1 3 0 1 0 1 2 0 2 1 2 2 1 2 2 3 3 1 3 3 2 3 2 3 2 3 1 0 2 0 3 2 3 1 0 2 1 1 1 0 1 0 2 3 3 2 1 2 3 4 2 1 1 1 2 0 1 3 0 1 1 3 0 1 0 1 3 4 1 1 2 0 3 3 1 4 2 4 3 0 3 3 0 0 0 0 0 0 0 0 0 0 
#TS6
0 2 4 2 2 3 2 2 1 0 2 0 2 0 4 4 0 2 1 2 4 1 1 2 1 0 1 0 0 2 1 3 3 1 0 2 1 3 2 3 4 3 2 3 3 0 2 0 3 1 3 1 0 2 0 0 0 0 4 2 1 0 3 2 1 0 3 3 1 1 1 1 2 0 1 3 0 2 1 3 2 2 2 3 3 0 0 1 2 0 3 3 2 4 4 3 3 0 3 0 0 0 0 1 0 0 0 0 0 0 
0 3 4 3 3 3 1 3 1 0 2 0 1 0 3 3 0 2 1 2 3 1 1 1 0 0 2 0 0 2 0 3 4 0 0 1 1 3 2 3 4 4 2 3 3 0 2 0 3 2 3 1 0 3 0 0 0 0 3 2 2 0 3 1 1 0 4 2 1 1 1 0 2 0 1 3 0 2 1 3 3 4 2 4 3 0 0 1 3 0 3 3 2 4 3 3 2 0 3 0 0 0 0 1 0 0 0 0 0 0 
#TS7
3 1 0 0 1 3 1 0 1 1 2 3 2 0 3 4 0 4 1 3 0 1 0 2 2 0 2 1 2 2 1 3 2 3 3 1 3 3 2 3 1 3 2 3 2 0 2 0 3 2 3 1 0 2 1 1 1 0 1 0 2 3 3 2 1 3 2 3 2 1 1 1 3 0 1 3 0 2 1 3 1 2 0 1 3 4 1 1 2 0 3 3 2 4 2 3 3 0 3 3 0 0 0 0 0 0 0 1 0 0 
3 0 0 0 1 3 1 0 2 0 2 1 2 2 3 4 0 4 1 3 1 1 0 2 2 0 3 0 2 2 4 3 2 4 3 1 3 4 2 3 2 3 2 3 2 0 3 0 3 2 3 1 0 2 1 0 1 0 0 0 0 2 2 3 1 1 3 4 2 1 2 1 3 0 1 3 0 1 1 0 1 1 0 1 4 3 1 1 2 0 3 3 2 4 2 3 2 0 1 3 0 0 0 0 0 0 0 1 0 0 
#TS8
2 3 0 0 1 2 0 0 1 1 3 1 2 0 0 4 0 4 1 0 0 3 3 3 0 0 2 1 4 3 1 3 2 3 3 1 3 0 0 4 3 2 0 3 0 4 1 4 3 0 3 1 0 2 0 0 0 0 2 4 1 2 1 2 0 3 2 3 3 0 0 1 3 0 1 3 0 0 1 2 1 0 0 0 3 4 0 4 2 4 3 3 2 1 0 3 0 0 2 3 0 0 0 0 0 0 0 0 1 0 
2 1 0 0 1 2 0 0 2 1 2 2 1 0 0 3 1 4 1 0 0 2 2 3 0 0 2 1 4 3 0 3 3 3 3 1 3 0 0 4 4 1 0 3 0 4 2 4 3 0 4 1 0 2 0 0 0 0 2 3 2 2 1 2 0 4 3 3 4 0 0 0 3 0 1 3 0 0 0 3 1 0 0 0 3 4 0 3 1 4 2 3 2 1 0 3 0 0 2 3 0 0 0 0 0 0 0 0 1 0 
#TS9
0 2 2 4 1 3 0 1 2 1 2 3 0 3 4 4 0 2 0 3 4 0 2 2 2 0 0 0 0 3 0 1 4 3 3 2 3 3 2 1 1 3 3 2 2 0 2 0 2 3 1 0 2 3 2 2 0 1 0 1 0 3 4 1 1 3 3 4 1 3 1 1 4 0 3 3 0 1 1 3 1 2 0 4 0 4 2 3 2 1 3 3 2 0 3 3 1 1 3 3 0 0 0 0 0 0 0 0 0 1 
0 3 2 3 2 3 0 1 2 1 2 3 0 2 4 3 0 2 0 2 4 0 3 2 2 0 0 0 0 2 0 1 4 4 3 3 3 3 2 1 1 3 4 3 1 0 2 0 1 3 1 0 3 4 2 3 0 1 0 0 1 4 3 0 1 4 3 4 2 3 0 2 4 0 2 4 0 2 1 3 2 3 0 4 0 4 2 2 1 0 3 3 2 0 4 3 1 1 4 3 0 0 0 0 0 0 0 0 0 1 
#TS10
2 2 0 0 1 3 0 1 2 1 2 3 2 0 3 3 0 3 1 1 0 1 0 2 4 0 2 1 2 3 1 3 2 3 3 1 3 3 2 3 1 3 2 3 2 2 2 0 3 2 4 2 0 2 1 1 1 0 1 0 2 2 1 2 1 3 2 3 2 2 0 0 2 0 1 4 0 2 1 2 1 1 0 1 2 4 1 1 2 0 3 3 2 4 0 3 3 0 3 3 0 0 0 0 0 0 0 0 0 0 
3 1 0 0 1 3 0 0 1 1 2 3 2 0 3 4 0 4 1 1 0 1 0 2 2 0 2 1 2 3 1 3 2 3 3 0 3 4 2 3 1 3 2 3 3 1 2 0 3 2 3 1 0 2 1 0 1 0 0 0 2 2 1 2 1 3 2 4 2 1 0 0 2 0 1 3 0 2 1 3 1 2 0 0 2 4 1 1 2 0 3 3 2 4 1 3 3 0 3 3 0 0 0 0 0 0 0 0 0 0 
#TS11
3 0 0 0 0 1 4 0 1 0 3 3 2 1 0 4 0 0 1 4 2 3 3 0 0 0 1 0 3 3 0 3 3 2 3 1 3 0 1 4 2 1 2 0 2 0 2 3 3 2 3 1 0 2 1 1 0 1 1 0 0 4 4 2 1 4 2 4 1 1 0 2 0 0 3 3 0 2 0 3 1 3 0 0 3 4 1 0 1 0 3 1 3 4 3 3 2 0 1 2 0 1 0 0 0 0 0 0 0 0 
3 1 1 0 0 1 3 1 1 0 3 2 2 2 0 3 0 0 1 2 2 2 3 0 0 0 1 1 2 3 1 2 4 2 3 1 3 0 1 3 1 1 2 0 3 0 2 3 3 2 3 1 0 2 1 0 1 1 1 1 0 3 3 2 1 3 2 3 1 1 1 2 0 0 2 2 0 2 0 3 1 3 0 1 3 3 1 0 2 0 4 1 4 4 3 3 3 0 1 2 0 1 0 0 0 0 0 0 0 0 
#TS12
3 1 0 0 0 3 1 0 1 0 0 3 3 2 2 3 0 3 1 2 0 1 0 2 3 2 3 3 3 2 0 2 0 2 3 2 3 2 1 3 0 3 1 2 2 1 2 0 3 2 2 3 2 0 2 3 2 0 0 0 2 2 2 2 0 2 0 2 2 1 1 1 3 0 0 4 0 1 1 2 0 0 0 0 3 4 3 0 2 1 3 3 2 4 1 3 3 0 3 3 0 0 0 0 0 0 0 0 0 0 
3 0 1 0 1 3 1 0 1 0 1 4 2 1 3 4 0 2 1 2 0 1 0 2 3 1 3 2 2 2 1 3 1 2 3 3 3 3 1 3 0 3 2 2 3 1 2 0 3 2 3 1 1 1 1 1 2 0 1 0 2 2 3 2 1 3 1 2 2 1 1 1 3 0 1 3 0 1 0 3 1 1 0 0 4 4 3 0 2 0 3 3 2 4 0 3 3 0 3 3 0 0 0 0 0 0 0 0 0 0 
#TS13
0 3 0 3 2 3 2 3 1 0 2 3 2 0 3 4 0 4 1 3 0 1 0 2 1 0 2 2 3 2 1 3 3 3 3 1 3 3 1 3 1 3 2 2 2 0 2 0 3 2 3 1 0 2 1 1 0 0 1 0 2 3 3 2 1 3 2 3 2 2 1 1 3 0 1 3 0 2 1 3 1 2 1 4 2 4 2 0 2 0 4 3 2 4 2 3 3 0 3 3 0 0 0 0 0 0 0 0 0 0 
1 3 0 1 2 3 1 3 1 0 2 3 2 0 3 4 0 4 1 3 0 1 0 2 2 0 1 1 2 2 1 3 2 3 3 2 3 3 2 3 1 3 2 3 2 0 2 0 3 2 3 1 0 2 1 1 1 0 1 0 2 3 3 2 1 2 1 3 2 2 1 1 3 0 1 3 0 2 1 2 1 2 0 3 3 4 2 0 2 0 3 3 2 4 2 3 3 0 3 3 0 0 0 0 0 0 0 0 0 0 
#TS14
3 0 0 0 1 3 1 0 1 1 2 3 2 0 3 3 0 4 1 4 0 1 0 2 2 0 2 1 2 2 1 3 2 3 3 1 3 4 2 3 1 3 2 3 2 0 2 0 3 2 3 1 0 2 1 1 1 0 1 0 2 3 3 2 1 4 2 3 2 1 1 1 3 0 1 3 0 2 1 3 1 1 0 2 4 4 1 1 2 0 3 2 2 4 2 3 3 0 3 3 0 0 0 0 0 0 0 0 0 0 
3 1 0 0 1 3 1 0 1 1 2 3 2 0 3 4 0 4 1 2 0 1 0 2 2 1 2 1 2 2 1 3 2 3 3 1 3 3 2 3 1 3 2 3 2 1 2 0 3 2 3 1 0 2 1 0 1 0 1 0 3 3 4 2 1 3 2 3 2 1 1 1 3 0 1 3 0 2 1 3 1 1 0 1 4 4 1 1 2 0 3 3 2 4 1 3 3 0 3 3 0 0 0 0 0 0 0 0 0 0 
#TS15
3 1 0 0 1 3 1 0 2 1 2 3 2 0 3 4 0 4 1 3 0 2 0 2 2 0 2 1 2 2 2 2 3 3 3 1 3 4 2 3 1 3 3 3 2 0 2 0 3 2 3 1 0 2 1 1 1 0 1 0 2 3 3 1 1 3 2 3 2 1 1 1 4 0 1 4 0 2 1 3 1 2 0 1 3 4 2 0 2 0 3 3 2 4 2 3 3 0 3 3 0 0 0 0 0 0 0 0 0 0 
3 1 1 0 1 3 1 0 1 1 2 3 2 0 3 3 0 4 1 3 0 1 0 2 2 0 1 1 2 2 2 3 2 3 2 1 3 3 2 3 1 3 2 4 2 0 2 0 3 2 3 1 0 2 1 1 1 0 1 0 2 3 3 2 1 3 2 3 2 1 1 1 3 0 1 3 0 2 1 3 1 2 0 1 3 4 1 1 2 0 3 3 2 4 2 4 3 0 3 3 0 0 0 0 0 0 0 0 0 0 
#TS16
0 3 2 1 3 3 2 2 1 0 1 3 2 1 1 3 0 2 4 0 0 1 0 2 3 0 2 1 2 3 1 3 2 3 3 0 3 3 1 3 1 3 2 3 2 4 2 0 3 4 2 1 0 3 1 0 1 0 1 0 2 2 1 2 0 3 2 4 2 3 1 1 3 0 2 3 0 1 1 2 2 0 1 1 1 4 3 0 2 0 3 3 2 2 0 2 3 0 2 3 0 0 0 0 0 0 0 0 0 0 
0 3 0 0 2 3 1 3 2 0 1 3 2 0 4 3 0 3 2 0 0 1 0 2 3 1 2 1 2 3 1 3 1 3 3 1 3 3 1 3 1 3 2 3 2 4 3 0 3 2 3 2 0 2 1 0 1 0 0 0 3 2 1 2 0 3 2 3 2 3 1 1 2 0 1 3 0 2 1 2 1 1 0 1 2 4 1 0 2 0 3 2 2 3 0 3 3 0 3 3 0 0 0 0 0 0 0 0 0 0 
#TS17
3 1 0 0 1 3 1 0 1 1 2 3 2 0 3 3 0 4 1 3 0 2 0 2 3 0 2 1 2 2 1 3 2 2 3 1 3 2 2 3 1 3 2 3 1 0 2 0 3 1 3 1 0 2 1 0 1 0 1 0 2 3 3 2 1 3 2 3 3 1 1 1 3 0 1 3 0 2 1 2 1 2 0 1 3 3 1 1 2 0 3 2 2 4 2 3 3 0 4 2 0 0 0 0 0 0 0 0 0 0 
3 1 0 0 1 3 1 0 1 1 2 3 2 0 3 3 0 4 1 3 0 1 0 2 2 0 2 1 2 2 1 3 2 3 3 1 3 3 2 3 1 3 2 3 2 0 2 0 4 2 3 1 0 3 1 0 1 0 1 0 2 3 3 2 1 3 3 3 2 1 1 1 3 0 1 2 0 2 1 3 1 1 0 1 3 4 1 1 2 0 3 3 2 4 2 3 3 0 3 3 0 0 0 0 0 0 0 0 0 0 
#TS18
3 1 0 0 1 3 1 0 2 1 2 3 1 0 2 4 0 4 1 2 0 2 0 2 2 0 1 2 2 2 1 2 2 3 3 1 3 3 2 3 1 3 1 3 2 1 2 0 3 2 3 1 0 2 1 0 1 0 1 0 2 3 3 2 1 3 3 4 2 1 1 1 2 0 1 3 0 2 1 2 1 2 0 1 3 4 1 1 2 0 4 3 2 4 3 3 3 0 3 3 0 0 0 0 0 0 0 0 0 0 
3 1 0 0 1 3 1 0 2 1 1 3 1 0 3 3 0 4 1 2 0 1 0 2 2 0 1 1 3 2 1 3 2 3 3 1 3 3 2 3 1 3 2 3 3 0 2 0 3 2 3 2 0 2 1 1 1 0 1 0 2 3 3 3 1 3 3 3 2 1 1 1 3 0 1 3 0 2 1 3 2 1 0 0 3 4 1 1 2 0 3 4 3 4 2 3 3 0 3 3 0 0 0 0 0 0 0 0 0 0 
#TS19
1 3 0 1 2 3 1 3 1 0 2 3 2 0 3 4 0 4 1 3 0 1 0 2 2 0 1 1 2 2 1 3 2 3 3 2 3 3 2 3 1 3 2 3 2 0 2 0 3 2 3 1 0 2 1 1 1 0 1 0 2 3 3 2 1 2 1 3 2 2 1 1 3 0 1 3 0 2 1 2 1 2 0 3 3 4 2 0 2 0 3 3 2 4 2 3 3 0 3 3 0 0 0 0 0 0 0 0 0 0 
3 2 0 0 2 3 1 1 2 0 2 3 2 0 3 3 0 4 1 3 0 2 1 1 2 0 1 1 2 2 1 3 2 3 3 2 3 3 2 3 1 3 2 2 2 0 2 0 3 2 3 1 0 2 1 1 1 0 1 0 2 3 3 2 0 3 2 3 2 1 1 1 3 0 1 3 0 2 1 2 1 2 0 2 2 4 2 0 2 0 3 2 2 4 2 3 3 0 3 3 0 0 0 0 0 0 0 0 0 0 
#TS20
1 1 0 0 2 3 3 1 1 0 0 3 4 4 1 3 0 0 3 1 0 1 1 1 4 1 2 3 2 4 1 2 0 0 3 4 4 1 4 0 0 0 0 0 0 3 0 3 3 2 0 4 4 2 3 3 3 0 0 3 3 1 2 2 1 0 0 0 2 1 1 2 0 3 0 3 0 1 0 4 3 4 0 1 3 4 2 0 2 4 3 4 3 2 4 3 3 0 0 3 0 0 1 0 0 0 0 0 0 0 
1 1 1 0 1 1 3 0 3 0 1 3 4 4 0 4 0 0 4 0 0 1 1 1 4 0 2 3 3 4 1 3 0 1 3 4 3 1 4 0 1 0 0 0 0 3 0 3 3 2 0 3 2 2 3 4 4 0 0 3 3 2 2 1 1 1 0 0 2 0 1 2 0 2 0 3 0 1 1 2 2 3 0 1 3 4 2 0 3 4 3 3 2 2 4 3 3 0 0 3 0 0 0 0 0 0 0 0 0 0 
#TS21
2 1 1 0 1 3 3 2 0 0 2 3 3 0 1 3 0 3 1 2 1 1 0 2 0 0 2 1 2 2 2 3 2 3 3 0 4 4 1 3 1 3 2 3 2 0 2 0 3 2 3 0 0 2 0 1 0 0 1 1 0 4 3 3 0 3 2 3 2 3 2 1 3 0 4 3 0 2 1 3 1 2 2 2 2 4 4 0 2 0 3 0 2 4 4 1 3 0 2 3 0 0 0 0 0 0 1 0 0 0 
1 1 2 0 2 3 4 2 1 0 2 3 3 0 1 3 0 3 2 3 1 2 0 3 0 0 1 1 2 2 2 3 2 3 3 0 3 3 1 3 1 3 2 4 2 0 3 0 3 2 3 0 0 3 0 0 0 0 1 2 0 4 3 2 0 3 2 3 3 4 2 1 3 0 4 3 0 2 1 3 1 1 2 3 1 4 4 0 2 0 3 0 1 3 3 1 3 0 2 3 0 0 0 0 0 0 1 0 0 0 
#TS22
0 3 2 3 2 3 0 1 2 1 2 3 0 2 4 3 0 2 0 2 4 0 3 2 2 0 0 0 0 2 0 1 4 4 3 3 3 3 2 1 1 3 4 3 1 0 2 0 1 3 1 0 3 4 2 3 0 1 0 0 1 4 3 0 1 4 3 4 2 3 0 2 4 0 2 4 0 2 1 3 2 3 0 4 0 4 2 2 1 0 3 3 2 0 4 3 1 1 4 3 0 0 0 0 0 0 0 0 0 1 
1 2 2 4 1 3 1 2 1 1 2 4 0 3 4 4 1 2 0 3 4 0 2 2 2 0 0 0 0 4 0 1 3 4 3 3 3 3 1 2 1 3 4 3 1 0 2 0 1 4 1 0 2 4 2 2 0 2 0 0 0 4 3 1 1 3 3 3 1 3 0 1 4 0 2 3 0 1 1 3 1 2 0 4 0 4 3 3 1 0 3 3 2 0 4 3 1 0 3 3 0 0 0 0 0 0 0 0 0 1 
#TS23
0 3 4 3 3 3 1 3 1 0 2 0 1 0 3 3 0 2 1 2 3 1 1 1 0 0 2 0 0 2 0 3 4 0 0 1 1 3 2 3 4 4 2 3 3 0 2 0 3 2 3 1 0 3 0 0 0 0 3 2 2 0 3 1 1 0 4 2 1 1 1 0 2 0 1 3 0 2 1 3 3 4 2 4 3 0 0 1 3 0 3 3 2 4 3 3 2 0 3 0 0 0 0 1 0 0 0 0 0 0 
0 3 3 4 4 3 1 4 3 0 2 0 1 0 3 3 0 2 1 3 3 1 2 3 0 0 2 0 0 2 0 3 4 1 0 1 0 4 2 3 3 3 2 3 3 0 3 0 3 2 3 1 0 2 0 0 0 0 4 2 2 0 3 1 1 0 4 2 1 1 1 0 3 0 1 3 0 2 1 2 4 3 3 4 3 0 0 1 2 0 3 3 2 3 4 3 3 0 3 0 0 0 0 1 0 0 0 0 0 0 
#TS24
1 1 1 0 1 3 1 0 0 0 2 1 2 1 4 3 1 3 1 3 0 1 0 2 2 0 1 0 0 2 1 3 3 1 0 1 3 4 2 3 3 3 2 3 1 0 2 0 3 1 3 2 0 1 0 0 1 0 3 2 2 0 3 2 1 1 3 3 2 1 1 0 2 0 1 3 0 2 1 2 2 3 0 3 4 0 1 1 2 0 3 3 2 4 3 3 3 0 3 0 0 0 0 1 0 0 0 0 0 0 
2 1 1 0 1 3 1 1 1 0 2 0 2 1 3 4 0 2 1 3 1 1 0 2 1 0 1 0 0 2 0 3 4 1 0 2 1 2 2 3 3 2 2 3 2 0 2 0 3 1 3 1 0 2 0 1 1 0 4 3 2 0 4 2 1 0 3 2 2 1 2 1 2 0 1 4 0 1 1 2 2 3 0 3 4 0 1 1 3 0 3 3 2 4 3 3 3 0 3 0 0 0 0 1 0 0 0 0 0 0 
#TS25
4 1 0 0 1 3 3 0 0 0 2 3 1 0 2 4 0 4 1 3 0 1 3 2 1 0 2 1 2 3 1 3 2 3 0 1 2 3 2 3 3 3 1 3 0 0 2 0 3 0 4 0 0 3 1 0 0 1 1 0 1 3 3 3 1 3 2 1 2 1 1 1 3 1 3 3 0 2 1 3 1 2 0 1 3 3 0 1 3 0 2 3 2 3 2 4 2 0 2 1 0 0 0 0 1 0 0 0 0 0 
3 0 0 0 1 3 3 0 0 0 1 3 1 0 2 4 0 4 1 2 0 2 4 2 0 0 2 1 2 3 1 3 2 3 0 1 1 3 2 4 4 3 2 3 0 0 2 0 3 0 3 0 0 4 1 1 0 2 2 0 1 3 3 2 1 4 4 1 2 2 1 1 3 0 2 4 0 2 1 3 1 2 0 1 3 4 0 1 2 1 3 3 1 2 2 4 3 0 2 1 0 0 0 0 1 0 0 0 0 0 
#TS26
0 1 4 2 2 3 3 3 1 0 2 2 0 0 2 3 0 4 0 2 1 1 3 2 0 0 3 1 1 3 2 3 2 3 0 3 1 4 2 3 4 3 2 3 0 0 2 0 3 0 3 0 0 4 0 1 0 2 1 1 2 3 2 2 1 3 3 1 4 3 1 1 3 0 2 3 0 1 1 3 1 2 1 3 2 4 1 0 3 3 3 3 2 2 2 4 3 0 2 1 0 0 0 0 1 0 0 0 0 0 
0 2 3 3 3 3 4 2 0 0 1 2 0 0 2 3 1 4 0 2 4 1 4 2 0 0 2 2 1 3 1 3 2 3 0 3 1 4 2 4 4 3 2 3 0 0 2 0 3 0 3 0 0 3 0 2 0 3 1 1 1 3 2 2 1 2 1 1 4 3 1 1 3 0 3 3 0 2 1 3 1 1 1 4 3 4 0 0 3 3 3 3 2 3 2 3 3 0 3 1 0 0 0 0 1 0 0 0 0 0 
#TS27
0 3 0 3 2 4 1 3 3 0 2 3 2 0 3 4 0 4 1 3 2 1 1 2 0 0 2 1 2 1 1 3 2 3 2 1 3 3 2 3 2 3 2 3 3 0 2 0 3 2 3 1 0 2 1 1 1 0 1 0 3 4 4 1 1 2 3 3 1 1 1 0 3 0 1 3 0 2 2 3 1 1 1 3 3 4 1 1 2 0 3 2 2 4 2 4 2 0 3 3 0 0 0 0 0 0 0 0 0 0 
1 3 0 2 2 4 2 2 1 1 2 3 2 0 3 4 0 4 1 3 1 1 2 2 0 0 2 1 2 2 1 4 2 3 3 1 3 3 2 3 1 3 2 3 2 0 2 0 3 2 3 1 0 2 1 1 1 0 1 0 2 4 3 1 1 3 3 3 1 1 0 1 3 0 0 3 0 2 2 3 1 1 0 3 3 4 1 1 2 0 4 3 2 4 2 4 3 0 3 3 0 0 0 0 0 0 0 0 0 0 
#TS28
1 1 0 0 1 3 1 0 0 1 2 3 2 0 3 4 1 4 1 3 0 1 1 2 2 0 2 1 2 2 1 4 2 2 3 1 3 3 2 3 1 3 2 4 2 0 2 0 3 2 2 1 0 2 1 2 1 0 1 0 2 3 3 2 2 3 2 3 2 1 1 1 3 0 1 3 0 2 1 3 0 2 0 1 4 4 2 0 2 0 3 3 2 4 2 3 3 0 3 3 0 0 0 0 0 0 0 0 0 0 
3 0 0 0 1 3 1 0 1 1 2 3 2 0 3 3 0 4 1 4 0 1 0 2 2 0 2 1 2 2 1 3 2 3 3 1 3 4 2 3 1 3 2 3 2 0 2 0 3 2 3 1 0 2 1 1 1 0 1 0 2 3 3 2 1 4 2 3 2 1 1 1 3 0 1 3 0 2 1 3 1 1 0 2 4 4 1 1 2 0 3 2 2 4 2 3 3 0 3 3 0 0 0 0 0 0 0 0 0 0 
#TS29
3 2 0 0 2 3 1 1 2 0 2 3 2 0 3 3 0 4 1 3 0 2 1 1 2 0 1 1 2 2 1 3 2 3 3 2 3 3 2 3 1 3 2 2 2 0 2 0 3 2 3 1 0 2 1 1 1 0 1 0 2 3 3 2 0 3 2 3 2 1 1 1 3 0 1 3 0 2 1 2 1 2 0 2 2 4 2 0 2 0 3 2 2 4 2 3 3 0 3 3 0 0 0 0 0 0 0 0 0 0 
3 1 0 0 1 3 1 0 2 1 2 3 2 0 3 4 0 4 1 3 0 2 0 2 2 0 2 1 2 2 2 2 3 3 3 1 3 4 2 3 1 3 3 3 2 0 2 0 3 2 3 1 0 2 1 1 1 0 1 0 2 3 3 1 1 3 2 3 2 1 1 1 4 0 1 4 0 2 1 3 1 2 0 1 3 4 2 0 2 0 3 3 2 4 2 3 3 0 3 3 0 0 0 0 0 0 0 0 0 0 
#TS30
3 1 0 0 1 3 2 1 2 0 2 3 2 0 1 3 0 4 1 2 0 1 0 2 1 0 2 1 2 2 2 3 3 3 3 0 3 4 2 3 1 3 2 3 2 0 2 0 3 2 3 1 0 2 0 1 1 0 1 1 0 3 2 1 0 3 2 4 2 1 1 1 3 0 4 3 0 2 1 2 1 2 1 1 3 4 1 1 2 0 3 0 2 4 4 1 3 0 3 3 0 0 0 0 0 0 1 0 0 0 
3 1 0 0 1 3 2 1 1 0 4 3 2 0 1 4 0 3 1 2 0 1 0 2 0 0 1 1 3 2 3 3 2 3 3 0 3 3 2 3 1 4 2 3 1 0 3 0 3 2 3 1 0 2 0 1 1 0 1 1 0 3 3 2 0 3 2 3 2 2 1 1 4 0 3 4 0 2 1 3 1 1 2 1 3 4 1 0 2 0 3 0 2 3 3 1 3 0 2 3 0 0 0 0 0 0 1 0 0 0 
#TS31
1 2 0 0 1 3 0 0 2 1 2 2 2 0 0 3 0 4 1 1 0 4 2 3 0 0 2 1 3 3 1 3 2 3 3 1 3 0 0 4 3 1 0 3 0 4 2 4 3 0 2 1 0 2 0 0 0 0 2 3 1 1 0 2 0 4 2 3 4 0 0 1 3 0 1 3 0 0 1 2 2 0 0 0 4 4 0 3 2 4 3 3 2 2 0 3 0 0 2 2 0 0 0 0 0 0 0 0 1 0 
2 3 0 0 1 2 0 0 1 1 3 1 2 0 0 4 0 4 1 0 0 3 3 3 0 0 2 1 4 3 1 3 2 3 3 1 3 0 0 4 3 2 0 3 0 4 1 4 3 0 3 1 0 2 0 0 0 0 2 4 1 2 1 2 0 3 2 3 3 0 0 1 3 0 1 3 0 0 1 2 1 0 0 0 3 4 0 4 2 4 3 3 2 1 0 3 0 0 2 3 0 0 0 0 0 0 0 0 1 0 
#TS32
1 1 2 0 1 3 3 0 0 0 2 2 0 0 1 4 0 4 0 1 0 1 3 2 0 0 2 1 1 3 1 3 3 3 0 2 1 3 2 3 4 3 1 3 0 1 2 0 3 0 4 0 0 4 0 1 0 2 1 0 1 3 3 2 1 3 2 1 4 2 1 2 3 0 3 3 0 2 1 3 1 2 0 2 2 4 1 1 3 2 3 3 2 2 2 3 4 0 2 1 0 0 0 0 1 0 0 0 0 0 
0 1 3 1 2 3 3 1 0 0 2 3 0 0 1 4 0 4 0 2 0 1 3 1 0 0 2 1 2 3 1 3 2 3 0 2 1 3 3 3 4 3 2 3 0 0 2 0 3 0 3 0 0 4 0 1 0 2 2 0 2 3 2 2 1 3 2 2 4 4 1 1 3 0 2 3 0 2 1 2 0 2 0 3 2 4 1 1 4 2 3 3 2 2 2 3 3 0 2 1 0 0 0 0 1 0 0 0 0 0 
#TS33
1 1 1 0 1 3 3 0 2 0 1 3 4 4 2 4 0 0 2 3 0 1 2 1 3 0 1 1 2 4 1 2 1 1 3 2 3 0 4 1 0 1 1 1 0 2 0 1 3 2 3 1 0 3 1 2 0 0 1 3 1 2 3 2 1 1 1 0 2 1 1 1 1 0 1 3 0 2 0 2 4 4 0 2 3 4 1 0 2 2 3 3 2 2 4 3 3 0 0 3 0 0 1 0 0 0 0 0 0 0 
0 1 0 0 1 2 4 0 2 0 0 3 4 4 1 4 0 0 2 2 0 1 1 1 3 0 0 1 3 3 1 3 0 1 3 2 4 1 4 1 0 0 0 0 0 3 0 2 3 1 3 2 1 2 1 3 3 0 0 4 2 2 2 2 1 0 1 0 2 1 1 2 0 0 1 3 0 2 1 3 3 4 0 2 3 4 1 0 3 3 3 3 2 2 4 3 3 0 0 3 0 0 1 0 0 0 0 0 0 0 
#TS34
3 0 1 0 1 3 1 0 1 0 1 4 2 1 3 4 0 2 1 2 0 1 0 2 3 1 3 2 2 2 1 3 1 2 3 3 3 3 1 3 0 3 2 2 3 1 2 0 3 2 3 1 1 1 1 1 2 0 1 0 2 2 3 2 1 3 1 2 2 1 1 1 3 0 1 3 0 1 0 3 1 1 0 0 4 4 3 0 2 0 3 3 2 4 0 3 3 0 3 3 0 0 0 0 0 0 0 0 0 0 
3 1 1 0 1 3 1 0 1 1 1 3 2 0 2 3 0 4 1 2 0 1 0 2 3 0 3 1 2 2 1 3 1 3 3 3 3 3 2 4 1 3 2 3 3 1 2 0 3 1 3 1 0 2 1 0 1 0 1 0 2 3 3 2 1 3 1 2 3 1 1 1 3 0 1 3 0 2 1 3 1 1 0 1 4 4 2 0 2 0 3 3 1 4 1 3 3 0 3 3 0 0 0 0 0 0 0 0 0 0 
#TS35
2 1 0 0 0 2 4 1 1 0 2 2 2 1 0 3 0 0 1 3 2 3 3 0 0 0 1 1 2 3 0 3 3 3 3 1 3 0 1 3 2 1 2 0 3 0 2 4 3 2 3 1 0 2 1 0 0 1 1 1 0 4 3 2 1 3 2 3 2 1 1 2 0 1 2 3 0 2 0 3 1 3 0 1 3 3 1 0 2 0 4 2 2 4 3 3 3 0 1 2 0 1 0 0 0 0 0 0 0 0 
2 2 0 0 1 1 4 1 1 0 2 2 1 2 0 4 0 0 1 3 2 3 4 0 0 0 1 1 1 2 1 3 3 3 3 1 3 0 1 3 2 1 2 0 4 0 2 3 4 2 3 1 0 2 0 0 1 1 1 1 0 4 3 2 1 3 2 3 2 2 1 2 0 1 2 2 0 2 0 2 1 2 0 2 3 4 1 0 1 0 4 1 3 4 3 3 2 0 1 2 0 1 0 0 0 0 0 0 0 0 
#TS36
0 4 2 3 3 3 1 3 4 1 2 3 2 2 3 3 0 4 1 2 2 1 1 0 0 0 4 0 0 2 0 1 3 0 3 0 3 3 4 3 3 3 2 4 2 0 2 0 3 1 3 2 1 3 1 0 1 3 1 1 2 4 4 0 0 3 2 3 0 2 2 4 3 1 1 2 0 2 2 2 0 4 3 4 2 4 1 1 2 0 3 3 2 4 3 1 3 0 3 3 0 0 0 0 0 0 0 0 0 0 
0 3 0 3 2 3 1 3 3 1 2 3 2 1 4 3 0 3 1 3 3 1 1 1 0 0 3 1 1 2 0 2 3 3 3 0 4 3 2 4 2 3 2 2 2 0 2 0 3 2 4 1 0 3 1 0 1 1 1 1 2 4 4 0 1 2 3 3 0 2 0 1 3 1 1 3 0 2 2 3 1 2 2 3 3 4 1 1 3 0 3 3 2 4 4 3 3 0 3 3 0 0 0 0 0 0 0 0 0 0 
#TS37
3 1 0 0 2 2 1 1 2 0 1 4 3 2 2 4 0 1 3 0 0 1 0 2 3 2 2 4 2 4 2 3 0 3 4 2 3 2 1 1 0 1 0 0 2 2 0 2 3 2 0 3 4 0 4 4 3 0 0 0 3 2 2 2 1 2 0 1 3 0 1 1 0 2 0 4 0 1 1 3 1 2 0 1 3 4 3 0 3 3 3 3 2 4 2 3 3 0 3 3 0 0 0 0 0 0 0 0 0 0 
3 1 0 0 1 2 1 0 1 0 1 4 4 2 2 4 0 2 3 0 0 1 0 2 2 2 3 4 2 2 2 3 1 3 3 3 3 3 2 3 0 3 1 1 2 1 1 0 3 2 0 3 3 0 3 3 4 0 0 0 4 2 2 1 0 2 0 2 2 0 1 1 2 1 0 4 0 1 1 3 1 1 0 0 3 4 2 0 3 2 3 3 3 4 1 3 3 0 3 3 0 0 0 0 0 0 0 0 0 0 
#TS38
0 1 3 1 2 3 3 1 0 0 2 3 0 0 1 4 0 4 0 2 0 1 3 1 0 0 2 1 2 3 1 3 2 3 0 2 1 3 3 3 4 3 2 3 0 0 2 0 3 0 3 0 0 4 0 1 0 2 2 0 2 3 2 2 1 3 2 2 4 4 1 1 3 0 2 3 0 2 1 2 0 2 0 3 2 4 1 1 4 2 3 3 2 2 2 3 3 0 2 1 0 0 0 0 1 0 0 0 0 0 
0 1 4 2 2 3 3 3 1 0 2 2 0 0 2 3 0 4 0 2 1 1 3 2 0 0 3 1 1 3 2 3 2 3 0 3 1 4 2 3 4 3 2 3 0 0 2 0 3 0 3 0 0 4 0 1 0 2 1 1 2 3 2 2 1 3 3 1 4 3 1 1 3 0 2 3 0 1 1 3 1 2 1 3 2 4 1 0 3 3 3 3 2 2 2 4 3 0 2 1 0 0 0 0 1 0 0 0 0 0 
#TS39
2 2 0 0 1 2 0 0 2 1 2 3 1 0 0 4 1 4 1 0 0 3 3 4 0 0 3 1 4 2 1 3 2 3 3 0 3 0 0 4 4 2 0 3 0 4 2 4 3 0 3 1 0 3 0 0 0 0 2 3 1 3 0 2 0 3 4 4 3 0 0 1 3 0 1 4 0 0 0 3 1 0 0 0 4 4 0 3 2 4 2 3 2 1 0 3 0 0 2 2 0 0 0 0 0 0 0 0 1 0 
2 3 0 0 1 1 0 0 2 1 2 3 1 0 0 4 1 4 1 0 0 4 3 3 0 0 3 1 3 3 1 3 2 3 3 1 3 0 0 4 4 2 0 3 0 4 2 4 4 0 3 1 0 3 0 1 0 0 1 3 1 2 0 1 0 3 3 3 4 0 0 1 2 0 1 3 0 0 1 3 1 0 0 0 3 4 0 4 2 4 2 3 1 1 0 3 0 0 2 3 0 0 0 0 0 0 0 0 0 0 
#TS40
3 1 0 0 1 3 2 0 1 0 2 3 2 0 2 4 0 4 1 2 0 1 3 2 2 0 2 1 2 3 1 3 3 3 1 1 3 4 2 4 2 3 2 3 1 0 2 0 3 1 4 0 0 3 1 1 0 2 1 0 2 3 2 2 1 2 3 2 2 1 1 1 3 0 2 3 0 2 1 3 1 2 0 1 3 3 1 1 2 0 3 3 2 2 2 3 3 0 2 1 0 0 0 0 1 0 0 0 0 0 
4 1 0 0 1 3 3 0 0 0 2 3 1 0 2 4 0 4 1 3 0 1 3 2 1 0 2 1 2 3 1 3 2 3 0 1 2 3 2 3 3 3 1 3 0 0 2 0 3 0 4 0 0 3 1 0 0 1 1 0 1 3 3 3 1 3 2 1 2 1 1 1 3 1 3 3 0 2 1 3 1 2 0 1 3 3 0 1 3 0 2 3 2 3 2 4 2 0 2 1 0 0 0 0 1 0 0 0 0 0 
#TS41
3 0 0 0 0 1 3 1 2 0 2 2 2 2 0 4 0 0 1 3 2 3 4 0 0 0 2 0 3 3 1 2 3 3 3 2 3 0 1 3 2 1 2 0 3 0 2 3 4 2 3 1 0 2 0 1 0 1 1 1 0 3 3 2 1 3 3 3 2 1 0 2 1 0 3 3 0 2 0 3 2 2 0 0 4 3 1 0 4 0 3 1 3 4 3 4 3 0 1 2 0 1 0 0 0 0 0 0 0 0 
4 1 0 0 1 1 3 0 3 0 3 1 2 2 0 3 0 0 1 3 2 3 3 0 0 0 1 0 4 3 0 3 4 3 3 1 3 0 1 3 2 1 2 0 2 0 2 3 3 2 3 1 0 2 0 1 0 1 2 1 0 3 4 1 0 3 3 4 2 1 1 2 0 0 2 3 0 2 0 4 1 2 0 0 4 3 1 0 2 0 3 2 3 4 3 3 3 0 1 2 0 1 0 0 0 0 0 0 0 0 
#TS42
1 1 0 0 2 3 3 0 2 0 0 3 4 3 1 3 0 0 4 1 0 1 2 1 3 0 1 3 2 4 1 3 0 1 3 3 4 0 3 0 0 0 1 0 0 3 0 2 3 2 0 4 3 2 3 3 3 0 0 4 3 2 2 2 1 1 0 0 2 1 1 1 0 1 0 3 0 1 1 3 3 3 0 1 1 4 2 0 2 4 3 3 3 2 4 3 3 0 0 3 0 0 1 0 0 0 0 0 0 0 
1 1 0 0 1 2 3 0 2 0 0 3 4 4 1 4 0 0 3 1 0 1 1 1 4 0 1 3 3 2 1 3 0 0 3 3 4 0 4 0 0 0 0 0 0 3 0 2 3 2 0 3 4 2 4 4 4 0 0 4 2 2 2 1 1 1 0 0 2 1 1 2 0 3 0 4 0 1 0 4 2 4 0 1 3 4 2 0 2 4 3 3 3 3 4 3 3 0 0 3 0 0 1 0 0 0 0 0 0 0 
#TS43
3 1 0 0 2 3 1 0 1 0 1 3 3 2 1 4 0 4 1 2 0 1 0 2 2 0 3 1 2 2 1 3 1 3 3 1 3 4 2 3 1 3 3 3 2 0 2 0 0 2 3 1 0 3 1 0 1 0 1 0 2 3 0 3 0 3 2 4 2 1 0 1 3 0 1 3 0 0 1 3 1 2 0 1 3 4 1 1 2 0 3 1 2 2 2 1 3 0 1 3 0 0 0 0 0 1 0 0 0 0 
3 1 0 0 3 3 1 0 1 0 2 3 3 3 1 3 0 4 2 3 0 1 0 2 2 0 3 1 2 2 1 3 1 3 3 0 4 3 2 3 1 3 3 4 2 0 4 0 0 3 3 1 0 3 1 0 1 0 1 0 2 3 0 2 0 3 1 4 2 2 1 1 4 0 1 3 0 0 1 3 1 1 0 1 4 4 1 0 2 0 4 1 2 0 2 0 3 0 1 3 0 0 0 0 0 1 0 0 0 0 
#TS44
0 1 3 2 1 3 2 2 4 1 3 3 2 2 3 4 0 3 1 3 0 1 0 0 0 0 3 0 1 2 0 2 3 0 4 1 3 3 3 3 3 3 2 3 2 0 2 0 3 0 3 1 1 3 1 1 1 3 0 1 2 4 4 1 0 3 2 3 2 1 1 4 3 0 1 3 0 2 1 3 0 4 4 3 2 4 1 1 2 0 3 2 2 4 4 1 3 0 3 3 1 0 0 0 0 0 0 0 0 0 
0 2 4 2 2 3 2 1 3 1 2 3 2 2 4 4 0 4 1 3 0 1 2 0 0 0 2 0 0 3 0 2 3 0 3 0 3 3 3 3 3 3 2 3 2 0 2 0 3 1 3 1 1 3 1 1 1 3 1 0 2 4 4 1 0 3 2 3 1 2 2 4 3 0 1 3 0 1 1 3 1 4 3 4 3 4 1 1 2 0 3 3 3 4 3 1 2 0 3 3 1 0 0 0 0 0 0 0 0 0 
#TS45
3 0 0 0 1 3 1 0 2 1 2 3 2 1 3 4 0 4 1 3 0 1 0 2 3 0 2 1 2 2 1 3 1 3 3 0 3 4 2 4 1 3 2 3 1 0 2 0 3 2 3 1 0 2 1 0 0 0 1 1 2 3 3 2 1 2 2 3 2 1 1 0 3 0 1 3 0 2 1 2 0 1 0 0 3 4 1 1 2 0 3 3 2 4 3 3 3 0 3 3 0 0 0 0 0 0 0 0 0 0 
3 0 0 0 1 3 1 0 1 1 2 3 2 0 3 4 0 4 1 3 0 1 0 2 3 0 2 1 2 2 1 3 2 2 2 1 3 4 2 3 1 3 2 3 2 0 2 0 3 1 3 1 0 2 0 1 1 0 1 0 2 3 3 2 2 2 3 4 2 1 1 0 2 0 1 3 1 2 2 3 0 2 0 1 4 4 1 1 2 0 3 3 2 4 2 3 3 0 3 3 0 0 0 0 0 0 0 0 0 0 
#TS46
1 3 0 0 1 1 0 0 1 1 2 3 2 0 0 4 0 4 1 1 0 3 3 4 0 0 3 1 3 3 1 3 2 2 3 1 3 0 0 4 3 2 0 3 0 4 2 4 3 0 3 1 0 2 0 0 1 0 2 3 1 3 1 2 0 3 3 3 3 0 0 1 3 0 0 3 0 0 0 2 2 0 0 0 3 4 0 3 2 4 3 3 2 1 0 3 0 0 3 3 0 0 0 0 0 0 0 0 1 0 
1 2 0 0 1 3 0 0 2 1 2 2 2 0 0 3 0 4 1 1 0 4 2 3 0 0 2 1 3 3 1 3 2 3 3 1 3 0 0 4 3 1 0 3 0 4 2 4 3 0 2 1 0 2 0 0 0 0 2 3 1 1 0 2 0 4 2 3 4 0 0 1 3 0 1 3 0 0 1 2 2 0 0 0 4 4 0 3 2 4 3 3 2 2 0 3 0 0 2 2 0 0 0 0 0 0 0 0 1 0 
#TS47
0 1 0 0 1 2 4 0 2 0 0 3 4 4 1 4 0 0 2 2 0 1 1 1 3 0 0 1 3 3 1 3 0 1 3 2 4 1 4 1 0 0 0 0 0 3 0 2 3 1 3 2 1 2 1 3 3 0 0 4 2 2 2 2 1 0 1 0 2 1 1 2 0 0 1 3 0 2 1 3 3 4 0 2 3 4 1 0 3 3 3 3 2 2 4 3 3 0 0 3 0 0 1 0 0 0 0 0 0 0 
1 1 0 0 1 2 3 0 3 1 1 3 3 3 1 4 0 0 2 1 0 2 1 1 3 0 0 2 2 4 2 3 0 0 3 3 4 0 4 0 1 0 0 0 0 3 0 3 3 2 1 2 1 2 1 3 3 0 0 4 2 1 1 1 1 0 1 0 2 1 0 2 0 0 0 3 0 1 0 3 3 3 0 1 3 4 2 0 2 3 3 3 2 2 4 3 3 0 0 3 0 0 1 0 0 0 0 0 0 0 
#TS48
0 2 3 1 4 3 2 3 3 0 0 4 3 3 0 4 0 2 3 0 0 1 0 2 2 0 3 1 2 3 1 3 0 3 3 0 3 3 2 3 1 3 2 4 3 4 3 0 0 4 3 1 0 4 1 0 1 0 1 0 2 2 0 3 0 3 1 4 3 3 1 1 3 0 1 2 0 0 1 3 1 0 1 1 0 4 3 0 2 0 2 0 2 0 0 0 2 0 1 3 0 0 0 0 0 1 0 0 0 0 
0 2 2 1 4 3 1 2 2 0 1 3 4 3 0 4 0 2 3 0 0 1 0 2 3 0 2 1 1 4 2 3 0 3 3 0 3 3 1 3 0 2 2 3 2 4 3 0 0 4 3 1 0 4 1 0 1 0 1 0 2 2 0 3 0 3 2 4 2 4 1 1 2 0 1 3 0 0 0 2 0 0 1 2 0 4 2 0 2 0 3 0 2 0 0 0 3 0 1 3 0 0 0 0 0 0 0 0 0 0 
#TS49
2 2 0 2 1 3 1 1 1 1 2 3 2 0 3 3 1 4 0 3 3 1 2 2 3 0 2 1 1 2 0 2 4 3 3 3 3 4 2 3 1 3 3 3 2 1 2 0 3 2 1 2 2 1 2 2 2 1 0 0 3 4 4 1 1 3 1 3 1 1 0 0 2 0 1 3 0 2 1 3 1 1 0 3 2 4 2 0 0 0 4 3 2 3 2 3 3 0 3 3 0 0 0 0 0 0 0 0 0 0 
3 1 0 0 1 3 1 0 2 1 2 3 2 0 3 3 0 3 1 3 1 1 2 2 2 1 2 1 2 2 1 3 3 3 3 3 3 3 2 3 1 3 2 3 1 1 2 0 3 2 2 1 1 0 2 1 2 1 0 0 2 3 3 1 1 3 0 2 1 1 0 0 3 0 1 4 0 2 1 3 1 1 0 2 3 4 2 0 1 0 4 3 1 4 2 3 3 0 3 3 0 0 0 0 0 0 0 0 0 0 
#TS50
0 3 4 2 3 3 1 2 4 1 2 3 2 2 3 3 0 4 1 3 1 1 1 0 0 0 3 0 0 1 0 1 4 0 3 1 4 3 2 3 3 3 2 3 2 0 2 0 3 0 3 1 1 4 1 1 1 4 1 1 2 4 3 0 0 3 2 3 0 3 1 4 3 0 1 3 0 2 2 2 1 3 3 3 3 4 1 1 2 0 3 3 2 4 3 1 3 0 3 3 1 0 0 0 0 0 0 0 0 0 
0 4 2 3 3 3 1 3 4 1 2 3 2 2 3 3 0 4 1 2 2 1 1 0 0 0 4 0 0 2 0 1 3 0 3 0 3 3 4 3 3 3 2 4 2 0 2 0 3 1 3 2 1 3 1 0 1 3 1 1 2 4 4 0 0 3 2 3 0 2 2 4 3 1 1 2 0 2 2 2 0 4 3 4 2 4 1 1 2 0 3 3 2 4 3 1 3 0 3 3 0 0 0 0 0 0 0 0 0 0 
#TS51
3 1 0 0 1 3 1 0 2 1 1 3 1 0 3 3 0 4 1 2 0 1 0 2 2 0 1 1 3 2 1 3 2 3 3 1 3 3 2 3 1 3 2 3 3 0 2 0 3 2 3 2 0 2 1 1 1 0 1 0 2 3 3 3 1 3 3 3 2 1 1 1 3 0 1 3 0 2 1 3 2 1 0 0 3 4 1 1 2 0 3 4 3 4 2 3 3 0 3 3 0 0 0 0 0 0 0 0 0 0 
3 1 0 0 1 3 1 0 1 1 2 3 2 0 3 4 0 4 1 3 0 1 0 2 2 0 2 1 2 2 1 3 2 3 3 1 3 3 2 3 1 3 2 3 2 0 2 0 3 2 3 1 0 2 1 1 1 0 1 1 2 3 3 2 1 2 3 4 2 1 1 1 3 0 1 2 0 2 1 3 1 2 0 1 4 4 0 1 2 0 3 2 4 4 2 4 3 0 3 3 0 0 0 0 0 0 0 0 0 0 
#TS52
1 3 0 2 2 4 2 2 1 1 2 3 2 0 3 4 0 4 1 3 1 1 2 2 0 0 2 1 2 2 1 4 2 3 3 1 3 3 2 3 1 3 2 3 2 0 2 0 3 2 3 1 0 2 1 1 1 0 1 0 2 4 3 1 1 3 3 3 1 1 0 1 3 0 0 3 0 2 2 3 1 1 0 3 3 4 1 1 2 0 4 3 2 4 2 4 3 0 3 3 0 0 0 0 0 0 0 0 0 0 
2 2 0 1 1 2 1 1 2 1 2 3 2 0 3 4 0 4 1 2 0 1 0 2 1 0 1 1 2 2 1 3 2 3 3 1 3 3 1 3 1 3 2 2 2 0 2 0 3 2 3 2 0 2 1 0 1 0 1 0 2 3 4 2 1 3 2 4 2 1 1 1 3 0 1 4 1 2 1 2 1 2 0 1 3 4 0 1 2 0 3 3 2 4 2 4 3 0 3 3 0 0 0 0 0 0 0 0 0 0 
#TS53
4 1 0 0 1 3 3 0 3 0 2 3 2 2 0 4 0 1 2 3 0 3 3 0 2 0 2 0 3 2 1 2 2 3 3 1 3 0 2 3 2 2 2 1 3 0 2 2 3 2 3 1 0 2 0 0 0 1 1 1 0 3 4 2 1 2 2 3 2 1 1 2 2 0 4 3 0 2 0 3 1 2 0 0 3 3 1 1 2 0 3 1 2 4 2 3 3 0 1 2 0 1 0 0 0 0 0 0 0 0 
3 0 0 0 0 1 3 1 2 0 2 2 2 2 0 4 0 0 1 3 2 3 4 0 0 0 2 0 3 3 1 2 3 3 3 2 3 0 1 3 2 1 2 0 3 0 2 3 4 2 3 1 0 2 0 1 0 1 1 1 0 3 3 2 1 3 3 3 2 1 0 2 1 0 3 3 0 2 0 3 2 2 0 0 4 3 1 0 4 0 3 1 3 4 3 4 3 0 1 2 0 1 0 0 0 0 0 0 0 0 
#TS54
1 3 2 4 1 3 1 1 1 1 2 3 0 3 4 3 0 2 0 3 4 0 3 2 2 0 1 0 1 3 1 2 3 4 3 2 3 3 2 2 1 3 4 3 2 0 2 0 2 3 3 0 1 3 1 1 0 0 0 0 0 4 3 2 1 3 3 4 2 3 0 2 4 0 1 3 0 1 1 3 1 3 0 3 1 4 2 3 1 0 3 3 2 0 3 3 2 2 3 3 0 0 0 0 0 0 0 0 0 1 
0 3 1 4 1 3 1 1 1 1 2 3 0 3 4 4 0 2 0 3 3 1 2 2 2 0 1 0 0 3 0 1 4 4 3 2 3 4 2 1 1 3 4 2 1 0 2 0 2 3 2 0 1 4 2 2 0 0 0 0 0 4 4 2 1 3 4 4 2 3 1 2 3 0 2 4 0 2 1 3 1 3 0 3 0 4 2 2 2 0 3 3 2 0 3 3 1 2 3 3 0 0 0 0 0 0 0 0 0 1 
#TS55
0 4 0 2 2 3 1 3 2 1 2 3 2 0 3 4 0 4 1 3 0 1 0 1 0 0 2 1 2 2 1 3 3 3 3 1 3 3 3 3 1 3 2 4 2 2 2 0 3 2 3 2 0 3 1 1 1 0 1 0 2 2 3 2 1 2 2 3 2 1 1 1 2 0 1 3 0 2 1 3 1 1 1 3 3 4 1 1 4 0 3 3 2 4 1 3 3 0 3 3 0 0 0 0 0 0 0 0 0 0 
3 4 0 0 2 3 1 1 1 1 2 3 2 0 4 4 0 4 1 2 0 1 0 2 1 0 2 1 2 2 1 3 3 3 2 1 3 3 2 3 1 3 2 3 2 2 3 0 3 1 3 2 0 3 1 1 1 0 1 0 2 3 2 2 1 3 2 4 2 0 1 1 3 0 1 3 0 2 1 2 1 1 0 2 3 4 1 1 4 0 3 3 2 4 0 4 3 0 3 3 0 0 0 0 0 0 0 0 0 0 
#TS56
2 1 0 0 1 2 0 0 2 1 2 2 1 0 0 3 1 4 1 0 0 2 2 3 0 0 2 1 4 3 0 3 3 3 3 1 3 0 0 4 4 1 0 3 0 4 2 4 3 0 4 1 0 2 0 0 0 0 2 3 2 2 1 2 0 4 3 3 4 0 0 0 3 0 1 3 0 0 0 3 1 0 0 0 3 4 0 3 1 4 2 3 2 1 0 3 0 0 2 3 0 0 0 0 0 0 0 0 1 0 
2 3 0 0 1 2 0 0 2 1 2 2 1 0 0 4 0 4 1 0 0 3 2 4 0 0 2 1 4 4 1 3 2 3 3 1 3 0 0 4 3 2 0 3 0 4 2 4 3 0 3 1 1 3 0 0 0 0 3 3 2 1 1 2 0 3 2 3 3 0 0 1 3 0 1 3 0 0 0 3 1 0 0 0 3 4 0 4 2 4 3 3 2 1 0 4 0 0 3 3 0 0 0 0 0 0 0 0 1 0 
#TS57
3 1 0 0 1 3 1 0 1 2 2 3 2 0 3 3 0 4 1 3 0 2 0 2 3 1 2 1 2 2 1 3 2 3 3 1 4 3 1 3 1 3 2 3 2 0 2 0 3 2 3 1 0 2 1 1 1 0 1 0 2 4 2 2 1 3 3 3 2 1 1 0 3 0 0 2 1 2 1 3 1 2 0 0 3 4 1 1 2 0 3 3 2 4 2 3 3 0 3 3 0 0 0 0 0 0 0 0 0 0 
2 1 0 0 1 3 1 0 1 1 2 3 2 0 3 3 0 4 1 2 0 1 0 2 2 0 2 1 2 3 1 3 2 3 3 1 3 4 2 3 1 3 2 3 2 0 2 0 3 2 3 2 0 2 1 1 1 0 1 0 2 3 3 2 1 3 2 3 2 1 1 1 3 0 1 3 0 2 1 4 1 2 0 1 3 4 1 1 2 0 3 3 2 3 2 3 3 0 3 3 0 0 0 0 0 0 0 0 0 0 
#TS58
1 1 0 0 1 2 3 0 2 0 0 3 4 4 1 4 0 0 3 1 0 1 1 1 4 0 1 3 3 2 1 3 0 0 3 3 4 0 4 0 0 0 0 0 0 3 0 2 3 2 0 3 4 2 4 4 4 0 0 4 2 2 2 1 1 1 0 0 2 1 1 2 0 3 0 4 0 1 0 4 2 4 0 1 3 4 2 0 2 4 3 3 3 3 4 3 3 0 0 3 0 0 1 0 0 0 0 0 0 0 
0 1 0 0 1 3 3 1 3 0 0 3 4 3 1 3 0 0 2 1 0 0 1 2 4 1 1 3 3 3 1 3 0 1 3 3 4 0 4 0 0 0 1 0 0 3 0 3 3 2 0 3 4 2 4 4 4 0 0 3 3 2 2 1 1 1 0 0 2 0 1 1 0 2 0 3 0 0 0 3 2 3 0 0 3 4 2 0 2 4 3 3 3 2 4 3 3 0 0 3 0 0 1 0 0 0 0 0 0 0 
#TS59
3 1 1 1 1 3 1 0 1 1 2 3 1 2 3 3 0 3 1 3 0 1 2 2 2 0 2 0 2 3 1 3 3 4 3 1 3 3 2 2 1 3 3 3 2 0 2 0 3 1 4 1 0 3 1 2 0 0 1 1 0 4 3 2 1 2 4 3 2 1 0 2 3 0 1 4 0 2 1 3 0 3 0 3 3 4 2 2 2 0 3 3 2 1 2 3 2 0 3 3 0 0 0 0 0 0 0 0 0 1 
1 1 2 1 1 3 1 0 1 1 2 3 1 2 3 4 0 3 1 3 2 1 2 2 2 0 1 0 2 4 1 2 2 4 3 2 3 2 2 3 1 3 3 3 1 0 2 0 1 3 3 0 0 3 1 1 0 0 1 1 0 3 4 2 1 3 4 4 2 1 1 2 4 0 2 3 0 2 1 3 0 3 0 3 3 4 1 3 2 0 3 3 2 0 3 4 1 1 3 3 0 0 0 0 0 0 0 0 0 1 
#TS60
3 0 0 0 1 3 1 0 1 0 2 0 2 3 3 3 0 3 1 2 0 1 0 2 0 0 2 2 2 2 4 2 1 3 4 1 3 3 2 3 2 3 2 3 2 1 2 0 3 2 3 1 0 3 1 0 1 0 1 0 0 1 3 3 1 0 2 3 2 1 3 3 3 0 1 3 0 1 1 0 2 1 0 1 4 3 1 1 2 0 4 3 2 4 0 3 3 0 0 3 0 0 0 0 0 0 0 1 0 0 
3 0 1 0 1 3 1 0 1 0 2 0 1 3 3 4 0 4 1 3 0 1 0 1 0 1 1 1 2 1 4 2 2 3 4 1 3 3 2 3 3 3 2 4 2 1 2 0 3 2 3 2 0 3 1 1 1 0 1 0 1 1 2 3 1 0 2 3 3 1 4 2 3 0 1 3 0 1 0 0 1 1 0 2 3 3 1 2 2 0 3 3 2 4 1 3 2 0 0 3 0 0 0 0 0 0 0 1 0 0 
#TS61
3 1 0 0 0 3 1 0 1 1 2 4 2 0 3 4 0 4 1 3 0 1 0 2 2 0 3 1 2 2 1 3 2 3 3 1 3 3 2 3 1 3 2 3 3 0 3 0 3 2 3 1 0 2 1 1 1 0 1 0 2 3 3 2 1 4 2 3 2 1 1 1 3 0 1 3 0 2 1 3 1 2 0 1 3 4 1 1 2 0 3 3 1 4 2 3 3 0 3 2 0 0 0 0 0 0 0 0 0 0 
2 0 0 0 1 3 1 0 0 1 2 3 2 1 3 4 0 4 1 2 0 1 0 2 2 0 2 1 2 2 1 3 2 3 3 1 4 3 3 3 1 3 2 3 2 0 2 0 3 2 3 1 0 2 1 0 1 0 1 0 2 3 3 1 1 3 2 3 2 1 1 1 2 0 1 4 0 2 1 3 1 2 0 2 3 3 1 1 2 0 3 4 2 4 2 3 3 0 3 3 0 0 0 0 0 0 0 0 0 0 
#TS62
3 0 1 0 1 3 1 0 1 0 2 0 1 3 3 4 0 4 1 3 0 1 0 1 0 1 1 1 2 1 4 2 2 3 4 1 3 3 2 3 3 3 2 4 2 1 2 0 3 2 3 2 0 3 1 1 1 0 1 0 1 1 2 3 1 0 2 3 3 1 4 2 3 0 1 3 0 1 0 0 1 1 0 2 3 3 1 2 2 0 3 3 2 4 1 3 2 0 0 3 0 0 0 0 0 0 0 1 0 0 
1 0 2 0 1 3 1 0 1 0 2 0 2 3 3 3 0 4 1 2 0 1 0 2 0 1 2 1 2 3 4 3 2 3 3 1 3 4 3 3 3 3 3 3 2 1 2 0 3 2 3 2 0 4 1 0 1 0 1 0 1 1 2 3 1 0 2 3 3 1 3 2 4 0 1 3 0 1 1 0 1 1 0 3 4 2 1 1 2 0 4 3 3 4 1 3 3 0 0 3 0 0 0 0 0 0 0 1 0 0 
#TS63
0 3 0 3 2 3 1 3 3 1 2 3 2 1 4 3 0 3 1 3 3 1 1 1 0 0 3 1 1 2 0 2 3 3 3 0 4 3 2 4 2 3 2 2 2 0 2 0 3 2 4 1 0 3 1 0 1 1 1 1 2 4 4 0 1 2 3 3 0 2 0 1 3 1 1 3 0 2 2 3 1 2 2 3 3 4 1 1 3 0 3 3 2 4 4 3 3 0 3 3 0 0 0 0 0 0 0 0 0 0 
0 2 0 2 1 3 1 3 3 1 2 3 2 1 3 4 0 4 1 2 2 2 2 2 0 0 2 1 2 2 0 3 3 3 3 1 3 3 1 4 2 3 2 3 2 0 2 0 3 1 2 1 0 2 1 2 1 1 1 0 2 4 3 1 2 3 2 3 0 1 0 0 2 1 1 3 0 2 2 3 2 1 1 3 2 4 1 1 2 0 3 3 2 4 3 3 3 0 3 3 0 0 0 0 0 0 0 0 0 0 
#TS64
0 3 1 3 2 3 1 2 3 1 1 3 0 3 3 3 1 2 0 3 4 1 4 2 2 0 0 0 0 2 0 0 4 4 3 3 3 3 2 1 1 2 4 4 1 0 2 0 0 3 1 0 1 3 3 3 0 2 0 1 1 4 4 0 1 3 2 2 1 4 0 1 4 0 2 3 0 1 1 3 2 2 0 4 0 4 2 2 0 0 3 3 2 0 4 3 1 1 3 3 0 0 0 0 0 0 0 0 0 1 
1 3 2 4 1 3 1 2 2 1 2 3 1 2 4 4 0 1 0 3 4 0 3 2 2 0 0 0 0 2 0 0 3 3 3 2 3 3 2 1 1 3 3 3 1 0 1 0 1 3 1 0 2 4 2 3 0 2 0 1 0 4 3 0 1 3 2 3 1 3 0 1 4 0 2 4 0 2 1 3 1 3 0 3 0 4 3 3 1 0 3 3 1 0 3 3 2 0 3 3 0 0 0 0 0 0 0 0 0 0 
#TS65
2 1 0 0 1 2 2 0 1 1 2 3 2 0 3 4 0 4 1 3 0 1 0 2 1 0 1 2 2 2 1 3 2 3 2 0 3 3 2 3 1 3 1 1 2 1 2 0 3 2 3 3 0 2 1 0 2 0 1 0 3 3 3 2 0 3 2 4 2 1 1 1 3 2 0 3 0 2 2 2 2 2 0 3 3 4 1 1 2 0 3 3 2 4 3 3 3 0 3 3 0 0 0 0 0 0 0 0 0 0 
1 1 0 0 1 3 1 0 0 0 1 3 2 0 3 3 0 4 1 4 0 1 0 2 2 0 1 2 2 2 1 2 2 3 3 1 3 3 2 3 0 3 2 2 2 0 3 0 3 2 3 1 1 2 1 0 1 0 0 0 2 2 3 2 1 3 3 3 2 1 1 1 2 0 0 3 0 2 2 3 0 2 0 3 3 4 1 1 2 0 3 3 2 4 2 3 3 0 3 3 0 0 0 0 0 0 0 0 0 0 
#TS66
0 1 0 0 1 3 3 1 3 0 0 3 4 3 1 3 0 0 2 1 0 0 1 2 4 1 1 3 3 3 1 3 0 1 3 3 4 0 4 0 0 0 1 0 0 3 0 3 3 2 0 3 4 2 4 4 4 0 0 3 3 2 2 1 1 1 0 0 2 0 1 1 0 2 0 3 0 0 0 3 2 3 0 0 3 4 2 0 2 4 3 3 3 2 4 3 3 0 0 3 0 0 1 0 0 0 0 0 0 0 
1 1 0 0 2 3 3 1 1 0 0 3 4 4 1 3 0 0 3 1 0 1 1 1 4 1 2 3 2 4 1 2 0 0 3 4 4 1 4 0 0 0 0 0 0 3 0 3 3 2 0 4 4 2 3 3 3 0 0 3 3 1 2 2 1 0 0 0 2 1 1 2 0 3 0 3 0 1 0 4 3 4 0 1 3 4 2 0 2 4 3 4 3 2 4 3 3 0 0 3 0 0 1 0 0 0 0 0 0 0 
#TS67
2 1 0 0 1 3 1 0 0 1 2 3 2 0 3 4 0 4 1 2 0 1 1 1 2 0 2 1 2 2 1 3 2 4 3 2 3 4 2 3 1 3 2 3 3 0 2 0 3 2 4 2 0 2 1 1 1 0 0 0 3 3 3 2 1 2 2 2 2 1 0 1 3 0 1 3 0 2 1 2 1 1 0 1 4 4 2 0 2 0 4 3 2 4 1 3 2 0 3 3 0 0 0 0 0 0 0 0 0 0 
3 1 0 0 1 3 1 1 3 1 2 3 3 1 3 3 0 3 1 4 0 1 1 2 2 0 2 1 2 2 1 3 2 3 2 2 3 3 2 3 1 3 2 3 2 1 2 0 3 2 4 1 0 2 1 0 1 0 1 0 2 3 2 2 1 3 1 3 2 1 1 1 3 0 1 3 0 2 1 3 1 1 0 1 4 4 2 1 2 0 4 3 2 4 1 4 3 0 4 3 0 0 0 0 0 0 0 0 0 0 
#TS68
0 0 3 1 1 3 2 1 2 0 2 0 2 3 4 3 0 4 1 3 0 1 0 1 0 1 2 1 1 2 3 3 2 3 3 1 3 2 2 3 3 3 2 3 2 1 2 0 3 2 3 1 0 3 1 0 1 0 1 0 1 1 2 4 1 0 2 3 2 1 4 2 4 0 1 3 0 1 0 0 1 1 0 4 3 3 1 1 2 0 3 3 2 4 0 3 3 0 0 3 0 0 0 0 0 0 0 1 0 0 
0 0 4 1 2 3 1 1 2 0 1 1 2 3 3 3 0 4 1 3 0 1 0 1 0 0 2 1 2 2 4 3 2 3 3 1 3 4 2 3 2 3 2 3 2 1 2 0 3 2 3 1 0 4 1 0 1 0 1 0 0 0 2 4 1 0 2 3 3 1 4 2 4 0 1 4 0 1 1 0 1 1 1 3 4 3 1 1 2 0 4 3 2 4 0 4 3 0 0 4 0 0 0 0 0 0 0 1 0 0 
#TS69
3 1 0 0 0 3 1 0 1 1 2 3 2 0 3 4 0 4 1 3 0 2 1 2 3 0 2 1 2 2 1 3 3 2 4 1 3 3 2 3 1 3 2 3 2 0 2 0 3 2 3 1 0 2 1 1 1 0 1 0 2 4 4 2 1 3 2 3 2 1 1 1 3 0 1 3 0 2 1 3 1 2 0 1 3 4 1 0 2 0 3 3 2 3 3 3 3 0 3 3 0 0 0 0 0 0 0 0 0 0 
2 1 1 0 0 3 1 0 1 1 2 3 1 0 3 4 0 4 1 2 0 1 0 2 2 0 2 1 2 2 1 3 2 3 3 2 3 3 3 3 1 3 2 3 2 0 2 0 3 2 3 1 0 2 1 1 1 0 1 0 2 3 3 1 1 3 2 3 2 2 1 1 3 0 1 2 0 2 1 3 2 1 0 1 3 4 1 1 2 0 3 4 2 4 2 3 3 0 3 3 0 0 0 0 0 0 0 0 0 0 
#TS70
2 1 1 0 0 3 1 0 1 1 2 3 1 0 3 4 0 4 1 2 0 1 0 2 2 0 2 1 2 2 1 3 2 3 3 2 3 3 3 3 1 3 2 3 2 0 2 0 3 2 3 1 0 2 1 1 1 0 1 0 2 3 3 1 1 3 2 3 2 2 1 1 3 0 1 2 0 2 1 3 2 1 0 1 3 4 1 1 2 0 3 4 2 4 2 3 3 0 3 3 0 0 0 0 0 0 0 0 0 0 
2 0 1 0 1 3 2 0 1 1 2 3 2 0 3 3 0 4 1 3 0 1 0 2 2 0 1 2 2 2 1 3 2 3 3 1 3 3 2 3 1 3 2 3 2 0 1 0 3 2 3 1 0 2 1 1 2 0 1 0 2 3 3 2 1 3 2 3 2 2 1 0 2 0 1 3 0 2 1 3 1 2 0 1 4 4 1 0 2 0 3 3 2 4 2 3 2 0 3 3 0 0 0 0 0 0 0 0 0 0 
#TS71
3 1 0 0 1 3 1 0 1 1 2 3 2 0 3 4 0 4 1 3 0 1 0 2 2 0 2 1 2 2 1 3 2 3 3 1 3 3 2 3 1 3 2 3 2 0 2 0 3 2 3 1 0 2 1 1 1 0 1 0 2 3 3 2 1 3 2 3 2 1 1 1 3 0 1 3 0 2 1 3 1 2 0 1 3 4 1 1 2 0 3 3 2 4 2 3 3 0 3 3 0 0 1 0 0 0 0 0 0 0 
2 1 1 0 1 3 2 0 1 0 1 3 3 2 2 4 0 1 1 2 0 1 1 2 3 0 1 1 2 3 1 3 1 1 3 1 3 0 4 3 1 3 1 3 0 0 1 0 3 2 3 1 0 2 0 1 1 0 1 3 1 3 3 2 1 1 2 1 2 1 1 2 2 0 1 3 0 2 1 3 2 4 0 1 3 4 1 1 2 0 3 3 2 3 2 3 3 0 1 2 0 0 1 0 0 0 0 0 0 0 
#TS72
3 1 0 0 1 3 0 0 1 1 2 3 2 0 3 4 0 4 1 1 0 1 0 2 2 0 2 1 2 3 1 3 2 3 3 0 3 4 2 3 1 3 2 3 3 1 2 0 3 2 3 1 0 2 1 0 1 0 0 0 2 2 1 2 1 3 2 4 2 1 0 0 2 0 1 3 0 2 1 3 1 2 0 0 2 4 1 1 2 0 3 3 2 4 1 3 3 0 3 3 0 0 0 0 0 0 0 0 0 0 
3 2 0 0 1 3 1 0 2 1 2 3 2 0 3 3 0 4 1 2 0 1 0 2 3 0 1 2 3 2 1 4 2 2 3 1 3 3 2 3 1 3 2 3 3 0 2 0 4 2 3 2 0 2 1 1 1 0 1 0 2 2 2 1 1 3 1 3 2 1 1 0 3 0 0 3 0 3 1 3 1 2 0 0 4 4 1 1 2 0 3 3 2 4 2 3 3 0 3 3 0 0 0 0 0 0 0 0 0 0 
#TS73
1 2 0 0 1 3 0 0 2 1 2 3 1 0 0 4 0 4 2 2 0 3 3 3 0 0 3 1 2 3 1 3 2 3 3 1 3 0 0 4 3 2 0 3 0 4 2 3 3 0 3 1 0 2 0 1 0 0 1 3 1 3 1 2 0 3 3 3 3 0 0 1 2 0 1 3 0 0 0 3 1 0 0 0 4 4 0 3 2 3 3 3 2 2 0 4 0 0 2 3 0 0 0 0 0 0 0 0 1 0 
1 3 0 0 1 1 0 0 1 1 2 3 2 0 0 4 0 4 1 1 0 3 3 4 0 0 3 1 3 3 1 3 2 2 3 1 3 0 0 4 3 2 0 3 0 4 2 4 3 0 3 1 0 2 0 0 1 0 2 3 1 3 1 2 0 3 3 3 3 0 0 1 3 0 0 3 0 0 0 2 2 0 0 0 3 4 0 3 2 4 3 3 2 1 0 3 0 0 3 3 0 0 0 0 0 0 0 0 1 0 
#TS74
3 1 0 0 1 3 0 1 1 1 1 3 2 0 3 3 0 4 1 3 0 1 0 2 2 0 2 1 3 2 1 3 2 3 3 1 4 3 2 3 0 3 2 3 2 0 2 0 2 2 3 1 0 2 0 1 1 0 1 1 1 3 3 2 1 3 3 3 2 1 0 1 3 0 1 3 0 2 2 3 1 2 0 1 3 4 0 1 2 0 3 3 2 3 2 3 3 0 3 3 0 0 0 0 0 0 0 0 0 0 
3 0 0 0 1 3 1 0 2 1 2 3 2 1 3 4 0 4 1 3 0 1 0 2 3 0 2 1 2 2 1 3 1 3 3 0 3 4 2 4 1 3 2 3 1 0 2 0 3 2 3 1 0 2 1 0 0 0 1 1 2 3 3 2 1 2 2 3 2 1 1 0 3 0 1 3 0 2 1 2 0 1 0 0 3 4 1 1 2 0 3 3 2 4 3 3 3 0 3 3 0 0 0 0 0 0 0 0 0 0 
#TS75
3 2 0 0 2 3 0 0 1 1 2 3 1 0 3 3 1 4 0 2 1 1 0 2 1 1 2 1 2 2 1 3 2 3 2 3 3 3 3 3 0 3 2 3 2 0 2 0 3 2 2 1 1 1 2 2 2 0 0 0 3 3 2 1 1 3 1 3 2 1 1 1 3 0 1 3 0 1 1 2 1 1 0 1 4 3 2 0 4 1 3 3 2 4 2 3 3 0 3 3 0 0 0 0 0 0 0 0 0 0 
3 1 0 0 1 3 1 0 1 1 2 3 2 0 3 4 1 4 0 3 0 2 0 2 2 0 2 1 2 2 1 3 2 3 3 2 3 3 2 3 2 3 2 3 2 0 2 0 3 1 3 2 1 1 1 1 2 0 0 0 3 3 3 2 1 3 1 2 2 1 1 1 3 0 1 3 0 2 1 2 1 1 0 1 3 4 2 0 3 0 3 3 2 4 1 3 3 0 3 3 0 0 0 0 0 0 0 0 0 0 
#TS76
0 3 3 3 2 4 1 4 3 1 2 3 2 2 3 4 0 4 1 3 1 1 2 0 0 0 3 0 0 2 0 2 4 0 3 0 3 4 2 3 2 3 2 3 2 0 2 0 4 0 3 1 1 3 1 1 1 4 1 1 2 4 3 0 0 3 2 3 0 3 2 3 4 1 1 3 0 2 2 3 2 4 3 3 2 4 1 1 2 0 3 3 2 4 4 1 3 0 3 3 1 0 0 0 0 0 0 0 0 0 
0 3 4 2 3 3 1 2 4 1 2 3 2 2 3 3 0 4 1 3 1 1 1 0 0 0 3 0 0 1 0 1 4 0 3 1 4 3 2 3 3 3 2 3 2 0 2 0 3 0 3 1 1 4 1 1 1 4 1 1 2 4 3 0 0 3 2 3 0 3 1 4 3 0 1 3 0 2 2 2 1 3 3 3 3 4 1 1 2 0 3 3 2 4 3 1 3 0 3 3 1 0 0 0 0 0 0 0 0 0 
#TS77
3 1 0 0 1 3 1 0 1 1 2 3 2 0 3 4 0 4 1 3 0 1 0 2 2 0 2 1 2 2 1 3 2 3 3 1 3 3 2 3 1 3 2 3 2 0 2 0 3 2 3 1 0 2 1 1 1 0 1 0 2 3 3 2 1 3 2 3 2 1 1 1 3 0 1 3 0 2 1 3 1 2 0 1 3 4 1 1 2 0 3 3 2 4 2 3 3 0 3 3 0 0 0 0 0 0 0 0 0 0 
3 1 0 0 1 3 1 0 1 1 2 3 2 0 3 4 0 4 1 3 0 1 0 2 2 0 2 1 2 2 1 3 2 3 3 1 3 3 2 3 1 3 2 3 2 0 2 0 3 2 3 1 0 2 1 1 1 0 1 0 2 3 3 2 1 3 2 3 2 1 1 1 3 0 1 3 0 2 1 3 1 2 0 1 3 4 1 1 2 0 3 3 2 4 2 3 3 0 3 3 0 0 0 0 0 0 0 0 0 0 
#TS78
3 2 0 0 1 2 0 0 1 1 2 3 2 0 3 4 0 3 1 3 0 1 2 2 1 0 2 1 2 2 1 4 2 3 2 1 2 3 2 3 1 3 2 2 2 0 2 0 3 2 3 1 0 2 1 1 1 0 1 0 2 4 4 1 1 3 3 3 2 0 1 1 3 0 1 4 0 2 1 3 2 3 0 1 3 4 1 1 2 0 3 3 2 4 2 3 3 0 3 3 0 0 0 0 0 0 0 0 0 0 
4 1 0 0 1 3 1 0 1 1 2 3 1 0 3 3 0 4 1 3 0 1 1 2 2 0 2 1 3 3 2 3 2 4 3 1 3 3 2 3 1 3 2 3 2 0 2 0 3 2 3 1 0 3 1 1 0 0 1 1 2 4 3 2 1 3 2 4 2 1 1 1 3 0 1 3 0 2 1 3 1 2 0 0 3 4 1 1 2 0 3 4 2 4 3 3 3 0 3 3 0 0 0 0 0 0 0 0 0 0 
#TS79
3 1 0 0 1 3 1 0 1 1 2 3 2 0 3 4 0 4 1 3 0 1 0 2 2 0 2 1 2 2 1 3 2 3 3 1 3 3 2 3 1 3 2 3 2 0 2 0 3 2 3 1 0 2 1 1 1 0 1 0 2 3 3 2 1 3 2 3 2 1 1 1 3 0 1 3 0 2 1 3 1 2 0 1 3 4 1 1 2 0 3 3 2 4 2 3 3 0 3 3 0 0 0 0 0 0 1 0 0 0 
3 1 0 0 1 3 2 1 2 0 2 3 2 0 1 3 0 4 1 2 0 1 0 2 1 0 2 1 2 2 2 3 3 3 3 0 3 4 2 3 1 3 2 3 2 0 2 0 3 2 3 1 0 2 0 1 1 0 1 1 0 3 2 1 0 3 2 4 2 1 1 1 3 0 4 3 0 2 1 2 1 2 1 1 3 4 1 1 2 0 3 0 2 4 4 1 3 0 3 3 0 0 0 0 0 0 1 0 0 0 
#TS80
3 2 0 0 1 3 1 0 3 1 2 3 2 0 3 4 0 4 1 3 0 1 0 2 1 0 2 1 2 2 1 3 3 4 3 1 2 4 2 3 1 3 2 3 2 1 2 0 3 1 3 1 0 2 1 1 1 0 1 0 2 3 4 1 1 3 3 3 2 0 1 1 3 0 1 3 0 2 1 3 0 1 0 1 3 4 1 1 3 0 2 3 1 3 0 3 3 0 3 3 0 0 0 0 0 0 0 0 0 0 
3 1 0 0 1 3 1 0 1 0 2 3 2 1 3 4 0 4 1 3 0 2 0 1 2 0 3 2 3 2 1 3 2 3 3 1 3 3 2 3 1 3 2 3 2 1 2 0 3 2 3 1 0 2 1 2 1 0 1 0 2 3 3 2 1 3 2 3 2 1 1 1 3 0 1 4 0 2 1 2 1 2 0 0 4 4 1 1 2 0 3 3 2 3 1 3 3 0 3 3 0 0 0 0 0 0 0 0 0 0 
#TS81
3 1 0 0 1 3 2 1 1 0 4 3 2 0 1 4 0 3 1 2 0 1 0 2 0 0 1 1 3 2 3 3 2 3 3 0 3 3 2 3 1 4 2 3 1 0 3 0 3 2 3 1 0 2 0 1 1 0 1 1 0 3 3 2 0 3 2 3 2 2 1 1 4 0 3 4 0 2 1 3 1 1 2 1 3 4 1 0 2 0 3 0 2 3 3 1 3 0 2 3 0 0 0 0 0 0 1 0 0 0 
3 1 0 0 1 3 3 1 0 0 2 3 3 0 1 3 0 3 1 3 1 1 0 2 0 0 1 1 2 2 2 3 2 2 3 0 4 4 2 3 1 4 2 3 2 0 3 0 3 2 3 1 0 2 0 1 1 0 1 1 0 3 3 2 0 3 2 3 2 4 1 1 4 0 4 4 0 2 1 3 1 2 2 1 4 4 3 0 2 0 3 0 2 4 4 1 3 0 2 3 0 0 0 0 0 0 1 0 0 0 
#TS82
0 2 3 3 3 3 3 4 2 0 1 3 3 0 0 3 0 3 2 3 0 1 0 2 0 0 2 1 2 2 3 2 2 3 3 0 3 3 2 3 1 3 2 4 1 0 3 0 3 2 3 1 0 3 0 1 0 0 2 1 0 3 4 2 0 2 2 3 3 4 2 2 3 0 4 3 0 2 1 3 1 1 3 4 1 4 4 0 2 0 3 0 2 4 3 1 3 0 3 3 0 0 0 0 0 0 0 0 0 0 
0 3 3 3 2 3 3 3 1 0 1 3 2 0 2 3 0 3 1 3 0 2 0 2 1 0 2 1 2 2 1 3 2 3 3 1 3 4 1 3 1 3 3 3 2 0 3 0 3 2 3 1 0 3 0 1 0 0 2 1 1 4 3 3 0 3 2 3 2 4 2 1 3 0 1 3 0 2 1 3 1 2 2 3 2 4 2 0 2 0 2 3 2 4 3 2 3 0 3 3 0 0 0 0 0 0 0 0 0 0 
#TS83
0 3 1 4 2 3 2 3 2 0 2 4 0 0 4 0 2 4 0 3 3 1 1 2 0 0 2 1 2 2 1 2 2 3 3 2 1 3 2 1 3 3 2 3 1 0 2 0 3 2 3 1 0 2 1 2 0 0 1 0 2 3 3 2 1 2 2 2 3 3 1 1 4 0 1 3 0 2 1 3 0 1 1 4 2 4 1 0 3 3 2 3 2 4 2 3 2 0 3 3 0 0 0 0 0 0 0 0 0 0 
1 4 0 2 2 4 1 3 1 1 2 3 1 0 3 2 2 4 0 3 3 1 0 1 0 0 3 1 1 2 1 3 3 3 3 3 2 2 2 1 2 3 2 3 2 0 2 0 3 2 2 1 0 2 1 2 2 0 0 0 2 3 3 1 1 3 1 3 3 2 1 1 3 0 1 3 0 2 1 3 1 2 0 4 2 4 3 0 3 2 3 3 2 4 2 3 3 0 3 3 0 0 0 0 0 0 0 0 0 0 
#TS84
0 3 4 3 2 3 4 4 3 0 2 3 3 0 0 3 0 4 2 3 0 1 0 2 0 0 2 1 2 2 3 3 2 3 3 0 3 3 1 4 1 3 2 3 2 0 3 0 3 2 3 1 0 3 0 1 1 0 1 1 0 4 3 3 0 4 3 3 3 3 1 1 3 0 4 3 0 2 1 2 1 3 3 3 2 4 3 0 2 0 4 0 1 4 4 1 3 0 3 3 0 0 0 0 0 0 1 0 0 0 
0 2 3 3 3 3 3 4 2 0 1 3 3 0 0 3 0 3 2 3 0 1 0 2 0 0 2 1 2 2 3 2 2 3 3 0 3 3 2 3 1 3 2 4 1 0 3 0 3 2 3 1 0 3 0 1 0 0 2 1 0 3 4 2 0 2 2 3 3 4 2 2 3 0 4 3 0 2 1 3 1 1 3 4 1 4 4 0 2 0 3 0 2 4 3 1 3 0 3 3 0 0 0 0 0 0 0 0 0 0 
#TS85
1 1 2 0 2 3 4 2 1 0 2 3 3 0 1 3 0 3 2 3 1 2 0 3 0 0 1 1 2 2 2 3 2 3 3 0 3 3 1 3 1 3 2 4 2 0 3 0 3 2 3 0 0 3 0 0 0 0 1 2 0 4 3 2 0 3 2 3 3 4 2 1 3 0 4 3 0 2 1 3 1 1 2 3 1 4 4 0 2 0 3 0 1 3 3 1 3 0 2 3 0 0 0 0 0 0 1 0 0 0 
0 2 3 1 1 3 3 2 0 0 2 3 4 0 1 4 0 3 3 3 1 1 0 2 0 0 2 1 2 1 4 3 3 2 3 0 3 3 1 3 1 3 3 3 2 0 3 0 3 2 3 1 0 3 0 1 1 0 1 1 0 4 3 2 0 2 2 3 3 4 2 1 3 1 4 3 0 1 1 3 0 1 2 3 1 4 4 0 3 0 3 0 2 4 4 1 3 0 2 3 0 0 0 0 0 0 1 0 0 0 
#TS86
3 1 0 0 1 3 1 0 1 1 1 3 1 0 3 3 0 3 1 3 0 1 0 2 2 0 2 2 2 2 1 4 1 3 3 1 3 3 2 3 1 3 2 3 2 0 2 0 3 2 4 1 0 2 1 0 1 0 1 0 2 3 3 2 1 3 2 3 2 1 1 1 3 0 1 2 0 1 1 2 1 2 0 1 4 4 1 0 2 0 3 3 2 4 2 3 4 0 3 3 0 0 0 0 0 0 0 0 0 0 
3 1 0 0 1 3 1 0 2 1 2 3 1 0 2 4 0 4 1 2 0 2 0 2 2 0 1 2 2 2 1 2 2 3 3 1 3 3 2 3 1 3 1 3 2 1 2 0 3 2 3 1 0 2 1 0 1 0 1 0 2 3 3 2 1 3 3 4 2 1 1 1 2 0 1 3 0 2 1 2 1 2 0 1 3 4 1 1 2 0 4 3 2 4 3 3 3 0 3 3 0 0 0 0 0 0 0 0 0 0 
#TS87
3 1 0 0 1 3 1 0 1 0 2 3 2 1 3 4 0 4 1 3 0 2 0 1 2 0 3 2 3 2 1 3 2 3 3 1 3 3 2 3 1 3 2 3 2 1 2 0 3 2 3 1 0 2 1 2 1 0 1 0 2 3 3 2 1 3 2 3 2 1 1 1 3 0 1 4 0 2 1 2 1 2 0 0 4 4 1 1 2 0 3 3 2 3 1 3 3 0 3 3 0 0 0 0 0 0 0 0 0 0 
3 1 1 0 1 3 1 0 1 1 2 3 2 0 3 4 0 3 2 3 0 2 0 1 2 0 2 1 2 2 1 3 2 4 3 1 3 4 2 3 1 3 2 3 2 0 1 0 3 2 3 1 0 2 1 1 1 0 1 0 2 3 3 1 1 3 2 3 1 1 1 0 3 0 1 3 0 2 1 2 1 1 0 1 4 4 1 0 3 0 3 3 2 4 1 3 3 0 3 3 0 0 0 0 0 0 0 0 0 0 
#TS88
3 1 0 0 1 3 0 0 1 1 2 3 2 0 2 4 1 4 0 0 0 1 0 4 1 0 2 2 3 3 1 3 2 2 3 2 3 3 1 2 1 3 1 1 3 4 1 0 3 2 3 1 0 2 0 3 1 0 1 0 2 2 1 2 1 3 2 4 2 2 1 1 2 0 1 3 0 2 1 2 1 1 0 0 3 4 2 1 2 2 3 2 3 3 0 3 3 0 3 3 0 0 0 0 0 0 0 0 0 0 
2 1 0 0 0 3 1 0 1 1 2 3 2 0 3 4 1 4 0 1 0 1 0 3 1 0 1 1 2 2 1 3 2 3 3 2 3 3 1 2 1 3 1 2 2 2 1 0 3 2 3 1 0 2 1 1 2 0 1 0 2 2 2 2 1 3 2 3 2 1 1 1 3 0 1 3 0 2 1 3 1 1 0 1 4 4 2 0 2 0 3 3 2 4 1 3 3 0 3 3 0 0 0 0 0 0 0 0 0 0 
#TS89
0 2 2 1 4 3 1 2 2 0 1 3 4 3 0 4 0 2 3 0 0 1 0 2 3 0 2 1 1 4 2 3 0 3 3 0 3 3 1 3 0 2 2 3 2 4 3 0 0 4 3 1 0 4 1 0 1 0 1 0 2 2 0 3 0 3 2 4 2 4 1 1 2 0 1 3 0 0 0 2 0 0 1 2 0 4 2 0 2 0 3 0 2 0 0 0 3 0 1 3 0 0 0 0 0 0 0 0 0 0 
0 3 2 1 3 3 2 2 1 0 1 3 2 1 1 3 0 2 4 0 0 1 0 2 3 0 2 1 2 3 1 3 2 3 3 0 3 3 1 3 1 3 2 3 2 4 2 0 3 4 2 1 0 3 1 0 1 0 1 0 2 2 1 2 0 3 2 4 2 3 1 1 3 0 2 3 0 1 1 2 2 0 1 1 1 4 3 0 2 0 3 3 2 2 0 2 3 0 2 3 0 0 0 0 0 0 0 0 0 0 
#TS90
3 0 0 0 1 3 1 0 1 0 2 1 2 4 3 4 0 4 1 3 1 1 0 2 1 0 3 1 2 2 4 3 2 3 4 1 3 3 2 3 2 4 2 4 1 0 2 0 3 2 3 1 0 2 1 1 1 0 1 0 0 1 2 2 1 0 2 4 2 1 3 1 3 0 1 3 0 1 1 0 1 1 0 1 3 3 1 1 1 0 4 3 2 4 2 4 3 0 0 3 0 0 0 0 0 0 0 1 0 0 
3 0 0 0 1 3 2 0 1 0 2 0 2 4 3 4 0 4 1 3 0 1 0 2 0 0 2 1 2 2 3 3 1 3 3 1 3 4 3 3 2 3 2 3 2 0 2 0 3 2 3 2 0 3 1 1 1 0 1 0 1 2 3 3 1 0 2 3 2 1 4 1 3 0 1 3 0 1 1 0 1 1 0 1 3 3 1 1 2 0 3 3 2 4 2 3 3 0 0 3 0 0 0 0 0 0 0 1 0 0 
#TS91
3 1 0 0 1 3 1 0 1 1 2 3 2 0 3 4 0 4 1 3 0 1 0 2 2 0 2 1 2 2 1 3 2 3 3 1 3 3 2 3 1 3 2 3 2 0 2 0 3 2 3 1 0 2 1 1 1 0 1 0 2 3 3 2 1 3 2 3 2 1 1 1 3 0 1 3 0 2 1 3 1 2 0 1 3 4 1 1 2 0 3 3 2 4 2 3 3 0 3 3 1 0 0 0 0 0 0 0 0 0 
2 1 2 0 1 3 1 0 0 1 2 3 2 2 3 4 0 4 1 3 0 1 0 0 2 0 4 0 2 3 1 3 2 1 3 1 3 3 3 3 2 3 2 4 2 0 2 0 3 1 3 2 1 2 1 0 1 3 1 0 2 3 3 2 0 2 1 4 2 1 1 3 2 0 1 3 0 2 1 3 2 3 2 2 2 4 1 1 2 0 3 3 2 4 2 1 3 0 3 3 1 0 0 0 0 0 0 0 0 0 
#TS92
3 1 0 0 1 3 3 0 1 0 2 2 2 2 1 4 0 1 1 3 0 2 3 1 2 0 2 0 3 2 1 3 2 3 3 1 3 1 2 3 2 2 2 2 2 0 2 0 3 2 3 1 0 2 1 0 1 1 1 0 0 3 3 2 1 2 2 3 2 1 1 3 3 0 3 2 0 2 0 3 1 3 0 1 3 3 1 1 2 0 3 1 2 3 2 3 3 0 2 2 0 1 0 0 0 0 0 0 0 0 
4 1 0 0 1 3 3 0 3 0 2 3 2 2 0 4 0 1 2 3 0 3 3 0 2 0 2 0 3 2 1 2 2 3 3 1 3 0 2 3 2 2 2 1 3 0 2 2 3 2 3 1 0 2 0 0 0 1 1 1 0 3 4 2 1 2 2 3 2 1 1 2 2 0 4 3 0 2 0 3 1 2 0 0 3 3 1 1 2 0 3 1 2 4 2 3 3 0 1 2 0 1 0 0 0 0 0 0 0 0 
#TS93
0 0 3 2 2 3 1 2 2 0 2 1 2 3 3 4 0 4 1 2 0 2 0 1 0 0 2 1 2 2 4 3 2 2 3 1 3 3 2 3 3 3 3 3 1 2 2 0 3 2 2 1 0 3 1 1 1 0 1 0 0 0 2 3 1 0 2 3 2 1 4 2 3 0 1 3 0 1 0 0 2 1 2 4 4 2 1 1 2 1 4 3 3 4 0 3 3 0 0 3 0 0 0 0 0 0 0 0 0 0 
0 2 1 2 2 3 2 3 3 0 2 3 2 1 3 3 0 4 1 2 0 1 0 1 0 0 2 1 2 2 1 2 2 3 3 1 3 4 3 3 3 3 2 4 1 2 2 0 3 2 3 1 0 3 1 1 1 0 1 0 1 2 2 2 1 1 2 3 2 1 3 2 3 0 1 3 0 1 1 2 1 1 2 3 3 4 1 1 2 0 3 3 2 4 0 3 3 0 2 3 0 0 0 0 0 0 0 0 0 0 
#TS94
3 1 0 0 1 3 3 1 0 0 2 3 3 0 1 3 0 3 1 3 1 1 0 2 0 0 1 1 2 2 2 3 2 2 3 0 4 4 2 3 1 4 2 3 2 0 3 0 3 2 3 1 0 2 0 1 1 0 1 1 0 3 3 2 0 3 2 3 2 4 1 1 4 0 4 4 0 2 1 3 1 2 2 1 4 4 3 0 2 0 3 0 2 4 4 1 3 0 2 3 0 0 0 0 0 0 1 0 0 0 
2 1 1 0 1 3 3 1 1 0 2 4 3 0 0 4 0 3 2 3 2 1 0 1 0 0 1 0 2 2 2 3 1 3 3 0 3 3 1 3 1 3 2 3 2 0 2 0 3 2 3 1 0 2 0 1 0 0 1 1 0 4 3 2 0 3 1 3 3 4 1 2 4 0 4 3 0 2 1 3 1 2 2 1 2 4 3 0 2 0 4 0 2 4 4 1 3 0 3 3 0 0 0 0 0 0 1 0 0 0 
#TS95
3 1 0 0 1 3 1 0 1 1 2 3 2 0 3 4 0 4 1 3 0 1 0 2 2 0 2 1 2 2 1 3 2 3 3 1 3 3 2 3 1 3 2 3 2 0 2 0 3 2 3 1 0 2 1 1 1 0 1 0 2 3 3 2 1 3 2 3 2 1 1 1 3 0 1 3 0 2 1 3 1 2 0 1 3 4 1 1 2 0 3 3 2 4 2 3 3 0 3 3 0 1 0 0 0 0 0 0 0 0 
3 1 0 0 1 3 3 0 1 0 2 2 2 2 1 4 0 1 1 3 0 2 3 1 2 0 2 0 3 2 1 3 2 3 3 1 3 1 2 3 2 2 2 2 2 0 2 0 3 2 3 1 0 2 1 0 1 1 1 0 0 3 3 2 1 2 2 3 2 1 1 3 3 0 3 2 0 2 0 3 1 3 0 1 3 3 1 1 2 0 3 1 2 3 2 3 3 0 2 2 0 1 0 0 0 0 0 0 0 0 
#TS96
3 1 0 0 1 3 1 0 1 1 2 3 2 0 3 4 0 4 1 3 0 1 0 2 2 0 2 1 2 2 1 3 2 3 3 1 3 3 2 3 1 3 2 3 2 0 2 0 3 2 3 1 0 2 1 1 1 0 1 0 2 3 3 2 1 3 2 3 2 1 1 1 3 0 1 3 0 2 1 3 1 2 0 1 3 4 1 1 2 0 3 3 2 4 2 3 3 0 3 3 0 0 0 1 0 0 0 0 0 0 
2 1 1 0 1 3 1 0 0 0 2 1 2 0 2 4 0 2 1 3 0 2 0 2 2 0 2 0 1 2 1 3 2 1 1 1 4 3 2 3 3 3 2 3 2 0 3 0 3 1 2 2 0 2 0 1 1 0 2 1 3 0 3 1 1 1 2 4 2 1 1 0 3 0 1 3 0 2 1 2 3 3 0 2 4 0 1 1 2 0 2 2 2 4 3 3 3 0 3 0 0 0 0 1 0 0 0 0 0 0 
#TS97
1 1 2 1 1 3 1 0 1 1 2 3 1 2 3 4 0 3 1 3 2 1 2 2 2 0 1 0 2 4 1 2 2 4 3 2 3 2 2 3 1 3 3 3 1 0 2 0 1 3 3 0 0 3 1 1 0 0 1 1 0 3 4 2 1 3 4 4 2 1 1 2 4 0 2 3 0 2 1 3 0 3 0 3 3 4 1 3 2 0 3 3 2 0 3 4 1 1 3 3 0 0 0 0 0 0 0 0 0 1 
0 2 1 3 1 3 2 1 1 1 2 3 1 3 3 3 0 2 0 3 4 0 2 2 2 0 1 0 1 3 0 3 4 3 3 2 3 3 3 2 1 3 3 2 2 0 2 0 2 3 3 0 0 4 1 1 0 0 0 1 0 4 3 2 1 4 3 4 3 3 1 2 4 0 2 3 0 2 1 3 1 3 0 4 2 4 1 2 2 0 3 3 2 0 3 3 1 0 3 3 0 0 0 0 0 0 0 0 0 1 
#TS98
3 0 0 0 1 3 1 0 1 1 2 3 1 0 3 4 0 3 1 3 0 1 0 2 3 0 2 1 2 2 1 3 2 3 3 1 3 3 2 3 1 3 2 3 2 1 2 0 3 2 3 1 0 2 1 1 1 0 1 0 2 3 3 2 1 3 2 4 2 1 1 0 3 0 1 2 0 2 1 4 1 2 0 1 3 4 1 1 2 0 3 3 2 4 2 3 2 0 3 2 0 0 0 0 0 0 0 0 0 0 
2 1 0 0 1 3 1 0 1 1 2 3 1 0 3 4 0 4 1 3 0 1 0 2 2 0 2 1 2 2 1 3 2 4 3 1 3 3 2 3 1 3 2 3 2 0 2 0 3 2 3 1 0 2 1 1 1 0 1 0 2 3 3 2 1 2 2 3 2 1 1 1 3 0 1 3 0 2 2 2 1 2 0 1 3 4 1 1 2 0 3 3 2 4 2 3 3 0 4 3 0 0 0 0 0 0 0 0 0 0 
#TS99
3 4 0 0 2 3 1 1 1 1 2 3 2 0 4 4 0 4 1 2 0 1 0 2 1 0 2 1 2 2 1 3 3 3 2 1 3 3 2 3 1 3 2 3 2 2 3 0 3 1 3 2 0 3 1 1 1 0 1 0 2 3 2 2 1 3 2 4 2 0 1 1 3 0 1 3 0 2 1 2 1 1 0 2 3 4 1 1 4 0 3 3 2 4 0 4 3 0 3 3 0 0 0 0 0 0 0 0 0 0 
3 2 0 0 1 3 1 0 3 1 2 3 2 0 3 4 0 4 1 3 0 1 0 2 1 0 2 1 2 2 1 3 3 4 3 1 2 4 2 3 1 3 2 3 2 1 2 0 3 1 3 1 0 2 1 1 1 0 1 0 2 3 4 1 1 3 3 3 2 0 1 1 3 0 1 3 0 2 1 3 0 1 0 1 3 4 1 1 3 0 2 3 1 3 0 3 3 0 3 3 0 0 0 0 0 0 0 0 0 0 
#TS100
3 1 0 0 1 3 1 0 1 1 2 3 2 0 3 4 0 4 1 3 0 1 0 2 2 1 2 1 2 2 1 3 2 3 3 1 3 3 2 3 1 3 2 3 2 1 1 0 3 2 3 1 0 1 1 1 1 0 1 0 2 2 2 2 1 3 2 3 2 1 1 1 3 0 1 3 0 2 1 3 1 2 0 1 3 4 2 1 1 0 4 3 2 4 1 3 3 0 3 3 0 0 0 0 0 0 0 0 0 0 
3 1 0 0 0 3 1 0 1 1 2 3 2 0 3 4 0 4 1 2 0 2 0 2 2 0 2 1 2 2 1 3 2 3 3 1 3 4 2 3 1 3 2 2 3 0 2 0 3 2 3 1 0 2 1 1 1 0 1 0 1 3 3 1 1 3 2 3 2 1 1 1 3 0 1 4 0 2 1 3 0 2 0 1 3 4 1 1 2 0 4 3 2 4 2 3 3 0 3 3 0 0 0 0 0 0 0 0 0 0 
#TS101
3 1 0 0 1 3 1 1 3 1 2 3 3 1 3 3 0 3 1 4 0 1 1 2 2 0 2 1 2 2 1 3 2 3 2 2 3 3 2 3 1 3 2 3 2 1 2 0 3 2 4 1 0 2 1 0 1 0 1 0 2 3 2 2 1 3 1 3 2 1 1 1 3 0 1 3 0 2 1 3 1 1 0 1 4 4 2 1 2 0 4 3 2 4 1 4 3 0 4 3 0 0 0 0 0 0 0 0 0 0 
3 1 0 0 1 3 1 0 3 1 2 3 2 0 3 4 0 4 1 1 0 1 0 2 2 0 1 1 3 1 1 3 2 3 3 1 3 3 2 3 1 4 2 3 2 0 2 0 3 2 3 1 0 2 1 1 1 0 1 0 2 3 3 2 1 3 2 3 2 1 0 1 3 0 1 3 0 2 1 3 1 1 0 1 4 4 1 1 2 0 3 3 2 4 2 3 3 0 3 3 0 0 0 0 0 0 0 0 0 0 
#TS102
2 2 0 0 1 1 4 1 1 0 2 2 1 2 0 4 0 0 1 3 2 3 4 0 0 0 1 1 1 2 1 3 3 3 3 1 3 0 1 3 2 1 2 0 4 0 2 3 4 2 3 1 0 2 0 0 1 1 1 1 0 4 3 2 1 3 2 3 2 2 1 2 0 1 2 2 0 2 0 2 1 2 0 2 3 4 1 0 1 0 4 1 3 4 3 3 2 0 1 2 0 1 0 0 0 0 0 0 0 0 
3 1 0 0 1 1 4 1 1 0 2 3 2 2 0 4 1 0 1 3 2 3 3 0 0 0 1 1 2 4 1 3 4 4 3 1 3 0 1 3 1 1 2 0 3 0 2 3 3 2 3 1 0 2 0 0 1 1 1 1 0 3 3 1 1 3 3 3 2 1 0 2 0 1 2 3 0 2 0 3 1 3 0 1 4 3 1 0 2 0 4 1 3 4 3 4 3 0 1 2 0 1 0 0 0 0 0 0 0 0 
#TS103
3 2 0 0 1 3 1 0 2 1 2 3 2 0 3 3 0 4 1 2 0 1 0 2 3 0 1 2 3 2 1 4 2 2 3 1 3 3 2 3 1 3 2 3 3 0 2 0 4 2 3 2 0 2 1 1 1 0 1 0 2 2 2 1 1 3 1 3 2 1 1 0 3 0 0 3 0 3 1 3 1 2 0 0 4 4 1 1 2 0 3 3 2 4 2 3 3 0 3 3 0 0 0 0 0 0 0 0 0 0 
3 1 0 0 1 3 1 0 1 2 2 3 2 0 3 3 0 4 1 3 0 2 0 2 3 1 2 1 2 2 1 3 2 3 3 1 4 3 1 3 1 3 2 3 2 0 2 0 3 2 3 1 0 2 1 1 1 0 1 0 2 4 2 2 1 3 3 3 2 1 1 0 3 0 0 2 1 2 1 3 1 2 0 0 3 4 1 1 2 0 3 3 2 4 2 3 3 0 3 3 0 0 0 0 0 0 0 0 0 0 
#TS104
0 3 2 3 2 3 2 4 3 1 2 3 2 2 4 4 0 4 1 2 1 1 2 0 0 0 4 0 0 2 0 2 4 0 3 1 3 3 2 3 2 3 2 3 2 0 2 0 3 0 3 1 0 3 1 1 1 3 1 1 1 3 3 0 0 3 2 3 0 3 2 4 3 0 1 3 0 2 2 3 1 3 4 4 3 4 1 1 2 0 4 3 2 3 4 1 3 0 3 3 1 0 0 0 0 0 0 0 0 0 
0 3 3 3 2 4 1 4 3 1 2 3 2 2 3 4 0 4 1 3 1 1 2 0 0 0 3 0 0 2 0 2 4 0 3 0 3 4 2 3 2 3 2 3 2 0 2 0 4 0 3 1 1 3 1 1 1 4 1 1 2 4 3 0 0 3 2 3 0 3 2 3 4 1 1 3 0 2 2 3 2 4 3 3 2 4 1 1 2 0 3 3 2 4 4 1 3 0 3 3 1 0 0 0 0 0 0 0 0 0 
#TS105
3 1 1 0 1 3 1 0 1 1 2 3 2 0 3 3 0 4 1 3 0 1 0 2 2 0 1 1 2 2 2 3 2 3 2 1 3 3 2 3 1 3 2 4 2 0 2 0 3 2 3 1 0 2 1 1 1 0 1 0 2 3 3 2 1 3 2 3 2 1 1 1 3 0 1 3 0 2 1 3 1 2 0 1 3 4 1 1 2 0 3 3 2 4 2 4 3 0 3 3 0 0 0 0 0 0 0 0 0 0 
2 1 0 0 1 3 1 0 0 1 2 3 2 0 3 4 0 4 1 3 0 1 0 2 2 0 1 1 2 1 2 3 2 3 3 1 3 2 2 3 1 3 1 3 2 0 2 0 3 2 3 2 1 2 1 1 1 0 0 0 2 3 2 2 1 2 1 3 2 1 1 1 3 0 1 3 0 2 1 3 1 2 0 1 4 4 1 1 3 0 3 3 2 4 2 3 3 0 3 3 0 0 0 0 0 0 0 0 0 0 
#TS106
0 3 4 3 2 3 1 3 3 1 2 3 2 2 3 4 0 4 1 3 1 1 1 0 0 0 3 0 0 1 0 1 4 0 3 1 3 2 3 3 3 3 3 4 2 0 2 0 3 0 3 1 0 3 1 1 1 4 1 1 2 4 2 0 0 3 3 3 0 2 3 3 3 0 1 3 0 2 2 3 1 3 3 3 3 4 1 1 3 0 3 3 3 4 4 0 3 0 3 3 1 0 0 0 0 0 0 0 0 0 
0 3 2 3 2 3 2 4 3 1 2 3 2 2 4 4 0 4 1 2 1 1 2 0 0 0 4 0 0 2 0 2 4 0 3 1 3 3 2 3 2 3 2 3 2 0 2 0 3 0 3 1 0 3 1 1 1 3 1 1 1 3 3 0 0 3 2 3 0 3 2 4 3 0 1 3 0 2 2 3 1 3 4 4 3 4 1 1 2 0 4 3 2 3 4 1 3 0 3 3 1 0 0 0 0 0 0 0 0 0 
#TS107
3 0 0 0 1 3 2 0 1 0 2 0 2 4 3 4 0 4 1 3 0 1 0 2 0 0 2 1 2 2 3 3 1 3 3 1 3 4 3 3 2 3 2 3 2 0 2 0 3 2 3 2 0 3 1 1 1 0 1 0 1 2 3 3 1 0 2 3 2 1 4 1 3 0 1 3 0 1 1 0 1 1 0 1 3 3 1 1 2 0 3 3 2 4 2 3 3 0 0 3 0 0 0 0 0 0 0 1 0 0 
3 0 0 0 1 3 1 0 1 0 2 0 2 3 3 3 0 3 1 2 0 1 0 2 0 0 2 2 2 2 4 2 1 3 4 1 3 3 2 3 2 3 2 3 2 1 2 0 3 2 3 1 0 3 1 0 1 0 1 0 0 1 3 3 1 0 2 3 2 1 3 3 3 0 1 3 0 1 1 0 2 1 0 1 4 3 1 1 2 0 4 3 2 4 0 3 3 0 0 3 0 0 0 0 0 0 0 1 0 0 
#TS108
2 0 0 0 1 3 1 0 0 1 2 3 2 1 3 4 0 4 1 2 0 1 0 2 2 0 2 1 2 2 1 3 2 3 3 1 4 3 3 3 1 3 2 3 2 0 2 0 3 2 3 1 0 2 1 0 1 0 1 0 2 3 3 1 1 3 2 3 2 1 1 1 2 0 1 4 0 2 1 3 1 2 0 2 3 3 1 1 2 0 3 4 2 4 2 3 3 0 3 3 0 0 0 0 0 0 0 0 0 0 
3 1 0 0 1 3 1 0 1 1 2 3 2 0 2 3 0 4 1 3 0 2 0 2 2 0 1 2 2 2 1 3 2 3 3 1 3 3 2 3 1 3 2 3 2 0 2 0 3 2 3 1 0 2 1 0 1 0 1 0 3 3 3 1 1 3 2 3 2 1 1 1 3 0 1 3 0 1 0 3 1 2 0 1 2 4 1 1 2 0 4 3 2 4 2 3 3 0 3 3 0 0 0 0 0 0 0 0 0 0 
#TS109
2 1 2 0 1 3 1 0 0 1 2 3 2 2 3 4 0 4 1 3 0 1 0 0 2 0 4 0 2 3 1 3 2 1 3 1 3 3 3 3 2 3 2 4 2 0 2 0 3 1 3 2 1 2 1 0 1 3 1 0 2 3 3 2 0 2 1 4 2 1 1 3 2 0 1 3 0 2 1 3 2 3 2 2 2 4 1 1 2 0 3 3 2 4 2 1 3 0 3 3 1 0 0 0 0 0 0 0 0 0 
0 1 2 0 1 3 1 0 2 1 2 3 2 2 2 4 0 4 1 3 0 1 0 0 1 0 3 0 1 4 0 3 3 0 3 1 4 3 2 3 3 3 2 3 2 0 2 0 3 1 3 2 1 2 1 1 1 3 0 0 3 4 3 2 0 3 1 4 2 1 3 4 3 0 1 2 0 2 1 3 1 3 3 3 2 4 1 1 2 0 3 3 2 4 2 1 3 0 3 3 1 0 0 0 0 0 0 0 0 0 
#TS110
2 3 0 0 1 1 0 0 2 1 2 3 1 0 0 4 1 4 1 0 0 4 3 3 0 0 3 1 3 3 1 3 2 3 3 1 3 0 0 4 4 2 0 3 0 4 2 4 4 0 3 1 0 3 0 1 0 0 1 3 1 2 0 1 0 3 3 3 4 0 0 1 2 0 1 3 0 0 1 3 1 0 0 0 3 4 0 4 2 4 2 3 1 1 0 3 0 0 2 3 0 0 0 0 0 0 0 0 0 0 
4 2 0 0 1 1 0 0 1 1 2 2 1 0 2 4 1 4 0 1 0 1 0 4 0 0 2 1 3 3 1 3 2 3 3 1 3 2 0 3 2 2 0 1 2 3 1 3 3 1 3 1 0 2 0 3 0 0 2 0 1 2 1 2 0 3 2 4 3 2 0 0 2 0 1 3 0 1 1 3 1 0 0 0 3 4 1 1 2 3 2 3 2 3 0 3 2 1 3 3 0 0 0 0 0 0 0 0 0 0 
#TS111
4 0 0 0 1 3 1 0 2 1 2 3 2 0 3 4 0 4 1 3 0 1 0 2 2 0 2 1 2 2 1 3 2 4 3 2 3 3 2 3 2 3 1 3 2 1 1 0 3 2 3 2 0 2 1 2 1 0 1 0 2 3 3 2 1 3 1 3 2 1 1 0 3 0 1 3 0 2 1 3 1 2 0 0 3 4 2 0 2 0 3 3 2 4 1 3 3 0 3 3 0 0 0 0 0 0 0 0 0 0 
3 1 0 0 1 3 1 0 1 1 1 3 2 0 3 4 0 4 1 4 0 1 0 2 3 0 3 1 2 2 1 2 2 3 3 2 3 3 3 3 1 3 2 3 1 1 2 0 3 2 3 1 0 2 1 1 1 0 1 0 2 3 2 3 2 3 2 3 3 1 1 1 3 0 1 3 0 2 1 2 1 1 0 1 4 4 2 0 2 0 3 3 2 4 1 3 3 0 3 3 0 0 0 0 0 0 0 0 0 0 
#TS112
3 1 0 0 1 1 3 0 3 0 2 3 2 1 0 4 0 0 1 2 2 3 3 0 0 0 2 1 2 3 1 2 3 2 2 1 3 0 1 3 1 1 2 0 3 0 2 4 3 2 3 1 0 2 1 0 1 1 1 1 0 4 3 2 1 3 3 3 2 1 1 2 0 2 2 3 0 2 0 3 1 3 0 1 3 4 1 0 2 0 3 2 2 4 3 3 3 0 1 2 0 0 0 0 0 0 0 0 0 0 
3 1 1 0 1 1 2 0 2 1 2 3 2 1 2 4 0 4 1 3 0 1 0 2 1 0 2 2 2 2 1 3 2 3 3 1 3 3 1 2 1 1 1 0 3 2 2 2 3 2 2 1 0 2 1 0 0 0 1 1 2 3 3 2 1 3 3 3 2 1 1 1 1 2 0 3 0 2 1 2 1 2 0 2 4 4 1 0 2 0 3 3 2 4 3 3 3 0 3 3 0 0 0 0 0 0 0 0 0 0 
#TS113
3 2 0 0 1 3 1 0 3 1 2 3 2 0 2 4 0 4 1 2 0 1 1 2 2 1 3 1 3 2 1 3 2 4 3 2 3 3 2 3 1 3 2 3 2 0 2 0 3 1 3 1 0 1 1 2 1 0 1 0 2 3 3 2 1 3 0 3 2 0 0 0 3 0 1 4 0 2 0 2 1 1 0 0 3 4 1 0 1 0 3 3 2 4 2 3 3 0 3 2 0 0 0 0 0 0 0 0 0 0 
3 0 0 0 0 3 1 0 1 1 2 3 2 1 3 4 0 4 1 3 0 1 0 2 2 0 3 1 2 2 1 3 2 3 3 2 3 3 2 3 1 3 2 3 3 0 2 0 3 1 3 1 0 1 1 1 1 0 1 0 2 3 3 2 1 3 1 3 2 1 1 1 2 0 1 3 0 2 1 3 1 1 0 1 3 4 2 0 1 0 3 3 2 4 2 3 3 0 3 3 0 0 0 0 0 0 0 0 0 0 
#TS114
3 0 0 0 1 3 3 0 0 0 1 3 1 0 2 4 0 4 1 2 0 2 4 2 0 0 2 1 2 3 1 3 2 3 0 1 1 3 2 4 4 3 2 3 0 0 2 0 3 0 3 0 0 4 1 1 0 2 2 0 1 3 3 2 1 4 4 1 2 2 1 1 3 0 2 4 0 2 1 3 1 2 0 1 3 4 0 1 2 1 3 3 1 2 2 4 3 0 2 1 0 0 0 0 1 0 0 0 0 0 
2 1 2 0 1 3 3 0 0 0 2 3 1 0 2 4 0 4 0 3 0 1 4 2 0 0 3 1 2 3 2 3 2 4 0 1 1 3 2 3 4 3 2 3 0 0 2 0 3 0 4 0 0 4 1 1 0 2 2 0 1 4 2 2 1 3 2 1 3 3 1 1 3 0 3 3 0 3 1 2 1 2 0 1 3 4 1 1 3 2 3 3 2 2 2 3 3 0 2 1 0 0 0 0 1 0 0 0 0 0 
#TS115
2 1 0 0 0 3 1 0 1 1 2 3 2 0 3 4 1 4 0 1 0 1 0 3 1 0 1 1 2 2 1 3 2 3 3 2 3 3 1 2 1 3 1 2 2 2 1 0 3 2 3 1 0 2 1 1 2 0 1 0 2 2 2 2 1 3 2 3 2 1 1 1 3 0 1 3 0 2 1 3 1 1 0 1 4 4 2 0 2 0 3 3 2 4 1 3 3 0 3 3 0 0 0 0 0 0 0 0 0 0 
3 1 0 0 1 3 0 0 1 1 1 3 2 0 3 3 1 4 0 2 0 1 0 2 2 0 2 1 2 2 1 3 2 3 3 1 3 3 2 3 1 3 1 3 2 1 2 0 3 2 3 1 0 1 1 1 1 0 0 0 2 3 2 3 1 3 2 3 2 1 1 1 3 0 0 3 0 2 1 3 1 1 0 1 3 4 2 0 2 0 3 3 2 4 1 3 3 0 4 3 0 0 0 0 0 0 0 0 0 0 
#TS116
1 3 2 4 1 3 1 2 2 1 2 3 1 2 4 4 0 1 0 3 4 0 3 2 2 0 0 0 0 2 0 0 3 3 3 2 3 3 2 1 1 3 3 3 1 0 1 0 1 3 1 0 2 4 2 3 0 2 0 1 0 4 3 0 1 3 2 3 1 3 0 1 4 0 2 4 0 2 1 3 1 3 0 3 0 4 3 3 1 0 3 3 1 0 3 3 2 0 3 3 0 0 0 0 0 0 0 0 0 0 
1 2 0 3 2 3 1 2 2 1 2 3 1 0 4 4 1 3 0 2 4 1 2 2 2 1 0 0 0 2 0 1 4 4 3 2 3 4 1 1 1 3 2 3 1 0 1 0 3 2 1 2 2 2 3 2 1 2 0 0 3 4 3 0 1 3 1 3 1 2 0 0 2 0 2 4 0 1 1 3 1 2 0 3 1 4 2 1 1 0 3 3 2 3 3 3 3 0 3 3 0 0 0 0 0 0 0 0 0 0 
#TS117
2 0 1 0 1 3 2 0 1 1 2 3 2 0 3 3 0 4 1 3 0 1 0 2 2 0 1 2 2 2 1 3 2 3 3 1 3 3 2 3 1 3 2 3 2 0 1 0 3 2 3 1 0 2 1 1 2 0 1 0 2 3 3 2 1 3 2 3 2 2 1 0 2 0 1 3 0 2 1 3 1 2 0 1 4 4 1 0 2 0 3 3 2 4 2 3 2 0 3 3 0 0 0 0 0 0 0 0 0 0 
3 1 0 0 1 3 1 0 1 1 2 3 2 0 3 4 0 4 1 3 0 2 0 2 1 0 1 1 2 2 1 2 2 3 4 2 3 3 2 3 1 3 1 3 2 0 2 0 3 2 3 1 0 2 1 1 1 0 1 0 2 3 3 2 1 3 2 3 2 2 1 0 3 0 1 3 0 2 1 3 1 2 0 1 3 4 1 0 2 0 3 3 2 3 2 3 3 0 4 3 0 0 0 0 0 0 0 0 0 0 
#TS118
2 1 1 0 1 3 3 1 1 0 2 4 3 0 0 4 0 3 2 3 2 1 0 1 0 0 1 0 2 2 2 3 1 3 3 0 3 3 1 3 1 3 2 3 2 0 2 0 3 2 3 1 0 2 0 1 0 0 1 1 0 4 3 2 0 3 1 3 3 4 1 2 4 0 4 3 0 2 1 3 1 2 2 1 2 4 3 0 2 0 4 0 2 4 4 1 3 0 3 3 0 0 0 0 0 0 1 0 0 0 
2 1 1 0 1 3 3 2 0 0 2 3 3 0 1 3 0 3 1 2 1 1 0 2 0 0 2 1 2 2 2 3 2 3 3 0 4 4 1 3 1 3 2 3 2 0 2 0 3 2 3 0 0 2 0 1 0 0 1 1 0 4 3 3 0 3 2 3 2 3 2 1 3 0 4 3 0 2 1 3 1 2 2 2 2 4 4 0 2 0 3 0 2 4 4 1 3 0 2 3 0 0 0 0 0 0 1 0 0 0 
#TS119
1 1 0 0 1 3 1 0 2 1 2 3 2 1 1 4 1 4 1 3 0 3 3 2 2 0 2 1 2 2 1 3 2 3 3 1 3 0 2 3 3 3 2 3 0 1 2 0 3 1 3 2 1 2 0 0 1 0 1 3 2 3 2 1 0 3 2 3 2 0 0 1 3 0 1 3 0 0 0 3 1 1 0 0 3 4 0 2 2 0 4 3 2 3 2 3 1 0 2 3 0 0 0 0 0 0 0 0 1 0 
1 1 0 0 1 2 1 0 2 1 2 3 2 0 0 4 1 4 1 3 0 4 2 3 0 0 3 1 2 2 1 4 2 3 3 1 3 0 1 4 2 2 1 2 0 3 2 2 3 0 3 1 0 2 0 1 1 0 1 3 1 2 2 2 0 3 2 3 4 0 0 1 3 0 1 3 0 0 0 3 2 0 0 0 4 4 0 3 2 2 3 4 2 2 1 3 0 0 2 2 0 0 0 0 0 0 0 0 1 0 
#TS120
3 1 0 0 0 3 1 0 1 1 2 3 2 0 3 4 0 4 1 2 0 2 0 2 2 0 2 1 2 2 1 3 2 3 3 1 3 4 2 3 1 3 2 2 3 0 2 0 3 2 3 1 0 2 1 1 1 0 1 0 1 3 3 1 1 3 2 3 2 1 1 1 3 0 1 4 0 2 1 3 0 2 0 1 3 4 1 1 2 0 4 3 2 4 2 3 3 0 3 3 0 0 0 0 0 0 0 0 0 0 
3 1 0 0 1 3 1 0 1 1 2 3 2 0 3 4 0 4 1 3 0 1 0 2 2 0 2 1 2 1 1 3 3 2 3 1 3 3 2 3 1 3 2 2 3 0 2 0 3 2 3 1 0 2 1 1 1 0 1 1 1 2 3 2 1 3 1 3 2 1 1 1 3 0 1 3 0 2 1 3 1 2 0 1 3 4 1 1 2 0 3 3 2 4 2 3 3 0 3 3 0 0 0 0 0 0 0 0 0 0 
#TS121
2 1 1 0 1 3 1 0 0 0 2 1 2 0 2 4 0 2 1 3 0 2 0 2 2 0 2 0 1 2 1 3 2 1 1 1 4 3 2 3 3 3 2 3 2 0 3 0 3 1 2 2 0 2 0 1 1 0 2 1 3 0 3 1 1 1 2 4 2 1 1 0 3 0 1 3 0 2 1 2 3 3 0 2 4 0 1 1 2 0 2 2 2 4 3 3 3 0 3 0 0 0 0 1 0 0 0 0 0 0 
1 1 1 0 1 3 1 0 0 0 2 1 2 1 4 3 1 3 1 3 0 1 0 2 2 0 1 0 0 2 1 3 3 1 0 1 3 4 2 3 3 3 2 3 1 0 2 0 3 1 3 2 0 1 0 0 1 0 3 2 2 0 3 2 1 1 3 3 2 1 1 0 2 0 1 3 0 2 1 2 2 3 0 3 4 0 1 1 2 0 3 3 2 4 3 3 3 0 3 0 0 0 0 1 0 0 0 0 0 0 
#TS122
0 2 3 3 3 3 4 2 0 0 1 2 0 0 2 3 1 4 0 2 4 1 4 2 0 0 2 2 1 3 1 3 2 3 0 3 1 4 2 4 4 3 2 3 0 0 2 0 3 0 3 0 0 3 0 2 0 3 1 1 1 3 2 2 1 2 1 1 4 3 1 1 3 0 3 3 0 2 1 3 1 1 1 4 3 4 0 0 3 3 3 3 2 3 2 3 3 0 3 1 0 0 0 0 1 0 0 0 0 0 
0 1 4 3 3 3 4 2 0 0 2 3 0 0 3 1 1 4 0 2 3 1 3 2 0 0 2 1 2 2 1 3 3 4 0 3 1 3 2 3 3 3 2 3 0 0 2 0 4 0 2 0 0 4 1 2 0 2 1 0 2 3 3 2 1 3 1 1 4 4 1 1 3 0 3 4 0 2 1 3 1 2 2 4 3 4 1 0 2 4 3 3 1 2 2 3 3 0 2 0 0 0 0 0 1 0 0 0 0 0 
#TS123
3 1 0 0 1 2 1 0 1 0 1 4 4 2 2 4 0 2 3 0 0 1 0 2 2 2 3 4 2 2 2 3 1 3 3 3 3 3 2 3 0 3 1 1 2 1 1 0 3 2 0 3 3 0 3 3 4 0 0 0 4 2 2 1 0 2 0 2 2 0 1 1 2 1 0 4 0 1 1 3 1 1 0 0 3 4 2 0 3 2 3 3 3 4 1 3 3 0 3 3 0 0 0 0 0 0 0 0 0 0 
3 1 0 0 0 3 1 0 1 0 0 3 3 2 2 3 0 3 1 2 0 1 0 2 3 2 3 3 3 2 0 2 0 2 3 2 3 2 1 3 0 3 1 2 2 1 2 0 3 2 2 3 2 0 2 3 2 0 0 0 2 2 2 2 0 2 0 2 2 1 1 1 3 0 0 4 0 1 1 2 0 0 0 0 3 4 3 0 2 1 3 3 2 4 1 3 3 0 3 3 0 0 0 0 0 0 0 0 0 0 
#TS124
3 2 0 0 1 3 1 0 1 0 2 3 2 0 3 3 0 3 1 3 0 1 0 2 3 0 2 2 3 2 1 3 2 3 3 0 3 3 2 3 1 3 1 3 3 0 3 0 3 2 3 2 0 1 1 0 1 0 1 0 2 3 4 3 1 4 2 3 2 1 1 1 3 0 1 2 0 2 2 2 1 2 0 1 2 4 1 1 2 0 3 3 2 4 2 3 3 0 3 3 0 0 0 0 0 0 0 0 0 0 
3 1 0 0 1 3 0 1 1 1 1 3 2 0 3 3 0 4 1 3 0 1 0 2 2 0 2 1 3 2 1 3 2 3 3 1 4 3 2 3 0 3 2 3 2 0 2 0 2 2 3 1 0 2 0 1 1 0 1 1 1 3 3 2 1 3 3 3 2 1 0 1 3 0 1 3 0 2 2 3 1 2 0 1 3 4 0 1 2 0 3 3 2 3 2 3 3 0 3 3 0 0 0 0 0 0 0 0 0 0 
#TS125
1 1 0 0 1 3 3 0 2 1 0 3 4 3 2 4 0 0 3 3 0 1 2 1 3 0 2 1 3 2 1 3 1 1 3 1 3 0 3 3 1 2 1 1 0 1 1 1 3 1 3 1 0 3 1 1 1 0 1 3 1 3 3 2 1 1 1 0 2 1 1 3 1 0 2 3 0 2 1 3 3 3 0 1 2 4 1 0 2 1 3 3 2 3 4 3 3 0 0 3 0 0 1 0 0 0 0 0 0 0 
1 1 1 0 1 3 3 0 2 0 1 3 4 4 2 4 0 0 2 3 0 1 2 1 3 0 1 1 2 4 1 2 1 1 3 2 3 0 4 1 0 1 1 1 0 2 0 1 3 2 3 1 0 3 1 2 0 0 1 3 1 2 3 2 1 1 1 0 2 1 1 1 1 0 1 3 0 2 0 2 4 4 0 2 3 4 1 0 2 2 3 3 2 2 4 3 3 0 0 3 0 0 1 0 0 0 0 0 0 0 
#TS126
1 1 3 0 4 3 1 1 1 0 0 3 3 4 0 4 0 2 3 0 0 1 0 2 2 0 4 1 2 3 1 3 1 3 3 0 3 3 2 3 0 3 2 3 2 4 4 0 0 3 3 1 0 4 1 0 1 0 1 0 2 1 0 3 0 3 1 3 2 3 1 1 2 0 1 3 0 0 1 3 2 0 0 1 1 4 2 0 3 0 4 0 2 0 0 0 3 0 1 2 0 0 0 0 0 1 0 0 0 0 
0 1 3 1 3 3 1 1 2 0 1 3 3 3 0 3 0 2 2 0 0 1 0 2 2 0 2 1 2 2 2 3 1 3 3 0 3 3 1 2 0 3 2 4 2 4 3 0 0 4 3 1 0 4 0 1 0 0 1 0 2 2 0 2 0 3 1 4 2 3 1 1 3 0 1 3 0 0 0 3 1 0 1 1 1 4 3 0 3 0 3 0 3 0 0 0 3 0 1 3 0 0 0 0 0 1 0 0 0 0 
#TS127
3 1 0 0 1 3 1 0 0 0 2 3 2 0 3 4 0 4 1 3 0 1 0 2 3 0 2 1 1 2 1 2 3 3 3 2 3 3 2 3 1 3 2 2 2 0 2 0 2 2 3 1 0 2 1 1 1 0 1 0 2 3 3 2 1 3 2 3 2 1 1 1 3 0 1 4 1 2 1 3 1 2 0 1 3 4 1 0 2 0 3 3 2 4 2 3 3 0 3 3 0 0 0 0 0 0 0 0 0 0 
2 0 0 0 1 3 1 0 0 1 3 3 1 1 3 4 0 4 1 3 0 1 0 1 2 0 2 1 2 2 1 2 3 3 3 2 3 3 2 3 1 3 1 2 1 0 2 0 3 2 3 1 0 2 1 1 1 0 1 0 2 2 3 2 1 3 1 2 2 1 1 0 4 0 1 4 0 1 1 3 1 2 0 1 4 4 1 0 2 0 3 3 2 4 2 3 3 0 3 3 0 0 0 0 0 0 0 0 0 0 
#TS128
0 2 0 2 1 3 1 3 3 1 2 3 2 1 3 4 0 4 1 2 2 2 2 2 0 0 2 1 2 2 0 3 3 3 3 1 3 3 1 4 2 3 2 3 2 0 2 0 3 1 2 1 0 2 1 2 1 1 1 0 2 4 3 1 2 3 2 3 0 1 0 0 2 1 1 3 0 2 2 3 2 1 1 3 2 4 1 1 2 0 3 3 2 4 3 3 3 0 3 3 0 0 0 0 0 0 0 0 0 0 
3 2 0 1 2 3 1 1 2 1 2 3 2 0 3 4 0 3 1 3 0 2 1 2 1 0 2 1 2 2 1 3 2 3 3 1 3 3 2 3 1 3 1 3 2 0 2 0 3 2 2 2 0 2 1 0 0 0 1 0 2 3 3 1 2 4 2 3 1 1 0 1 3 0 1 3 0 3 2 3 1 2 0 2 3 4 1 1 2 0 3 4 2 4 2 3 3 0 3 3 0 0 0 0 0 0 0 0 0 0 
#TS129
1 1 0 0 1 3 1 0 1 1 2 3 2 0 3 3 0 4 1 3 0 2 0 1 3 0 2 1 2 3 1 3 2 4 3 1 3 4 3 3 1 3 2 3 2 0 2 0 3 2 2 1 0 2 1 1 0 0 1 0 2 3 4 2 1 2 2 3 2 1 1 1 3 0 1 3 0 2 1 2 1 1 0 1 3 4 1 1 2 0 3 3 2 4 2 3 3 0 3 2 0 0 0 0 0 0 0 0 0 0 
3 1 0 0 1 3 1 0 1 1 2 3 2 0 3 3 0 4 1 3 0 2 0 2 3 0 2 1 2 2 1 3 2 2 3 1 3 2 2 3 1 3 2 3 1 0 2 0 3 1 3 1 0 2 1 0 1 0 1 0 2 3 3 2 1 3 2 3 3 1 1 1 3 0 1 3 0 2 1 2 1 2 0 1 3 3 1 1 2 0 3 2 2 4 2 3 3 0 4 2 0 0 0 0 0 0 0 0 0 0 
#TS130
0 3 2 3 4 3 4 4 1 0 1 2 0 0 3 0 1 4 0 2 4 1 3 2 1 0 2 1 2 3 2 3 2 4 0 3 0 3 2 3 4 3 2 2 0 0 2 0 3 0 3 0 0 3 0 2 0 2 1 0 1 3 2 2 1 2 1 1 3 3 1 1 3 0 3 3 0 2 1 3 1 2 2 4 3 4 1 0 3 3 3 3 3 2 2 3 3 0 2 1 0 0 0 0 0 0 0 0 0 0 
0 3 1 4 2 3 2 3 2 0 2 4 0 0 4 0 2 4 0 3 3 1 1 2 0 0 2 1 2 2 1 2 2 3 3 2 1 3 2 1 3 3 2 3 1 0 2 0 3 2 3 1 0 2 1 2 0 0 1 0 2 3 3 2 1 2 2 2 3 3 1 1 4 0 1 3 0 2 1 3 0 1 1 4 2 4 1 0 3 3 2 3 2 4 2 3 2 0 3 3 0 0 0 0 0 0 0 0 0 0 
#TS131
0 3 3 4 4 3 1 4 3 0 2 0 1 0 3 3 0 2 1 3 3 1 2 3 0 0 2 0 0 2 0 3 4 1 0 1 0 4 2 3 3 3 2 3 3 0 3 0 3 2 3 1 0 2 0 0 0 0 4 2 2 0 3 1 1 0 4 2 1 1 1 0 3 0 1 3 0 2 1 2 4 3 3 4 3 0 0 1 2 0 3 3 2 3 4 3 3 0 3 0 0 0 0 1 0 0 0 0 0 0 
0 3 4 3 4 4 1 3 1 0 2 1 2 0 3 4 0 2 1 3 4 1 1 2 0 0 1 0 0 2 0 3 4 0 0 2 1 3 2 3 3 3 2 3 2 0 2 0 3 1 3 1 0 2 0 0 0 0 4 2 2 0 3 2 1 1 3 2 1 1 1 0 2 0 1 3 0 2 1 3 3 3 3 4 4 0 0 1 3 0 4 3 2 4 4 3 3 0 3 0 0 0 0 0 0 0 0 0 0 0 
#TS132
2 1 0 0 1 3 1 0 1 1 2 3 2 0 3 3 0 4 1 2 0 1 0 2 2 0 2 1 2 3 1 3 2 3 3 1 3 4 2 3 1 3 2 3 2 0 2 0 3 2 3 2 0 2 1 1 1 0 1 0 2 3 3 2 1 3 2 3 2 1 1 1 3 0 1 3 0 2 1 4 1 2 0 1 3 4 1 1 2 0 3 3 2 3 2 3 3 0 3 3 0 0 0 0 0 0 0 0 0 0 
3 0 0 0 1 3 1 0 1 1 2 3 1 0 3 4 0 3 1 3 0 1 0 2 3 0 2 1 2 2 1 3 2 3 3 1 3 3 2 3 1 3 2 3 2 1 2 0 3 2 3 1 0 2 1 1 1 0 1 0 2 3 3 2 1 3 2 4 2 1 1 0 3 0 1 2 0 2 1 4 1 2 0 1 3 4 1 1 2 0 3 3 2 4 2 3 2 0 3 2 0 0 0 0 0 0 0 0 0 0 
#TS133
2 1 1 0 1 3 1 1 1 0 2 0 2 1 3 4 0 2 1 3 1 1 0 2 1 0 1 0 0 2 0 3 4 1 0 2 1 2 2 3 3 2 2 3 2 0 2 0 3 1 3 1 0 2 0 1 1 0 4 3 2 0 4 2 1 0 3 2 2 1 2 1 2 0 1 4 0 1 1 2 2 3 0 3 4 0 1 1 3 0 3 3 2 4 3 3 3 0 3 0 0 0 0 1 0 0 0 0 0 0 
1 1 1 0 1 3 1 1 0 0 3 0 1 0 3 4 0 2 1 2 3 1 0 2 0 0 1 0 0 2 0 3 4 1 0 2 2 3 2 3 4 3 2 3 3 0 2 0 3 1 3 1 0 2 0 0 0 0 4 2 2 0 3 2 1 0 3 2 1 1 1 0 3 0 1 4 0 2 1 3 3 2 0 3 3 0 1 0 2 0 3 3 2 4 3 3 3 0 3 0 0 0 0 1 0 0 0 0 0 0 
#TS134
3 1 1 0 1 1 2 0 2 1 2 3 2 1 2 4 0 4 1 3 0 1 0 2 1 0 2 2 2 2 1 3 2 3 3 1 3 3 1 2 1 1 1 0 3 2 2 2 3 2 2 1 0 2 1 0 0 0 1 1 2 3 3 2 1 3 3 3 2 1 1 1 1 2 0 3 0 2 1 2 1 2 0 2 4 4 1 0 2 0 3 3 2 4 3 3 3 0 3 3 0 0 0 0 0 0 0 0 0 0 
2 1 0 0 1 2 2 0 1 1 2 3 2 0 3 4 0 4 1 3 0 1 0 2 1 0 1 2 2 2 1 3 2 3 2 0 3 3 2 3 1 3 1 1 2 1 2 0 3 2 3 3 0 2 1 0 2 0 1 0 3 3 3 2 0 3 2 4 2 1 1 1 3 2 0 3 0 2 2 2 2 2 0 3 3 4 1 1 2 0 3 3 2 4 3 3 3 0 3 3 0 0 0 0 0 0 0 0 0 0 
#TS135
3 1 0 0 3 3 1 0 1 0 2 3 3 3 1 3 0 4 2 3 0 1 0 2 2 0 3 1 2 2 1 3 1 3 3 0 4 3 2 3 1 3 3 4 2 0 4 0 0 3 3 1 0 3 1 0 1 0 1 0 2 3 0 2 0 3 1 4 2 2 1 1 4 0 1 3 0 0 1 3 1 1 0 1 4 4 1 0 2 0 4 1 2 0 2 0 3 0 1 3 0 0 0 0 0 1 0 0 0 0 
3 1 0 0 3 3 1 0 1 0 1 3 4 3 0 4 0 3 1 4 0 2 0 2 2 0 3 1 2 2 1 2 0 3 3 0 4 4 2 3 1 3 2 3 1 2 4 0 0 4 4 2 0 4 1 0 1 0 1 0 2 3 0 2 0 3 1 4 2 2 1 1 3 0 1 2 0 0 1 3 0 0 0 1 2 4 1 0 2 0 3 0 3 0 0 0 3 0 1 3 0 0 0 0 0 1 0 0 0 0 
#TS136
3 0 0 0 1 3 1 0 1 1 2 3 2 0 3 4 0 4 1 3 0 1 0 2 3 0 2 1 2 2 1 3 2 2 2 1 3 4 2 3 1 3 2 3 2 0 2 0 3 1 3 1 0 2 0 1 1 0 1 0 2 3 3 2 2 2 3 4 2 1 1 0 2 0 1 3 1 2 2 3 0 2 0 1 4 4 1 1 2 0 3 3 2 4 2 3 3 0 3 3 0 0 0 0 0 0 0 0 0 0 
1 1 0 0 1 3 1 0 1 1 2 3 2 0 3 3 0 4 1 3 0 2 0 1 3 0 2 1 2 3 1 3 2 4 3 1 3 4 3 3 1 3 2 3 2 0 2 0 3 2 2 1 0 2 1 1 0 0 1 0 2 3 4 2 1 2 2 3 2 1 1 1 3 0 1 3 0 2 1 2 1 1 0 1 3 4 1 1 2 0 3 3 2 4 2 3 3 0 3 2 0 0 0 0 0 0 0 0 0 0 
#TS137
3 1 0 0 1 3 1 0 2 1 2 3 2 0 3 3 0 3 1 3 1 1 2 2 2 1 2 1 2 2 1 3 3 3 3 3 3 3 2 3 1 3 2 3 1 1 2 0 3 2 2 1 1 0 2 1 2 1 0 0 2 3 3 1 1 3 0 2 1 1 0 0 3 0 1 4 0 2 1 3 1 1 0 2 3 4 2 0 1 0 4 3 1 4 2 3 3 0 3 3 0 0 0 0 0 0 0 0 0 0 
3 2 0 0 1 3 1 0 3 1 2 3 2 0 2 4 0 4 1 2 0 1 1 2 2 1 3 1 3 2 1 3 2 4 3 2 3 3 2 3 1 3 2 3 2 0 2 0 3 1 3 1 0 1 1 2 1 0 1 0 2 3 3 2 1 3 0 3 2 0 0 0 3 0 1 4 0 2 0 2 1 1 0 0 3 4 1 0 1 0 3 3 2 4 2 3 3 0 3 2 0 0 0 0 0 0 0 0 0 0 
#TS138
0 3 3 2 2 3 3 4 1 0 1 3 3 0 0 3 0 4 3 3 1 2 0 1 0 0 1 1 2 2 3 3 2 3 3 0 3 3 2 4 1 3 2 3 2 0 3 0 3 2 3 1 0 3 0 1 1 0 1 1 0 4 3 3 0 3 1 3 2 3 1 1 4 0 4 3 0 2 1 3 1 1 2 3 2 4 3 0 2 0 3 0 2 4 4 1 2 0 2 2 0 0 0 0 0 0 1 0 0 0 
0 3 4 3 2 3 4 4 3 0 2 3 3 0 0 3 0 4 2 3 0 1 0 2 0 0 2 1 2 2 3 3 2 3 3 0 3 3 1 4 1 3 2 3 2 0 3 0 3 2 3 1 0 3 0 1 1 0 1 1 0 4 3 3 0 4 3 3 3 3 1 1 3 0 4 3 0 2 1 2 1 3 3 3 2 4 3 0 2 0 4 0 1 4 4 1 3 0 3 3 0 0 0 0 0 0 1 0 0 0 
#TS139
3 2 0 1 2 3 1 1 2 1 2 3 2 0 3 4 0 3 1 3 0 2 1 2 1 0 2 1 2 2 1 3 2 3 3 1 3 3 2 3 1 3 1 3 2 0 2 0 3 2 2 2 0 2 1 0 0 0 1 0 2 3 3 1 2 4 2 3 1 1 0 1 3 0 1 3 0 3 2 3 1 2 0 2 3 4 1 1 2 0 3 4 2 4 2 3 3 0 3 3 0 0 0 0 0 0 0 0 0 0 
3 2 0 0 1 2 0 0 1 1 2 3 2 0 3 4 0 3 1 3 0 1 2 2 1 0 2 1 2 2 1 4 2 3 2 1 2 3 2 3 1 3 2 2 2 0 2 0 3 2 3 1 0 2 1 1 1 0 1 0 2 4 4 1 1 3 3 3 2 0 1 1 3 0 1 4 0 2 1 3 2 3 0 1 3 4 1 1 2 0 3 3 2 4 2 3 3 0 3 3 0 0 0 0 0 0 0 0 0 0 
#TS140
3 1 0 0 1 3 0 0 1 1 1 3 2 0 3 3 1 4 0 2 0 1 0 2 2 0 2 1 2 2 1 3 2 3 3 1 3 3 2 3 1 3 1 3 2 1 2 0 3 2 3 1 0 1 1 1 1 0 0 0 2 3 2 3 1 3 2 3 2 1 1 1 3 0 0 3 0 2 1 3 1 1 0 1 3 4 2 0 2 0 3 3 2 4 1 3 3 0 4 3 0 0 0 0 0 0 0 0 0 0 
3 1 0 0 1 3 1 0 1 1 2 3 2 0 3 4 0 4 1 3 0 1 0 2 2 1 2 1 2 2 1 3 2 3 3 1 3 3 2 3 1 3 2 3 2 1 1 0 3 2 3 1 0 1 1 1 1 0 1 0 2 2 2 2 1 3 2 3 2 1 1 1 3 0 1 3 0 2 1 3 1 2 0 1 3 4 2 1 1 0 4 3 2 4 1 3 3 0 3 3 0 0 0 0 0 0 0 0 0 0 
#TS141
3 1 0 0 1 3 1 0 1 1 1 3 2 0 3 4 0 4 1 4 0 1 0 2 3 0 3 1 2 2 1 2 2 3 3 2 3 3 3 3 1 3 2 3 1 1 2 0 3 2 3 1 0 2 1 1 1 0 1 0 2 3 2 3 2 3 2 3 3 1 1 1 3 0 1 3 0 2 1 2 1 1 0 1 4 4 2 0 2 0 3 3 2 4 1 3 3 0 3 3 0 0 0 0 0 0 0 0 0 0 
3 1 0 0 1 3 1 0 0 0 2 3 2 0 3 4 0 4 1 3 0 1 0 2 3 0 2 1 1 2 1 2 3 3 3 2 3 3 2 3 1 3 2 2 2 0 2 0 2 2 3 1 0 2 1 1 1 0 1 0 2 3 3 2 1 3 2 3 2 1 1 1 3 0 1 4 1 2 1 3 1 2 0 1 3 4 1 0 2 0 3 3 2 4 2 3 3 0 3 3 0 0 0 0 0 0 0 0 0 0 
#TS142
3 1 0 0 1 3 1 0 1 1 2 3 2 0 3 4 0 4 1 3 0 1 0 2 2 0 2 1 2 2 1 3 2 3 3 1 3 3 2 3 1 3 2 3 2 0 2 0 3 2 3 1 0 2 1 1 1 0 1 0 2 3 3 2 1 3 2 3 2 1 1 1 3 0 1 3 0 2 1 3 1 2 0 1 3 4 1 1 2 0 3 3 2 4 2 3 3 0 3 3 0 0 0 0 0 1 0 0 0 0 
3 1 0 0 2 3 1 0 1 0 1 3 3 2 1 4 0 4 1 2 0 1 0 2 2 0 3 1 2 2 1 3 1 3 3 1 3 4 2 3 1 3 3 3 2 0 2 0 0 2 3 1 0 3 1 0 1 0 1 0 2 3 0 3 0 3 2 4 2 1 0 1 3 0 1 3 0 0 1 3 1 2 0 1 3 4 1 1 2 0 3 1 2 2 2 1 3 0 1 3 0 0 0 0 0 1 0 0 0 0 
#TS143
0 3 4 3 4 4 1 3 1 0 2 1 2 0 3 4 0 2 1 3 4 1 1 2 0 0 1 0 0 2 0 3 4 0 0 2 1 3 2 3 3 3 2 3 2 0 2 0 3 1 3 1 0 2 0 0 0 0 4 2 2 0 3 2 1 1 3 2 1 1 1 0 2 0 1 3 0 2 1 3 3 3 3 4 4 0 0 1 3 0 4 3 2 4 4 3 3 0 3 0 0 0 0 0 0 0 0 0 0 0 
0 4 2 4 2 3 1 4 1 0 2 3 1 0 3 4 0 4 1 3 3 1 2 2 0 0 1 1 1 2 1 3 3 3 2 2 2 2 2 3 2 3 2 3 2 0 2 0 3 2 3 1 0 2 1 0 1 0 1 1 2 3 3 1 1 1 4 3 1 1 1 1 3 0 1 3 0 2 1 3 1 2 2 4 4 3 0 1 2 0 4 3 3 4 4 4 3 0 4 3 0 0 0 0 0 0 0 0 0 0 
#TS144
3 1 0 0 1 3 1 0 1 1 3 3 2 0 3 4 0 4 1 3 0 1 0 2 2 0 2 1 2 2 1 3 2 3 4 1 4 4 2 3 1 3 2 3 3 0 2 0 3 2 4 1 0 2 1 1 1 0 1 0 2 3 3 3 1 3 1 3 2 1 1 1 3 0 1 3 0 3 1 2 0 1 0 1 3 4 1 1 2 0 3 3 1 4 2 3 3 0 4 3 0 0 0 0 0 0 0 0 0 0 
3 1 0 0 1 3 1 0 1 1 2 3 2 0 3 4 1 3 1 4 0 1 0 2 2 0 2 1 2 2 1 3 2 4 4 1 3 3 2 3 1 3 2 3 2 0 2 0 3 2 3 1 0 1 1 1 1 0 1 0 2 3 3 2 1 3 2 4 2 1 1 1 3 0 1 3 0 2 1 2 1 2 0 1 2 4 2 1 2 0 3 2 2 4 2 3 2 0 3 3 0 0 0 0 0 0 0 0 0 0 
#TS145
0 4 2 4 2 3 1 4 1 0 2 3 1 0 3 4 0 4 1 3 3 1 2 2 0 0 1 1 1 2 1 3 3 3 2 2 2 2 2 3 2 3 2 3 2 0 2 0 3 2 3 1 0 2 1 0 1 0 1 1 2 3 3 1 1 1 4 3 1 1 1 1 3 0 1 3 0 2 1 3 1 2 2 4 4 3 0 1 2 0 4 3 3 4 4 4 3 0 4 3 0 0 0 0 0 0 0 0 0 0 
0 3 0 3 2 4 1 3 3 0 2 3 2 0 3 4 0 4 1 3 2 1 1 2 0 0 2 1 2 1 1 3 2 3 2 1 3 3 2 3 2 3 2 3 3 0 2 0 3 2 3 1 0 2 1 1 1 0 1 0 3 4 4 1 1 2 3 3 1 1 1 0 3 0 1 3 0 2 2 3 1 1 1 3 3 4 1 1 2 0 3 2 2 4 2 4 2 0 3 3 0 0 0 0 0 0 0 0 0 0 
#TS146
0 3 1 4 1 3 1 1 1 1 2 3 0 3 4 4 0 2 0 3 3 1 2 2 2 0 1 0 0 3 0 1 4 4 3 2 3 4 2 1 1 3 4 2 1 0 2 0 2 3 2 0 1 4 2 2 0 0 0 0 0 4 4 2 1 3 4 4 2 3 1 2 3 0 2 4 0 2 1 3 1 3 0 3 0 4 2 2 2 0 3 3 2 0 3 3 1 2 3 3 0 0 0 0 0 0 0 0 0 1 
0 2 2 4 1 3 0 1 2 1 2 3 0 3 4 4 0 2 0 3 4 0 2 2 2 0 0 0 0 3 0 1 4 3 3 2 3 3 2 1 1 3 3 2 2 0 2 0 2 3 1 0 2 3 2 2 0 1 0 1 0 3 4 1 1 3 3 4 1 3 1 1 4 0 3 3 0 1 1 3 1 2 0 4 0 4 2 3 2 1 3 3 2 0 3 3 1 1 3 3 0 0 0 0 0 0 0 0 0 1 
#TS147
3 1 0 0 1 3 1 0 1 1 2 3 2 0 3 4 1 4 0 3 0 2 0 2 2 0 2 1 2 2 1 3 2 3 3 2 3 3 2 3 2 3 2 3 2 0 2 0 3 1 3 2 1 1 1 1 2 0 0 0 3 3 3 2 1 3 1 2 2 1 1 1 3 0 1 3 0 2 1 2 1 1 0 1 3 4 2 0 3 0 3 3 2 4 1 3 3 0 3 3 0 0 0 0 0 0 0 0 0 0 
4 0 0 0 1 3 1 0 2 1 2 3 2 0 3 4 0 4 1 3 0 1 0 2 2 0 2 1 2 2 1 3 2 4 3 2 3 3 2 3 2 3 1 3 2 1 1 0 3 2 3 2 0 2 1 2 1 0 1 0 2 3 3 2 1 3 1 3 2 1 1 0 3 0 1 3 0 2 1 3 1 2 0 0 3 4 2 0 2 0 3 3 2 4 1 3 3 0 3 3 0 0 0 0 0 0 0 0 0 0 
#TS148
0 3 2 2 2 3 1 2 4 1 2 3 2 2 3 4 0 4 1 3 1 1 2 0 0 0 4 0 0 2 0 2 4 0 4 1 3 3 3 3 3 3 2 3 1 0 2 0 3 1 4 1 0 3 1 2 1 4 1 0 2 4 3 1 0 4 2 2 1 2 2 3 3 0 1 2 0 2 1 3 1 4 4 3 4 4 1 1 2 0 3 4 3 4 4 1 3 0 3 3 1 0 0 0 0 0 0 0 0 0 
0 3 4 3 2 3 1 3 3 1 2 3 2 2 3 4 0 4 1 3 1 1 1 0 0 0 3 0 0 1 0 1 4 0 3 1 3 2 3 3 3 3 3 4 2 0 2 0 3 0 3 1 0 3 1 1 1 4 1 1 2 4 2 0 0 3 3 3 0 2 3 3 3 0 1 3 0 2 2 3 1 3 3 3 3 4 1 1 3 0 3 3 3 4 4 0 3 0 3 3 1 0 0 0 0 0 0 0 0 0 
#TS149
3 1 0 0 3 3 1 0 1 0 1 3 4 3 0 4 0 3 1 4 0 2 0 2 2 0 3 1 2 2 1 2 0 3 3 0 4 4 2 3 1 3 2 3 1 2 4 0 0 4 4 2 0 4 1 0 1 0 1 0 2 3 0 2 0 3 1 4 2 2 1 1 3 0 1 2 0 0 1 3 0 0 0 1 2 4 1 0 2 0 3 0 3 0 0 0 3 0 1 3 0 0 0 0 0 1 0 0 0 0 
3 1 0 0 3 3 1 0 1 0 1 3 3 4 0 4 0 2 2 2 0 2 0 1 2 0 4 1 2 2 1 3 0 3 3 0 3 3 1 3 1 3 2 3 2 3 2 0 0 4 4 1 0 4 1 1 1 0 1 0 2 2 0 2 0 3 2 3 2 3 1 1 3 0 1 3 0 0 1 3 1 0 0 1 1 4 2 0 2 0 3 1 3 0 0 0 3 0 1 2 0 0 0 0 0 1 0 0 0 0 
#TS150
3 1 0 0 1 3 1 0 1 1 2 3 2 0 3 4 0 4 1 3 0 1 0 2 2 0 2 1 2 1 1 3 3 2 3 1 3 3 2 3 1 3 2 2 3 0 2 0 3 2 3 1 0 2 1 1 1 0 1 1 1 2 3 2 1 3 1 3 2 1 1 1 3 0 1 3 0 2 1 3 1 2 0 1 3 4 1 1 2 0 3 3 2 4 2 3 3 0 3 3 0 0 0 0 0 0 0 0 0 0 
3 1 0 0 0 3 1 0 1 1 2 4 2 0 3 4 0 4 1 3 0 1 0 2 2 0 3 1 2 2 1 3 2 3 3 1 3 3 2 3 1 3 2 3 3 0 3 0 3 2 3 1 0 2 1 1 1 0 1 0 2 3 3 2 1 4 2 3 2 1 1 1 3 0 1 3 0 2 1 3 1 2 0 1 3 4 1 1 2 0 3 3 1 4 2 3 3 0 3 2 0 0 0 0 0 0 0 0 0 0 
#TS151
3 1 0 0 3 3 1 0 1 0 1 3 3 4 0 4 0 2 2 2 0 2 0 1 2 0 4 1 2 2 1 3 0 3 3 0 3 3 1 3 1 3 2 3 2 3 2 0 0 4 4 1 0 4 1 1 1 0 1 0 2 2 0 2 0 3 2 3 2 3 1 1 3 0 1 3 0 0 1 3 1 0 0 1 1 4 2 0 2 0 3 1 3 0 0 0 3 0 1 2 0 0 0 0 0 1 0 0 0 0 
2 1 2 0 3 3 1 0 1 0 1 3 3 4 0 4 0 2 2 1 0 1 0 2 2 0 4 1 1 3 2 3 0 3 3 0 3 3 1 3 1 3 2 4 2 3 3 0 0 3 3 1 0 4 1 1 0 0 1 0 2 3 0 1 0 3 2 4 2 3 1 2 3 0 2 3 0 0 1 3 1 0 0 1 1 4 3 0 3 0 3 0 2 0 0 0 3 0 1 3 0 0 0 0 0 1 0 0 0 0 
#TS152
0 1 3 1 3 3 1 1 2 0 1 3 3 3 0 3 0 2 2 0 0 1 0 2 2 0 2 1 2 2 2 3 1 3 3 0 3 3 1 2 0 3 2 4 2 4 3 0 0 4 3 1 0 4 0 1 0 0 1 0 2 2 0 2 0 3 1 4 2 3 1 1 3 0 1 3 0 0 0 3 1 0 1 1 1 4 3 0 3 0 3 0 3 0 0 0 3 0 1 3 0 0 0 0 0 1 0 0 0 0 
0 3 3 2 4 3 1 2 3 0 1 3 3 4 0 3 0 2 2 0 0 1 0 2 3 0 3 1 2 2 1 3 0 3 2 0 3 3 2 3 1 3 2 2 2 4 4 0 0 4 3 1 0 3 1 1 1 0 1 0 2 2 0 2 0 3 1 3 2 3 1 1 3 0 1 3 0 0 0 3 1 0 1 1 0 4 2 0 4 0 3 0 2 0 0 0 3 0 1 3 0 0 0 0 0 1 0 0 0 0 
#TS153
1 1 0 0 1 2 1 0 2 1 2 3 2 0 0 4 1 4 1 3 0 4 2 3 0 0 3 1 2 2 1 4 2 3 3 1 3 0 1 4 2 2 1 2 0 3 2 2 3 0 3 1 0 2 0 1 1 0 1 3 1 2 2 2 0 3 2 3 4 0 0 1 3 0 1 3 0 0 0 3 2 0 0 0 4 4 0 3 2 2 3 4 2 2 1 3 0 0 2 2 0 0 0 0 0 0 0 0 1 0 
1 2 0 0 1 3 0 0 2 1 2 3 1 0 0 4 0 4 2 2 0 3 3 3 0 0 3 1 2 3 1 3 2 3 3 1 3 0 0 4 3 2 0 3 0 4 2 3 3 0 3 1 0 2 0 1 0 0 1 3 1 3 1 2 0 3 3 3 3 0 0 1 2 0 1 3 0 0 0 3 1 0 0 0 4 4 0 3 2 3 3 3 2 2 0 4 0 0 2 3 0 0 0 0 0 0 0 0 1 0 
#TS154
3 1 0 0 0 3 1 0 1 1 2 3 2 0 3 4 0 4 1 3 0 1 0 2 2 0 2 1 3 2 1 3 2 3 4 1 2 3 2 3 1 3 2 3 1 0 2 0 3 2 3 1 0 2 1 2 1 0 0 1 3 3 3 3 1 2 1 3 2 1 1 1 3 0 1 3 0 2 0 3 1 3 0 0 4 4 1 0 2 0 3 3 1 4 2 4 3 0 3 3 0 0 0 0 0 0 0 0 0 0 
3 1 0 0 0 3 1 0 1 1 2 3 2 0 3 4 0 4 1 3 0 2 1 2 3 0 2 1 2 2 1 3 3 2 4 1 3 3 2 3 1 3 2 3 2 0 2 0 3 2 3 1 0 2 1 1 1 0 1 0 2 4 4 2 1 3 2 3 2 1 1 1 3 0 1 3 0 2 1 3 1 2 0 1 3 4 1 0 2 0 3 3 2 3 3 3 3 0 3 3 0 0 0 0 0 0 0 0 0 0 
#TS155
2 1 2 0 1 3 3 0 0 0 2 3 1 0 2 4 0 4 0 3 0 1 4 2 0 0 3 1 2 3 2 3 2 4 0 1 1 3 2 3 4 3 2 3 0 0 2 0 3 0 4 0 0 4 1 1 0 2 2 0 1 4 2 2 1 3 2 1 3 3 1 1 3 0 3 3 0 3 1 2 1 2 0 1 3 4 1 1 3 2 3 3 2 2 2 3 3 0 2 1 0 0 0 0 1 0 0 0 0 0 
1 1 2 0 1 3 3 0 0 0 2 2 0 0 1 4 0 4 0 1 0 1 3 2 0 0 2 1 1 3 1 3 3 3 0 2 1 3 2 3 4 3 1 3 0 1 2 0 3 0 4 0 0 4 0 1 0 2 1 0 1 3 3 2 1 3 2 1 4 2 1 2 3 0 3 3 0 2 1 3 1 2 0 2 2 4 1 1 3 2 3 3 2 2 2 3 4 0 2 1 0 0 0 0 1 0 0 0 0 0 
#TS156
2 3 0 0 1 2 0 0 2 1 2 2 1 0 0 4 0 4 1 0 0 3 2 4 0 0 2 1 4 4 1 3 2 3 3 1 3 0 0 4 3 2 0 3 0 4 2 4 3 0 3 1 1 3 0 0 0 0 3 3 2 1 1 2 0 3 2 3 3 0 0 1 3 0 1 3 0 0 0 3 1 0 0 0 3 4 0 4 2 4 3 3 2 1 0 4 0 0 3 3 0 0 0 0 0 0 0 0 1 0 
2 2 0 0 1 2 0 0 2 1 2 3 1 0 0 4 1 4 1 0 0 3 3 4 0 0 3 1 4 2 1 3 2 3 3 0 3 0 0 4 4 2 0 3 0 4 2 4 3 0 3 1 0 3 0 0 0 0 2 3 1 3 0 2 0 3 4 4 3 0 0 1 3 0 1 4 0 0 0 3 1 0 0 0 4 4 0 3 2 4 2 3 2 1 0 3 0 0 2 2 0 0 0 0 0 0 0 0 1 0 
#TS157
3 1 1 0 1 3 1 0 1 1 2 3 2 0 3 4 0 3 2 3 0 2 0 1 2 0 2 1 2 2 1 3 2 4 3 1 3 4 2 3 1 3 2 3 2 0 1 0 3 2 3 1 0 2 1 1 1 0 1 0 2 3 3 1 1 3 2 3 1 1 1 0 3 0 1 3 0 2 1 2 1 1 0 1 4 4 1 0 3 0 3 3 2 4 1 3 3 0 3 3 0 0 0 0 0 0 0 0 0 0 
1 1 0 0 1 3 1 0 0 1 2 3 2 0 3 4 1 4 1 3 0 1 1 2 2 0 2 1 2 2 1 4 2 2 3 1 3 3 2 3 1 3 2 4 2 0 2 0 3 2 2 1 0 2 1 2 1 0 1 0 2 3 3 2 2 3 2 3 2 1 1 1 3 0 1 3 0 2 1 3 0 2 0 1 4 4 2 0 2 0 3 3 2 4 2 3 3 0 3 3 0 0 0 0 0 0 0 0 0 0 
#TS158
3 0 0 0 1 3 1 0 2 0 2 1 2 2 3 4 0 4 1 3 1 1 0 2 2 0 3 0 2 2 4 3 2 4 3 1 3 4 2 3 2 3 2 3 2 0 3 0 3 2 3 1 0 2 1 0 1 0 0 0 0 2 2 3 1 1 3 4 2 1 2 1 3 0 1 3 0 1 1 0 1 1 0 1 4 3 1 1 2 0 3 3 2 4 2 3 2 0 1 3 0 0 0 0 0 0 0 1 0 0 
3 0 0 0 1 3 1 0 1 0 2 1 2 4 3 4 0 4 1 3 1 1 0 2 1 0 3 1 2 2 4 3 2 3 4 1 3 3 2 3 2 4 2 4 1 0 2 0 3 2 3 1 0 2 1 1 1 0 1 0 0 1 2 2 1 0 2 4 2 1 3 1 3 0 1 3 0 1 1 0 1 1 0 1 3 3 1 1 1 0 4 3 2 4 2 4 3 0 0 3 0 0 0 0 0 0 0 1 0 0 
#TS159
2 1 0 0 1 3 1 0 0 1 2 3 2 0 3 4 0 4 1 3 0 1 0 2 2 0 1 1 2 1 2 3 2 3 3 1 3 2 2 3 1 3 1 3 2 0 2 0 3 2 3 2 1 2 1 1 1 0 0 0 2 3 2 2 1 2 1 3 2 1 1 1 3 0 1 3 0 2 1 3 1 2 0 1 4 4 1 1 3 0 3 3 2 4 2 3 3 0 3 3 0 0 0 0 0 0 0 0 0 0 
2 1 0 0 2 3 1 0 0 1 2 3 2 0 3 3 0 4 1 3 0 1 0 2 2 0 2 1 2 2 1 3 2 3 3 1 3 4 2 3 1 3 2 3 1 0 2 0 4 2 3 1 0 2 1 1 1 0 0 0 1 3 2 1 1 3 2 3 2 1 1 1 3 0 1 3 0 2 1 3 1 1 0 2 3 4 1 1 2 0 3 3 2 3 2 3 3 0 3 3 0 0 0 0 0 0 0 0 0 0 
#TS160
2 1 0 0 2 3 1 0 0 1 2 3 2 0 3 3 0 4 1 3 0 1 0 2 2 0 2 1 2 2 1 3 2 3 3 1 3 4 2 3 1 3 2 3 1 0 2 0 4 2 3 1 0 2 1 1 1 0 0 0 1 3 2 1 1 3 2 3 2 1 1 1 3 0 1 3 0 2 1 3 1 1 0 2 3 4 1 1 2 0 3 3 2 3 2 3 3 0 3 3 0 0 0 0 0 0 0 0 0 0 
3 1 0 0 1 3 1 0 1 1 3 3 2 0 3 4 0 4 1 3 0 1 0 2 2 0 2 1 2 2 1 3 2 3 4 1 4 4 2 3 1 3 2 3 3 0 2 0 3 2 4 1 0 2 1 1 1 0 1 0 2 3 3 3 1 3 1 3 2 1 1 1 3 0 1 3 0 3 1 2 0 1 0 1 3 4 1 1 2 0 3 3 1 4 2 3 3 0 4 3 0 0 0 0 0 0 0 0 0 0 
#TS161
0 1 2 0 1 3 1 0 2 1 2 3 2 2 2 4 0 4 1 3 0 1 0 0 1 0 3 0 1 4 0 3 3 0 3 1 4 3 2 3 3 3 2 3 2 0 2 0 3 1 3 2 1 2 1 1 1 3 0 0 3 4 3 2 0 3 1 4 2 1 3 4 3 0 1 2 0 2 1 3 1 3 3 3 2 4 1 1 2 0 3 3 2 4 2 1 3 0 3 3 1 0 0 0 0 0 0 0 0 0 
0 1 3 2 1 3 2 2 4 1 3 3 2 2 3 4 0 3 1 3 0 1 0 0 0 0 3 0 1 2 0 2 3 0 4 1 3 3 3 3 3 3 2 3 2 0 2 0 3 0 3 1 1 3 1 1 1 3 0 1 2 4 4 1 0 3 2 3 2 1 1 4 3 0 1 3 0 2 1 3 0 4 4 3 2 4 1 1 2 0 3 2 2 4 4 1 3 0 3 3 1 0 0 0 0 0 0 0 0 0 
#TS162
0 0 4 1 2 3 1 1 2 0 1 1 2 3 3 3 0 4 1 3 0 1 0 1 0 0 2 1 2 2 4 3 2 3 3 1 3 4 2 3 2 3 2 3 2 1 2 0 3 2 3 1 0 4 1 0 1 0 1 0 0 0 2 4 1 0 2 3 3 1 4 2 4 0 1 4 0 1 1 0 1 1 1 3 4 3 1 1 2 0 4 3 2 4 0 4 3 0 0 4 0 0 0 0 0 0 0 1 0 0 
0 0 3 2 2 3 1 2 2 0 2 1 2 3 3 4 0 4 1 2 0 2 0 1 0 0 2 1 2 2 4 3 2 2 3 1 3 3 2 3 3 3 3 3 1 2 2 0 3 2 2 1 0 3 1 1 1 0 1 0 0 0 2 3 1 0 2 3 2 1 4 2 3 0 1 3 0 1 0 0 2 1 2 4 4 2 1 1 2 1 4 3 3 4 0 3 3 0 0 3 0 0 0 0 0 0 0 0 0 0 
#TS163
2 1 2 0 3 3 1 0 1 0 1 3 3 4 0 4 0 2 2 1 0 1 0 2 2 0 4 1 1 3 2 3 0 3 3 0 3 3 1 3 1 3 2 4 2 3 3 0 0 3 3 1 0 4 1 1 0 0 1 0 2 3 0 1 0 3 2 4 2 3 1 2 3 0 2 3 0 0 1 3 1 0 0 1 1 4 3 0 3 0 3 0 2 0 0 0 3 0 1 3 0 0 0 0 0 1 0 0 0 0 
1 1 3 0 4 3 1 1 1 0 0 3 3 4 0 4 0 2 3 0 0 1 0 2 2 0 4 1 2 3 1 3 1 3 3 0 3 3 2 3 0 3 2 3 2 4 4 0 0 3 3 1 0 4 1 0 1 0 1 0 2 1 0 3 0 3 1 3 2 3 1 1 2 0 1 3 0 0 1 3 2 0 0 1 1 4 2 0 3 0 4 0 2 0 0 0 3 0 1 2 0 0 0 0 0 1 0 0 0 0 
#TS164
3 1 0 0 1 3 1 0 3 0 2 3 2 1 3 3 0 3 1 3 0 1 0 2 2 0 1 2 3 2 1 3 2 3 3 1 3 3 2 3 1 3 1 3 2 1 2 0 3 2 3 1 0 2 1 0 0 0 1 0 2 3 3 2 1 3 3 4 2 1 0 1 3 0 1 3 0 2 1 3 2 2 0 1 4 4 0 1 2 0 3 3 2 3 2 3 2 0 3 3 0 0 0 0 0 0 0 0 0 0 
2 1 0 0 0 3 1 0 0 0 2 3 2 1 3 4 0 4 1 3 0 1 0 2 2 0 2 1 2 2 1 2 2 3 4 1 3 3 2 3 1 3 2 3 2 0 2 0 3 2 3 1 0 2 1 1 1 0 1 0 2 3 3 2 1 2 2 4 2 1 1 1 3 0 1 3 0 2 1 2 1 1 0 1 3 4 0 1 3 0 3 3 2 4 2 4 3 0 3 3 0 0 0 0 0 0 0 0 0 0 
#TS165
2 1 0 0 1 3 1 0 1 1 2 3 1 0 3 4 0 4 1 3 0 1 0 2 2 0 2 1 2 2 1 3 2 4 3 1 3 3 2 3 1 3 2 3 2 0 2 0 3 2 3 1 0 2 1 1 1 0 1 0 2 3 3 2 1 2 2 3 2 1 1 1 3 0 1 3 0 2 2 2 1 2 0 1 3 4 1 1 2 0 3 3 2 4 2 3 3 0 4 3 0 0 0 0 0 0 0 0 0 0 
3 1 0 0 1 3 0 0 2 1 2 3 2 0 3 3 0 4 1 3 0 1 0 2 3 0 2 1 1 2 1 3 2 3 3 2 3 2 2 3 1 3 1 3 2 0 2 0 3 2 3 1 0 2 1 0 1 0 1 0 1 3 3 2 1 2 2 3 2 1 1 1 4 0 1 3 0 2 2 3 1 2 0 1 4 4 1 1 2 0 3 3 3 4 2 3 3 0 3 3 0 0 0 0 0 0 0 0 0 0 
#TS166
3 1 0 0 1 3 1 0 1 1 2 3 2 0 3 4 0 4 1 2 0 1 0 2 2 1 2 1 2 2 1 3 2 3 3 1 3 3 2 3 1 3 2 3 2 1 2 0 3 2 3 1 0 2 1 0 1 0 1 0 3 3 4 2 1 3 2 3 2 1 1 1 3 0 1 3 0 2 1 3 1 1 0 1 4 4 1 1 2 0 3 3 2 4 1 3 3 0 3 3 0 0 0 0 0 0 0 0 0 0 
3 1 0 0 1 3 1 0 1 1 2 3 2 0 3 4 1 4 1 3 0 1 0 2 2 0 1 1 2 2 1 3 2 3 3 1 3 3 2 3 1 3 2 3 2 1 2 0 3 2 2 1 0 2 1 1 1 0 1 0 2 3 4 2 1 2 2 3 2 1 1 1 3 0 0 3 0 2 1 3 2 1 0 0 4 4 1 1 2 0 3 3 2 4 1 3 3 0 3 3 0 0 0 0 0 0 0 0 0 0 
#TS167
2 1 1 0 1 3 1 1 0 1 2 3 2 1 3 4 0 4 1 3 0 1 1 2 2 0 1 1 2 2 1 3 3 3 3 3 3 3 2 3 1 3 2 3 2 0 2 0 3 2 3 1 0 1 1 2 1 0 1 0 2 3 3 1 1 3 1 3 2 1 1 1 3 0 1 4 0 2 1 3 1 2 0 2 3 4 2 0 2 0 3 3 2 4 1 3 3 0 3 3 0 0 0 0 0 0 0 0 0 0 
2 1 0 0 1 3 1 0 0 1 2 3 2 0 3 4 0 4 1 2 0 1 1 1 2 0 2 1 2 2 1 3 2 4 3 2 3 4 2 3 1 3 2 3 3 0 2 0 3 2 4 2 0 2 1 1 1 0 0 0 3 3 3 2 1 2 2 2 2 1 0 1 3 0 1 3 0 2 1 2 1 1 0 1 4 4 2 0 2 0 4 3 2 4 1 3 2 0 3 3 0 0 0 0 0 0 0 0 0 0 
#TS168
0 1 4 3 3 3 4 2 0 0 2 3 0 0 3 1 1 4 0 2 3 1 3 2 0 0 2 1 2 2 1 3 3 4 0 3 1 3 2 3 3 3 2 3 0 0 2 0 4 0 2 0 0 4 1 2 0 2 1 0 2 3 3 2 1 3 1 1 4 4 1 1 3 0 3 4 0 2 1 3 1 2 2 4 3 4 1 0 2 4 3 3 1 2 2 3 3 0 2 0 0 0 0 0 1 0 0 0 0 0 
0 3 2 3 4 3 4 4 1 0 1 2 0 0 3 0 1 4 0 2 4 1 3 2 1 0 2 1 2 3 2 3 2 4 0 3 0 3 2 3 4 3 2 2 0 0 2 0 3 0 3 0 0 3 0 2 0 2 1 0 1 3 2 2 1 2 1 1 3 3 1 1 3 0 3 3 0 2 1 3 1 2 2 4 3 4 1 0 3 3 3 3 3 2 2 3 3 0 2 1 0 0 0 0 0 0 0 0 0 0 
#TS169
3 1 0 0 1 3 1 0 1 1 2 3 2 0 3 4 0 4 1 3 0 1 0 2 2 0 2 1 2 2 1 3 2 3 3 1 3 3 2 3 1 3 2 3 2 0 2 0 3 2 3 1 0 2 1 1 1 0 1 0 2 3 3 2 1 3 2 3 2 1 1 1 3 0 1 3 0 2 1 3 1 2 0 1 3 4 1 1 2 0 3 3 2 4 2 3 3 0 3 3 0 0 0 0 0 0 0 0 0 1 
3 1 1 1 1 3 1 0 1 1 2 3 1 2 3 3 0 3 1 3 0 1 2 2 2 0 2 0 2 3 1 3 3 4 3 1 3 3 2 2 1 3 3 3 2 0 2 0 3 1 4 1 0 3 1 2 0 0 1 1 0 4 3 2 1 2 4 3 2 1 0 2 3 0 1 4 0 2 1 3 0 3 0 3 3 4 2 2 2 0 3 3 2 1 2 3 2 0 3 3 0 0 0 0 0 0 0 0 0 1 
#TS170
2 1 0 0 1 3 2 0 0 1 2 4 2 0 3 4 0 3 3 2 0 1 0 2 3 0 2 1 2 2 1 3 1 3 3 2 3 3 2 3 1 3 2 3 2 0 2 0 3 2 3 1 0 2 1 0 0 0 1 0 1 2 3 2 1 3 2 3 2 1 1 1 2 0 0 3 0 2 1 3 1 2 0 1 2 4 2 1 2 0 3 3 2 4 1 3 3 0 3 3 0 0 0 0 0 0 0 0 0 0 
3 1 0 0 1 3 1 0 1 1 1 3 1 0 3 3 0 3 1 3 0 1 0 2 2 0 2 2 2 2 1 4 1 3 3 1 3 3 2 3 1 3 2 3 2 0 2 0 3 2 4 1 0 2 1 0 1 0 1 0 2 3 3 2 1 3 2 3 2 1 1 1 3 0 1 2 0 1 1 2 1 2 0 1 4 4 1 0 2 0 3 3 2 4 2 3 4 0 3 3 0 0 0 0 0 0 0 0 0 0 
#TS171
0 3 0 0 2 3 1 3 2 0 1 3 2 0 4 3 0 3 2 0 0 1 0 2 3 1 2 1 2 3 1 3 1 3 3 1 3 3 1 3 1 3 2 3 2 4 3 0 3 2 3 2 0 2 1 0 1 0 0 0 3 2 1 2 0 3 2 3 2 3 1 1 2 0 1 3 0 2 1 2 1 1 0 1 2 4 1 0 2 0 3 2 2 3 0 3 3 0 3 3 0 0 0 0 0 0 0 0 0 0 
2 2 0 0 1 3 0 1 2 1 2 3 2 0 3 3 0 3 1 1 0 1 0 2 4 0 2 1 2 3 1 3 2 3 3 1 3 3 2 3 1 3 2 3 2 2 2 0 3 2 4 2 0 2 1 1 1 0 1 0 2 2 1 2 1 3 2 3 2 2 0 0 2 0 1 4 0 2 1 2 1 1 0 1 2 4 1 1 2 0 3 3 2 4 0 3 3 0 3 3 0 0 0 0 0 0 0 0 0 0 
#TS172
0 2 1 3 1 3 2 1 1 1 2 3 1 3 3 3 0 2 0 3 4 0 2 2 2 0 1 0 1 3 0 3 4 3 3 2 3 3 3 2 1 3 3 2 2 0 2 0 2 3 3 0 0 4 1 1 0 0 0 1 0 4 3 2 1 4 3 4 3 3 1 2 4 0 2 3 0 2 1 3 1 3 0 4 2 4 1 2 2 0 3 3 2 0 3 3 1 0 3 3 0 0 0 0 0 0 0 0 0 1 
1 3 2 4 1 3 1 1 1 1 2 3 0 3 4 3 0 2 0 3 4 0 3 2 2 0 1 0 1 3 1 2 3 4 3 2 3 3 2 2 1 3 4 3 2 0 2 0 2 3 3 0 1 3 1 1 0 0 0 0 0 4 3 2 1 3 3 4 2 3 0 2 4 0 1 3 0 1 1 3 1 3 0 3 1 4 2 3 1 0 3 3 2 0 3 3 2 2 3 3 0 0 0 0 0 0 0 0 0 1 
#TS173
3 1 0 0 1 3 1 0 3 1 2 3 2 0 3 4 0 4 1 1 0 1 0 2 2 0 1 1 3 1 1 3 2 3 3 1 3 3 2 3 1 4 2 3 2 0 2 0 3 2 3 1 0 2 1 1 1 0 1 0 2 3 3 2 1 3 2 3 2 1 0 1 3 0 1 3 0 2 1 3 1 1 0 1 4 4 1 1 2 0 3 3 2 4 2 3 3 0 3 3 0 0 0 0 0 0 0 0 0 0 
3 1 0 0 0 3 1 0 1 1 2 3 2 0 3 4 0 4 1 3 0 1 0 2 2 0 2 1 2 2 1 3 2 3 3 1 3 3 2 3 1 3 2 3 3 0 2 0 3 2 3 1 0 2 1 1 1 0 1 0 1 3 2 2 1 3 2 3 2 1 1 0 3 0 1 3 0 2 1 3 2 2 0 1 3 4 1 1 1 0 3 3 2 3 1 3 3 0 3 3 0 0 0 0 0 0 0 0 0 0 
#TS174
1 1 3 2 1 3 1 0 1 0 2 0 2 0 3 4 0 2 1 3 2 2 0 2 0 0 1 0 0 2 0 3 3 1 0 2 2 3 2 3 3 3 2 3 3 0 2 0 3 1 3 1 0 3 0 0 0 0 3 2 2 0 3 2 1 0 3 3 1 1 1 0 2 0 1 4 0 1 1 3 3 3 0 3 3 0 0 1 3 0 3 3 2 3 3 3 3 0 3 0 0 0 0 1 0 0 0 0 0 0 
0 2 3 2 1 3 1 1 1 0 2 0 2 0 3 3 0 2 1 3 4 1 1 2 1 0 1 0 0 2 1 3 3 1 0 2 2 4 1 3 3 3 2 3 3 0 2 0 3 2 3 1 0 2 0 1 0 0 4 2 2 0 3 2 1 0 4 2 1 0 1 1 2 0 1 3 0 2 1 3 2 3 0 4 3 0 1 1 3 0 3 3 2 4 4 4 3 0 3 0 0 0 0 1 0 0 0 0 0 0 
#TS175
1 2 2 4 1 3 1 2 1 1 2 4 0 3 4 4 1 2 0 3 4 0 2 2 2 0 0 0 0 4 0 1 3 4 3 3 3 3 1 2 1 3 4 3 1 0 2 0 1 4 1 0 2 4 2 2 0 2 0 0 0 4 3 1 1 3 3 3 1 3 0 1 4 0 2 3 0 1 1 3 1 2 0 4 0 4 3 3 1 0 3 3 2 0 4 3 1 0 3 3 0 0 0 0 0 0 0 0 0 1 
0 3 1 3 2 3 1 2 3 1 1 3 0 3 3 3 1 2 0 3 4 1 4 2 2 0 0 0 0 2 0 0 4 4 3 3 3 3 2 1 1 2 4 4 1 0 2 0 0 3 1 0 1 3 3 3 0 2 0 1 1 4 4 0 1 3 2 2 1 4 0 1 4 0 2 3 0 1 1 3 2 2 0 4 0 4 2 2 0 0 3 3 2 0 4 3 1 1 3 3 0 0 0 0 0 0 0 0 0 1 
#TS176
3 1 0 0 1 3 1 0 2 1 2 3 2 0 3 3 1 4 1 3 0 1 0 2 2 0 2 1 3 2 0 3 2 3 4 1 3 3 2 3 1 3 3 3 2 0 2 0 3 2 3 1 0 2 1 1 1 0 1 0 2 3 3 1 1 3 3 4 2 0 1 1 3 0 1 3 0 2 1 2 1 1 0 0 4 4 1 2 2 0 3 3 2 4 2 3 2 0 3 3 0 0 0 0 0 0 0 0 0 0 
3 1 0 0 1 3 1 0 3 0 2 3 2 1 3 3 0 3 1 3 0 1 0 2 2 0 1 2 3 2 1 3 2 3 3 1 3 3 2 3 1 3 1 3 2 1 2 0 3 2 3 1 0 2 1 0 0 0 1 0 2 3 3 2 1 3 3 4 2 1 0 1 3 0 1 3 0 2 1 3 2 2 0 1 4 4 0 1 2 0 3 3 2 3 2 3 2 0 3 3 0 0 0 0 0 0 0 0 0 0 
#TS177
4 2 0 0 1 1 0 0 1 1 2 2 1 0 2 4 1 4 0 1 0 1 0 4 0 0 2 1 3 3 1 3 2 3 3 1 3 2 0 3 2 2 0 1 2 3 1 3 3 1 3 1 0 2 0 3 0 0 2 0 1 2 1 2 0 3 2 4 3 2 0 0 2 0 1 3 0 1 1 3 1 0 0 0 3 4 1 1 2 3 2 3 2 3 0 3 2 1 3 3 0 0 0 0 0 0 0 0 0 0 
3 1 0 0 1 3 0 0 1 1 2 3 2 0 2 4 1 4 0 0 0 1 0 4 1 0 2 2 3 3 1 3 2 2 3 2 3 3 1 2 1 3 1 1 3 4 1 0 3 2 3 1 0 2 0 3 1 0 1 0 2 2 1 2 1 3 2 4 2 2 1 1 2 0 1 3 0 2 1 2 1 1 0 0 3 4 2 1 2 2 3 2 3 3 0 3 3 0 3 3 0 0 0 0 0 0 0 0 0 0 
#TS178
1 1 1 0 1 3 1 1 0 0 3 0 1 0 3 4 0 2 1 2 3 1 0 2 0 0 1 0 0 2 0 3 4 1 0 2 2 3 2 3 4 3 2 3 3 0 2 0 3 1 3 1 0 2 0 0 0 0 4 2 2 0 3 2 1 0 3 2 1 1 1 0 3 0 1 4 0 2 1 3 3 2 0 3 3 0 1 0 2 0 3 3 2 4 3 3 3 0 3 0 0 0 0 1 0 0 0 0 0 0 
1 1 3 2 1 3 1 0 1 0 2 0 2 0 3 4 0 2 1 3 2 2 0 2 0 0 1 0 0 2 0 3 3 1 0 2 2 3 2 3 3 3 2 3 3 0 2 0 3 1 3 1 0 3 0 0 0 0 3 2 2 0 3 2 1 0 3 3 1 1 1 0 2 0 1 4 0 1 1 3 3 3 0 3 3 0 0 1 3 0 3 3 2 3 3 3 3 0 3 0 0 0 0 1 0 0 0 0 0 0 
#TS179
2 2 0 1 1 2 1 1 2 1 2 3 2 0 3 4 0 4 1 2 0 1 0 2 1 0 1 1 2 2 1 3 2 3 3 1 3 3 1 3 1 3 2 2 2 0 2 0 3 2 3 2 0 2 1 0 1 0 1 0 2 3 4 2 1 3 2 4 2 1 1 1 3 0 1 4 1 2 1 2 1 2 0 1 3 4 0 1 2 0 3 3 2 4 2 4 3 0 3 3 0 0 0 0 0 0 0 0 0 0 
3 1 0 0 1 3 0 0 3 1 2 3 2 0 3 4 0 4 1 2 0 1 0 2 2 0 2 1 3 2 1 2 2 3 2 1 3 3 2 3 1 3 3 3 3 0 2 0 3 2 3 1 0 2 1 1 1 0 1 0 2 3 3 2 1 3 2 4 2 1 1 1 2 0 0 3 0 1 1 3 2 2 0 1 3 3 0 1 2 0 3 3 2 4 2 3 3 0 3 3 0 0 0 0 0 0 0 0 0 0 
#TS180
1 4 0 2 2 4 1 3 1 1 2 3 1 0 3 2 2 4 0 3 3 1 0 1 0 0 3 1 1 2 1 3 3 3 3 3 2 2 2 1 2 3 2 3 2 0 2 0 3 2 2 1 0 2 1 2 2 0 0 0 2 3 3 1 1 3 1 3 3 2 1 1 3 0 1 3 0 2 1 3 1 2 0 4 2 4 3 0 3 2 3 3 2 4 2 3 3 0 3 3 0 0 0 0 0 0 0 0 0 0 
2 3 0 1 1 3 1 1 2 1 2 4 1 0 3 3 2 4 0 3 1 1 0 2 1 1 2 1 2 2 1 3 2 3 3 2 3 3 2 2 1 3 2 3 1 0 1 0 3 2 2 2 1 2 2 2 2 0 0 0 3 3 3 2 1 3 1 2 2 2 1 1 3 0 1 3 0 1 1 3 1 2 0 3 3 4 3 0 4 2 3 3 1 4 2 3 3 0 3 3 0 0 0 0 0 0 0 0 0 0 
#TS181
4 1 0 0 1 3 1 0 1 1 2 3 1 0 3 3 0 4 1 3 0 1 1 2 2 0 2 1 3 3 2 3 2 4 3 1 3 3 2 3 1 3 2 3 2 0 2 0 3 2 3 1 0 3 1 1 0 0 1 1 2 4 3 2 1 3 2 4 2 1 1 1 3 0 1 3 0 2 1 3 1 2 0 0 3 4 1 1 2 0 3 4 2 4 3 3 3 0 3 3 0 0 0 0 0 0 0 0 0 0 
3 1 0 0 0 3 1 0 1 1 2 3 2 0 3 4 0 4 1 3 0 1 0 2 2 0 2 1 3 2 1 3 2 3 4 1 2 3 2 3 1 3 2 3 1 0 2 0 3 2 3 1 0 2 1 2 1 0 0 1 3 3 3 3 1 2 1 3 2 1 1 1 3 0 1 3 0 2 0 3 1 3 0 0 4 4 1 0 2 0 3 3 1 4 2 4 3 0 3 3 0 0 0 0 0 0 0 0 0 0 
#TS182
1 2 0 3 2 3 1 2 2 1 2 3 1 0 4 4 1 3 0 2 4 1 2 2 2 1 0 0 0 2 0 1 4 4 3 2 3 4 1 1 1 3 2 3 1 0 1 0 3 2 1 2 2 2 3 2 1 2 0 0 3 4 3 0 1 3 1 3 1 2 0 0 2 0 2 4 0 1 1 3 1 2 0 3 1 4 2 1 1 0 3 3 2 3 3 3 3 0 3 3 0 0 0 0 0 0 0 0 0 0 
2 2 0 2 1 3 1 1 1 1 2 3 2 0 3 3 1 4 0 3 3 1 2 2 3 0 2 1 1 2 0 2 4 3 3 3 3 4 2 3 1 3 3 3 2 1 2 0 3 2 1 2 2 1 2 2 2 1 0 0 3 4 4 1 1 3 1 3 1 1 0 0 2 0 1 3 0 2 1 3 1 1 0 3 2 4 2 0 0 0 4 3 2 3 2 3 3 0 3 3 0 0 0 0 0 0 0 0 0 0 
#TS183
3 1 0 0 1 1 4 1 1 0 2 3 2 2 0 4 1 0 1 3 2 3 3 0 0 0 1 1 2 4 1 3 4 4 3 1 3 0 1 3 1 1 2 0 3 0 2 3 3 2 3 1 0 2 0 0 1 1 1 1 0 3 3 1 1 3 3 3 2 1 0 2 0 1 2 3 0 2 0 3 1 3 0 1 4 3 1 0 2 0 4 1 3 4 3 4 3 0 1 2 0 1 0 0 0 0 0 0 0 0 
3 1 0 0 1 1 3 0 3 0 2 3 2 1 0 4 0 0 1 2 2 3 3 0 0 0 2 1 2 3 1 2 3 2 2 1 3 0 1 3 1 1 2 0 3 0 2 4 3 2 3 1 0 2 1 0 1 1 1 1 0 4 3 2 1 3 3 3 2 1 1 2 0 2 2 3 0 2 0 3 1 3 0 1 3 4 1 0 2 0 3 2 2 4 3 3 3 0 1 2 0 0 0 0 0 0 0 0 0 0 
#TS184
1 1 0 0 1 2 3 0 3 1 1 3 3 3 1 4 0 0 2 1 0 2 1 1 3 0 0 2 2 4 2 3 0 0 3 3 4 0 4 0 1 0 0 0 0 3 0 3 3 2 1 2 1 2 1 3 3 0 0 4 2 1 1 1 1 0 1 0 2 1 0 2 0 0 0 3 0 1 0 3 3 3 0 1 3 4 2 0 2 3 3 3 2 2 4 3 3 0 0 3 0 0 1 0 0 0 0 0 0 0 
1 1 0 0 2 3 3 0 2 0 0 3 4 3 1 3 0 0 4 1 0 1 2 1 3 0 1 3 2 4 1 3 0 1 3 3 4 0 3 0 0 0 1 0 0 3 0 2 3 2 0 4 3 2 3 3 3 0 0 4 3 2 2 2 1 1 0 0 2 1 1 1 0 1 0 3 0 1 1 3 3 3 0 1 1 4 2 0 2 4 3 3 3 2 4 3 3 0 0 3 0 0 1 0 0 0 0 0 0 0 
#TS185
2 3 0 1 1 3 1 1 2 1 2 4 1 0 3 3 2 4 0 3 1 1 0 2 1 1 2 1 2 2 1 3 2 3 3 2 3 3 2 2 1 3 2 3 1 0 1 0 3 2 2 2 1 2 2 2 2 0 0 0 3 3 3 2 1 3 1 2 2 2 1 1 3 0 1 3 0 1 1 3 1 2 0 3 3 4 3 0 4 2 3 3 1 4 2 3 3 0 3 3 0 0 0 0 0 0 0 0 0 0 
3 2 0 0 2 3 0 0 1 1 2 3 1 0 3 3 1 4 0 2 1 1 0 2 1 1 2 1 2 2 1 3 2 3 2 3 3 3 3 3 0 3 2 3 2 0 2 0 3 2 2 1 1 1 2 2 2 0 0 0 3 3 2 1 1 3 1 3 2 1 1 1 3 0 1 3 0 1 1 2 1 1 0 1 4 3 2 0 4 1 3 3 2 4 2 3 3 0 3 3 0 0 0 0 0 0 0 0 0 0 
#TS186
0 3 3 2 4 3 1 2 3 0 1 3 3 4 0 3 0 2 2 0 0 1 0 2 3 0 3 1 2 2 1 3 0 3 2 0 3 3 2 3 1 3 2 2 2 4 4 0 0 4 3 1 0 3 1 1 1 0 1 0 2 2 0 2 0 3 1 3 2 3 1 1 3 0 1 3 0 0 0 3 1 0 1 1 0 4 2 0 4 0 3 0 2 0 0 0 3 0 1 3 0 0 0 0 0 1 0 0 0 0 
0 2 3 1 4 3 2 3 3 0 0 4 3 3 0 4 0 2 3 0 0 1 0 2 2 0 3 1 2 3 1 3 0 3 3 0 3 3 2 3 1 3 2 4 3 4 3 0 0 4 3 1 0 4 1 0 1 0 1 0 2 2 0 3 0 3 1 4 3 3 1 1 3 0 1 2 0 0 1 3 1 0 1 1 0 4 3 0 2 0 2 0 2 0 0 0 2 0 1 3 0 0 0 0 0 1 0 0 0 0 
#TS187
3 1 0 0 1 3 1 0 1 1 2 3 2 0 3 4 0 4 1 3 0 1 0 2 2 0 2 1 2 2 1 3 2 3 3 1 3 3 2 3 1 3 2 3 2 0 2 0 3 2 3 1 0 2 1 1 1 0 1 0 2 3 3 2 1 3 2 3 2 1 1 1 3 0 1 3 0 2 1 3 1 2 0 1 3 4 1 1 2 0 3 3 2 4 2 3 3 0 3 3 0 0 0 0 1 0 0 0 0 0 
3 1 0 0 1 3 2 0 1 0 2 3 2 0 2 4 0 4 1 2 0 1 3 2 2 0 2 1 2 3 1 3 3 3 1 1 3 4 2 4 2 3 2 3 1 0 2 0 3 1 4 0 0 3 1 1 0 2 1 0 2 3 2 2 1 2 3 2 2 1 1 1 3 0 2 3 0 2 1 3 1 2 0 1 3 3 1 1 2 0 3 3 2 2 2 3 3 0 2 1 0 0 0 0 1 0 0 0 0 0 
#TS188
1 1 0 0 1 3 1 0 0 0 1 3 2 0 3 3 0 4 1 4 0 1 0 2 2 0 1 2 2 2 1 2 2 3 3 1 3 3 2 3 0 3 2 2 2 0 3 0 3 2 3 1 1 2 1 0 1 0 0 0 2 2 3 2 1 3 3 3 2 1 1 1 2 0 0 3 0 2 2 3 0 2 0 3 3 4 1 1 2 0 3 3 2 4 2 3 3 0 3 3 0 0 0 0 0 0 0 0 0 0 
3 2 0 0 1 3 1 0 1 0 2 3 2 0 3 3 0 3 1 3 0 1 0 2 3 0 2 2 3 2 1 3 2 3 3 0 3 3 2 3 1 3 1 3 3 0 3 0 3 2 3 2 0 1 1 0 1 0 1 0 2 3 4 3 1 4 2 3 2 1 1 1 3 0 1 2 0 2 2 2 1 2 0 1 2 4 1 1 2 0 3 3 2 4 2 3 3 0 3 3 0 0 0 0 0 0 0 0 0 0 
#TS189
0 0 2 0 2 3 1 0 0 0 2 0 2 2 3 3 0 4 1 3 0 1 0 1 0 0 2 1 2 2 3 3 2 3 3 1 3 4 2 3 2 3 2 3 2 1 2 0 3 2 4 1 0 3 1 0 1 0 1 0 0 1 2 3 1 0 2 4 3 1 4 2 4 0 1 3 0 1 1 0 1 1 0 3 3 2 1 1 2 0 3 3 3 4 0 3 4 0 0 3 0 0 0 0 0 0 0 1 0 0 
0 0 3 1 1 3 2 1 2 0 2 0 2 3 4 3 0 4 1 3 0 1 0 1 0 1 2 1 1 2 3 3 2 3 3 1 3 2 2 3 3 3 2 3 2 1 2 0 3 2 3 1 0 3 1 0 1 0 1 0 1 1 2 4 1 0 2 3 2 1 4 2 4 0 1 3 0 1 0 0 1 1 0 4 3 3 1 1 2 0 3 3 2 4 0 3 3 0 0 3 0 0 0 0 0 0 0 1 0 0 
#TS190
3 1 0 0 1 3 0 0 3 1 2 3 2 0 3 4 0 4 1 2 0 1 0 2 2 0 2 1 3 2 1 2 2 3 2 1 3 3 2 3 1 3 3 3 3 0 2 0 3 2 3 1 0 2 1 1 1 0 1 0 2 3 3 2 1 3 2 4 2 1 1 1 2 0 0 3 0 1 1 3 2 2 0 1 3 3 0 1 2 0 3 3 2 4 2 3 3 0 3 3 0 0 0 0 0 0 0 0 0 0 
3 1 0 0 1 3 1 0 2 1 2 3 2 0 3 3 1 4 1 3 0 1 0 2 2 0 2 1 3 2 0 3 2 3 4 1 3 3 2 3 1 3 3 3 2 0 2 0 3 2 3 1 0 2 1 1 1 0 1 0 2 3 3 1 1 3 3 4 2 0 1 1 3 0 1 3 0 2 1 2 1 1 0 0 4 4 1 2 2 0 3 3 2 4 2 3 2 0 3 3 0 0 0 0 0 0 0 0 0 0 
#TS191
0 2 1 2 2 3 2 3 3 0 2 3 2 1 3 3 0 4 1 2 0 1 0 1 0 0 2 1 2 2 1 2 2 3 3 1 3 4 3 3 3 3 2 4 1 2 2 0 3 2 3 1 0 3 1 1 1 0 1 0 1 2 2 2 1 1 2 3 2 1 3 2 3 0 1 3 0 1 1 2 1 1 2 3 3 4 1 1 2 0 3 3 2 4 0 3 3 0 2 3 0 0 0 0 0 0 0 0 0 0 
0 4 0 2 2 3 1 3 2 1 2 3 2 0 3 4 0 4 1 3 0 1 0 1 0 0 2 1 2 2 1 3 3 3 3 1 3 3 3 3 1 3 2 4 2 2 2 0 3 2 3 2 0 3 1 1 1 0 1 0 2 2 3 2 1 2 2 3 2 1 1 1 2 0 1 3 0 2 1 3 1 1 1 3 3 4 1 1 4 0 3 3 2 4 1 3 3 0 3 3 0 0 0 0 0 0 0 0 0 0 
#TS192
0 2 3 2 1 3 1 1 1 0 2 0 2 0 3 3 0 2 1 3 4 1 1 2 1 0 1 0 0 2 1 3 3 1 0 2 2 4 1 3 3 3 2 3 3 0 2 0 3 2 3 1 0 2 0 1 0 0 4 2 2 0 3 2 1 0 4 2 1 0 1 1 2 0 1 3 0 2 1 3 2 3 0 4 3 0 1 1 3 0 3 3 2 4 4 4 3 0 3 0 0 0 0 1 0 0 0 0 0 0 
0 2 4 2 2 3 2 2 1 0 2 0 2 0 4 4 0 2 1 2 4 1 1 2 1 0 1 0 0 2 1 3 3 1 0 2 1 3 2 3 4 3 2 3 3 0 2 0 3 1 3 1 0 2 0 0 0 0 4 2 1 0 3 2 1 0 3 3 1 1 1 1 2 0 1 3 0 2 1 3 2 2 2 3 3 0 0 1 2 0 3 3 2 4 4 3 3 0 3 0 0 0 0 1 0 0 0 0 0 0 
#TS193
1 0 2 0 1 3 1 0 1 0 2 0 2 3 3 3 0 4 1 2 0 1 0 2 0 1 2 1 2 3 4 3 2 3 3 1 3 4 3 3 3 3 3 3 2 1 2 0 3 2 3 2 0 4 1 0 1 0 1 0 1 1 2 3 1 0 2 3 3 1 3 2 4 0 1 3 0 1 1 0 1 1 0 3 4 2 1 1 2 0 4 3 3 4 1 3 3 0 0 3 0 0 0 0 0 0 0 1 0 0 
0 0 2 0 2 3 1 0 0 0 2 0 2 2 3 3 0 4 1 3 0 1 0 1 0 0 2 1 2 2 3 3 2 3 3 1 3 4 2 3 2 3 2 3 2 1 2 0 3 2 4 1 0 3 1 0 1 0 1 0 0 1 2 3 1 0 2 4 3 1 4 2 4 0 1 3 0 1 1 0 1 1 0 3 3 2 1 1 2 0 3 3 3 4 0 3 4 0 0 3 0 0 0 0 0 0 0 1 0 0 
#TS194
0 2 3 1 1 3 3 2 0 0 2 3 4 0 1 4 0 3 3 3 1 1 0 2 0 0 2 1 2 1 4 3 3 2 3 0 3 3 1 3 1 3 3 3 2 0 3 0 3 2 3 1 0 3 0 1 1 0 1 1 0 4 3 2 0 2 2 3 3 4 2 1 3 1 4 3 0 1 1 3 0 1 2 3 1 4 4 0 3 0 3 0 2 4 4 1 3 0 2 3 0 0 0 0 0 0 1 0 0 0 
0 3 3 2 2 3 3 4 1 0 1 3 3 0 0 3 0 4 3 3 1 2 0 1 0 0 1 1 2 2 3 3 2 3 3 0 3 3 2 4 1 3 2 3 2 0 3 0 3 2 3 1 0 3 0 1 1 0 1 1 0 4 3 3 0 3 1 3 2 3 1 1 4 0 4 3 0 2 1 3 1 1 2 3 2 4 3 0 2 0 3 0 2 4 4 1 2 0 2 2 0 0 0 0 0 0 1 0 0 0 
#TS195
3 1 1 0 1 3 1 0 1 1 1 3 2 0 2 3 0 4 1 2 0 1 0 2 3 0 3 1 2 2 1 3 1 3 3 3 3 3 2 4 1 3 2 3 3 1 2 0 3 1 3 1 0 2 1 0 1 0 1 0 2 3 3 2 1 3 1 2 3 1 1 1 3 0 1 3 0 2 1 3 1 1 0 1 4 4 2 0 2 0 3 3 1 4 1 3 3 0 3 3 0 0 0 0 0 0 0 0 0 0 
2 1 0 0 1 3 2 0 0 1 2 4 2 0 3 4 0 3 3 2 0 1 0 2 3 0 2 1 2 2 1 3 1 3 3 2 3 3 2 3 1 3 2 3 2 0 2 0 3 2 3 1 0 2 1 0 0 0 1 0 1 2 3 2 1 3 2 3 2 1 1 1 2 0 0 3 0 2 1 3 1 2 0 1 2 4 2 1 2 0 3 3 2 4 1 3 3 0 3 3 0 0 0 0 0 0 0 0 0 0 
#TS196
3 1 0 0 1 3 1 0 1 1 2 3 2 0 3 4 0 4 1 3 0 1 0 2 2 0 2 1 2 2 1 3 2 3 3 1 3 3 2 3 1 3 2 3 2 0 2 0 3 2 3 1 0 2 1 1 1 0 1 0 2 3 3 2 1 3 2 3 2 1 1 1 3 0 1 3 0 2 1 3 1 2 0 1 3 4 1 1 2 0 3 3 2 4 2 3 3 0 3 3 0 0 0 0 0 0 0 0 1 0 
1 1 0 0 1 3 1 0 2 1 2 3 2 1 1 4 1 4 1 3 0 3 3 2 2 0 2 1 2 2 1 3 2 3 3 1 3 0 2 3 3 3 2 3 0 1 2 0 3 1 3 2 1 2 0 0 1 0 1 3 2 3 2 1 0 3 2 3 2 0 0 1 3 0 1 3 0 0 0 3 1 1 0 0 3 4 0 2 2 0 4 3 2 3 2 3 1 0 2 3 0 0 0 0 0 0 0 0 1 0 
#TS197
2 0 0 0 1 3 1 0 0 1 3 3 1 1 3 4 0 4 1 3 0 1 0 1 2 0 2 1 2 2 1 2 3 3 3 2 3 3 2 3 1 3 1 2 1 0 2 0 3 2 3 1 0 2 1 1 1 0 1 0 2 2 3 2 1 3 1 2 2 1 1 0 4 0 1 4 0 1 1 3 1 2 0 1 4 4 1 0 2 0 3 3 2 4 2 3 3 0 3 3 0 0 0 0 0 0 0 0 0 0 
3 1 0 0 1 3 1 0 1 1 2 3 2 0 3 4 1 4 1 3 0 1 0 2 2 0 2 2 3 2 1 2 2 3 3 1 3 3 2 3 1 3 3 3 2 0 2 0 3 2 3 1 0 2 1 1 1 0 1 0 2 4 3 2 1 3 3 2 2 1 1 1 3 0 1 3 0 1 1 3 2 3 0 1 3 4 1 0 2 0 3 3 2 4 2 3 3 0 3 3 0 0 0 0 0 0 0 0 0 0 
#TS198
1 1 1 0 1 1 3 0 3 0 1 3 4 4 0 4 0 0 4 0 0 1 1 1 4 0 2 3 3 4 1 3 0 1 3 4 3 1 4 0 1 0 0 0 0 3 0 3 3 2 0 3 2 2 3 4 4 0 0 3 3 2 2 1 1 1 0 0 2 0 1 2 0 2 0 3 0 1 1 2 2 3 0 1 3 4 2 0 3 4 3 3 2 2 4 3 3 0 0 3 0 0 0 0 0 0 0 0 0 0 
3 1 0 0 2 2 1 1 2 0 1 4 3 2 2 4 0 1 3 0 0 1 0 2 3 2 2 4 2 4 2 3 0 3 4 2 3 2 1 1 0 1 0 0 2 2 0 2 3 2 0 3 4 0 4 4 3 0 0 0 3 2 2 2 1 2 0 1 3 0 1 1 0 2 0 4 0 1 1 3 1 2 0 1 3 4 3 0 3 3 3 3 2 4 2 3 3 0 3 3 0 0 0 0 0 0 0 0 0 0 
#TS199
0 3 3 3 2 3 3 3 1 0 1 3 2 0 2 3 0 3 1 3 0 2 0 2 1 0 2 1 2 2 1 3 2 3 3 1 3 4 1 3 1 3 3 3 2 0 3 0 3 2 3 1 0 3 0 1 0 0 2 1 1 4 3 3 0 3 2 3 2 4 2 1 3 0 1 3 0 2 1 3 1 2 2 3 2 4 2 0 2 0 2 3 2 4 3 2 3 0 3 3 0 0 0 0 0 0 0 0 0 0 
0 3 0 3 2 3 2 3 1 0 2 3 2 0 3 4 0 4 1 3 0 1 0 2 1 0 2 2 3 2 1 3 3 3 3 1 3 3 1 3 1 3 2 2 2 0 2 0 3 2 3 1 0 2 1 1 0 0 1 0 2 3 3 2 1 3 2 3 2 2 1 1 3 0 1 3 0 2 1 3 1 2 1 4 2 4 2 0 2 0 4 3 2 4 2 3 3 0 3 3 0 0 0 0 0 0 0 0 0 0 
#TS200
3 1 1 0 0 1 3 1 1 0 3 2 2 2 0 3 0 0 1 2 2 2 3 0 0 0 1 1 2 3 1 2 4 2 3 1 3 0 1 3 1 1 2 0 3 0 2 3 3 2 3 1 0 2 1 0 1 1 1 1 0 3 3 2 1 3 2 3 1 1 1 2 0 0 2 2 0 2 0 3 1 3 0 1 3 3 1 0 2 0 4 1 4 4 3 3 3 0 1 2 0 1 0 0 0 0 0 0 0 0 
2 1 0 0 0 2 4 1 1 0 2 2 2 1 0 3 0 0 1 3 2 3 3 0 0 0 1 1 2 3 0 3 3 3 3 1 3 0 1 3 2 1 2 0 3 0 2 4 3 2 3 1 0 2 1 0 0 1 1 1 0 4 3 2 1 3 2 3 2 1 1 2 0 1 2 3 0 2 0 3 1 3 0 1 3 3 1 0 2 0 4 2 2 4 3 3 3 0 1 2 0 1 0 0 0 0 0 0 0 0 
#TS201
3 0 0 0 0 3 1 0 1 1 2 3 2 1 3 4 0 4 1 3 0 1 0 2 2 0 3 1 2 2 1 3 2 3 3 2 3 3 2 3 1 3 2 3 3 0 2 0 3 1 3 1 0 1 1 1 1 0 1 0 2 3 3 2 1 3 1 3 2 1 1 1 2 0 1 3 0 2 1 3 1 1 0 1 3 4 2 0 1 0 3 3 2 4 2 3 3 0 3 3 0 0 0 0 0 0 0 0 0 0 
2 1 1 0 1 3 1 1 0 1 2 3 2 1 3 4 0 4 1 3 0 1 1 2 2 0 1 1 2 2 1 3 3 3 3 3 3 3 2 3 1 3 2 3 2 0 2 0 3 2 3 1 0 1 1 2 1 0 1 0 2 3 3 1 1 3 1 3 2 1 1 1 3 0 1 4 0 2 1 3 1 2 0 2 3 4 2 0 2 0 3 3 2 4 1 3 3 0 3 3 0 0 0 0 0 0 0 0 0 0 
