#TS1
2 1 0 1 3 3 1 0 1 0 0 0 1 0 0 
1 0 0 1 3 3 2 0 1 0 0 0 0 0 0 
#TS2
2 1 4 1 3 3 1 3 3 3 0 0 0 0 0 
2 0 4 1 3 3 1 4 3 4 0 0 0 0 0 
#TS3
1 1 3 0 3 3 3 0 2 0 0 0 1 0 0 
1 0 3 0 3 3 2 0 3 1 0 0 1 0 0 
#TS4
1 0 4 0 1 3 1 4 3 4 0 1 0 0 0 
1 1 4 0 0 3 1 4 3 3 0 1 0 0 0 
#TS5
1 1 2 1 3 3 4 4 3 4 1 0 0 0 0 
1 2 2 1 3 3 3 4 3 3 1 0 0 0 0 
#TS6
2 2 0 0 3 3 1 0 2 0 0 0 1 0 0 
1 1 0 1 3 2 1 0 1 0 0 0 1 0 0 
#TS7
0 2 3 0 3 3 1 3 2 3 0 0 0 0 1 
0 3 2 0 3 4 2 3 3 3 0 0 0 0 1 
#TS8
2 1 1 0 0 2 1 4 3 4 0 0 0 0 0 
2 1 3 1 3 2 1 4 2 3 0 0 0 0 0 
#TS9
1 3 1 0 0 3 1 4 3 4 0 1 0 0 0 
2 2 1 0 0 3 1 4 2 4 0 1 0 0 0 
#TS10
4 0 3 1 3 3 1 4 3 4 0 0 0 0 0 
2 0 3 2 3 3 1 4 3 2 0 0 0 0 0 
#TS11
2 0 4 1 4 3 1 3 3 3 0 0 0 0 0 
2 0 4 1 2 2 1 4 3 3 0 0 0 0 0 
#TS12
2 2 1 0 0 3 1 4 2 4 0 1 0 0 0 
2 1 1 0 0 2 1 4 3 4 0 0 0 0 0 
#TS13
1 0 3 0 3 3 2 0 3 1 0 0 1 0 0 
0 1 2 0 4 2 2 0 3 0 0 0 1 0 0 
#TS14
2 0 4 1 4 3 2 4 3 3 0 0 0 0 0 
2 0 3 1 3 3 1 4 3 3 0 0 0 0 0 
#TS15
2 0 4 0 3 3 1 4 3 3 0 0 0 0 0 
4 0 4 1 3 3 1 4 3 3 0 0 0 0 0 
#TS16
4 0 2 1 3 2 0 0 3 3 0 0 0 1 0 
3 0 2 1 2 2 0 0 3 2 0 0 0 1 0 
#TS17
1 1 4 0 3 3 2 4 3 3 0 0 0 0 1 
0 2 3 0 3 3 1 3 2 3 0 0 0 0 1 
#TS18
2 0 4 1 3 3 1 4 3 2 0 0 0 0 0 
2 0 4 0 3 3 1 4 3 3 0 0 0 0 0 
#TS19
2 0 4 1 3 3 1 4 3 3 0 0 0 0 1 
1 0 4 0 3 2 1 4 3 3 0 0 0 0 1 
#TS20
1 1 0 1 3 2 1 0 1 0 0 0 1 0 0 
2 1 0 1 3 3 1 0 1 0 0 0 1 0 0 
#TS21
0 2 4 0 0 3 1 4 3 3 0 1 0 0 0 
0 3 2 0 1 3 2 4 2 3 0 1 0 0 0 
#TS22
1 1 4 0 0 3 1 4 3 3 0 1 0 0 0 
0 2 4 0 0 3 1 4 3 3 0 1 0 0 0 
#TS23
0 2 0 0 4 3 1 0 1 0 0 0 1 0 0 
2 2 0 0 3 3 1 0 2 0 0 0 1 0 0 
#TS24
2 0 4 1 3 3 1 4 3 3 1 0 0 0 0 
2 0 4 1 3 3 3 3 3 4 1 0 0 0 0 
#TS25
2 0 4 1 3 3 3 3 3 4 1 0 0 0 0 
1 0 4 1 3 3 4 3 3 2 1 0 0 0 0 
#TS26
4 0 1 1 2 3 0 0 3 3 0 0 0 1 0 
4 0 2 1 3 2 0 0 3 3 0 0 0 1 0 
#TS27
2 0 4 1 3 3 1 0 3 3 0 0 0 1 0 
2 0 2 1 2 3 0 0 3 3 0 0 0 1 0 
#TS28
2 0 4 0 2 3 1 4 3 3 0 1 0 0 0 
2 0 4 0 1 3 1 4 3 4 0 1 0 0 0 
#TS29
0 3 1 0 3 3 1 4 1 3 0 0 0 0 0 
1 2 1 1 3 3 1 4 1 4 0 0 0 0 0 
#TS30
2 0 4 1 3 3 1 4 4 4 0 0 0 0 0 
2 0 4 1 3 3 1 4 3 3 0 0 0 0 0 
#TS31
2 0 3 1 3 4 1 1 3 3 0 0 0 1 0 
2 0 4 1 3 3 1 0 3 3 0 0 0 1 0 
#TS32
2 0 4 0 3 2 2 1 3 1 0 0 1 0 0 
1 1 3 0 3 3 3 0 2 0 0 0 1 0 0 
#TS33
2 1 3 1 3 2 1 4 2 3 0 0 0 0 0 
2 0 3 1 3 3 1 4 3 3 0 0 0 0 0 
#TS34
4 0 1 1 2 2 0 0 3 4 0 0 0 0 0 
4 0 2 1 3 2 0 3 3 3 0 0 0 0 0 
#TS35
2 0 4 1 2 2 1 4 3 3 0 0 0 0 0 
2 1 3 1 3 3 1 4 3 3 0 0 0 0 0 
#TS36
1 0 4 1 3 3 4 3 3 2 1 0 0 0 0 
1 0 4 1 3 3 3 4 3 2 1 0 0 0 0 
#TS37
1 2 1 1 3 3 1 4 1 4 0 0 0 0 0 
2 2 1 1 3 3 1 4 2 4 0 0 0 0 0 
#TS38
0 4 1 0 3 3 1 4 2 4 0 0 0 0 1 
0 3 2 0 3 3 1 4 1 3 0 0 0 0 1 
#TS39
1 2 2 1 3 3 3 4 3 3 1 0 0 0 0 
1 2 2 1 3 3 4 4 2 3 1 0 0 0 0 
#TS40
1 1 4 1 3 2 3 4 3 3 1 0 0 0 0 
1 2 4 1 3 3 3 4 3 3 1 0 0 0 0 
#TS41
2 0 4 1 3 3 1 4 3 3 0 0 0 1 0 
2 0 3 1 3 4 1 1 3 3 0 0 0 1 0 
#TS42
1 2 4 1 3 3 3 4 3 3 1 0 0 0 0 
1 1 2 1 3 3 4 4 3 4 1 0 0 0 0 
#TS43
2 1 4 1 3 3 1 4 3 3 0 0 0 0 0 
2 0 4 1 3 3 1 4 3 4 0 0 0 0 0 
#TS44
2 0 4 1 3 3 1 4 3 3 0 0 1 0 0 
2 0 4 0 3 2 2 1 3 1 0 0 1 0 0 
#TS45
0 3 2 0 3 3 1 4 1 3 0 0 0 0 1 
0 3 1 0 3 3 1 4 1 3 0 0 0 0 0 
#TS46
1 0 4 0 3 3 1 4 3 3 0 0 0 0 1 
1 1 4 0 3 3 2 4 3 3 0 0 0 0 1 
#TS47
1 1 2 2 4 4 1 4 2 4 0 0 0 0 0 
2 1 2 1 3 3 1 4 3 3 0 0 0 0 0 
#TS48
2 0 4 1 3 3 1 4 3 3 0 1 0 0 0 
2 0 4 0 2 3 1 4 3 3 0 1 0 0 0 
#TS49
0 2 2 1 3 3 4 4 3 3 0 0 0 0 0 
1 2 2 1 3 2 2 4 3 3 0 0 0 0 0 
#TS50
2 0 1 1 2 2 0 0 3 3 0 0 0 1 0 
4 0 1 1 2 3 0 0 3 3 0 0 0 1 0 
#TS51
1 1 0 2 3 3 0 4 3 2 0 0 0 0 0 
2 1 3 2 3 3 1 4 3 4 0 0 0 0 0 
#TS52
2 1 3 1 3 3 1 4 3 3 0 0 0 0 0 
2 1 4 1 3 3 2 4 3 2 0 0 0 0 0 
#TS53
2 0 4 1 3 3 2 4 3 3 0 0 0 0 0 
2 0 4 1 3 3 1 4 3 3 0 0 0 0 0 
#TS54
3 0 2 1 2 2 0 0 3 2 0 0 0 1 0 
2 0 2 1 3 2 0 0 3 3 0 0 0 1 0 
#TS55
2 1 4 1 3 3 2 4 3 2 0 0 0 0 0 
2 0 4 1 3 3 2 4 3 3 0 0 0 0 0 
#TS56
3 0 2 1 2 3 0 0 3 4 0 0 0 1 0 
2 0 1 1 2 2 0 0 3 3 0 0 0 1 0 
#TS57
1 2 2 1 3 3 4 4 2 3 1 0 0 0 0 
1 1 2 1 3 3 4 4 2 3 1 0 0 0 0 
#TS58
2 0 2 2 3 3 1 4 3 4 0 0 0 0 0 
2 0 2 1 3 3 1 4 3 3 0 0 0 0 0 
#TS59
3 0 4 1 3 2 1 4 3 3 0 0 0 0 0 
2 0 4 1 4 3 1 3 3 3 0 0 0 0 0 
#TS60
2 0 2 2 3 4 1 4 3 3 0 0 0 0 0 
3 0 4 1 3 3 1 4 4 3 0 0 0 0 0 
#TS61
2 0 4 0 3 2 1 4 3 3 0 0 0 0 0 
2 0 4 1 3 3 1 4 3 4 0 0 0 0 0 
#TS62
0 2 2 0 0 3 1 4 2 4 0 1 0 0 0 
1 3 1 0 0 3 1 4 3 4 0 1 0 0 0 
#TS63
0 3 2 0 3 4 1 4 3 4 0 0 0 0 1 
0 4 1 0 3 3 1 4 2 4 0 0 0 0 1 
#TS64
2 1 3 2 3 3 1 4 3 4 0 0 0 0 0 
2 0 2 2 3 4 1 4 3 3 0 0 0 0 0 
#TS65
2 0 3 1 3 3 2 4 3 4 0 0 0 0 0 
2 1 4 1 3 3 1 4 3 3 0 0 0 0 0 
#TS66
0 2 1 0 3 3 2 0 2 1 0 0 1 0 0 
0 2 0 0 4 3 1 0 1 0 0 0 1 0 0 
#TS67
2 0 2 1 3 3 1 3 3 3 0 0 0 0 0 
2 0 2 1 3 3 1 4 3 3 0 0 0 0 0 
#TS68
2 0 4 0 4 3 1 4 3 4 0 0 0 0 0 
2 1 4 1 3 3 1 4 3 4 0 0 0 0 0 
#TS69
4 0 2 1 3 2 0 3 3 3 0 0 0 0 0 
4 0 3 1 3 3 1 4 3 4 0 0 0 0 0 
#TS70
0 3 2 0 1 3 2 4 2 3 0 1 0 0 0 
0 2 2 0 0 3 1 4 2 4 0 1 0 0 0 
#TS71
1 2 2 1 3 2 2 4 3 3 0 0 0 0 0 
1 1 2 2 4 4 1 4 2 4 0 0 0 0 0 
#TS72
3 0 4 1 3 3 1 4 4 3 0 0 0 0 0 
2 0 4 1 3 3 1 4 3 3 0 0 0 0 0 
#TS73
2 1 2 1 3 3 1 4 3 3 0 0 0 0 0 
2 0 2 1 3 3 1 3 3 3 0 0 0 0 0 
#TS74
1 0 0 1 3 3 2 0 1 0 0 0 0 0 0 
1 1 0 2 3 3 0 4 3 2 0 0 0 0 0 
#TS75
0 3 2 0 3 3 1 3 3 3 0 0 0 0 1 
0 3 2 0 3 4 1 4 3 4 0 0 0 0 1 
#TS76
2 0 2 1 3 2 0 0 3 3 0 0 0 1 0 
4 0 1 1 2 2 0 0 3 4 0 0 0 0 0 
#TS77
2 0 4 1 3 2 1 3 3 3 0 0 0 0 0 
2 1 4 1 3 3 1 3 3 3 0 0 0 0 0 
#TS78
0 1 2 0 4 2 2 0 3 0 0 0 1 0 0 
0 2 1 0 3 3 2 0 2 1 0 0 1 0 0 
#TS79
2 2 1 1 3 3 1 4 2 4 0 0 0 0 0 
2 0 2 2 3 3 1 4 3 4 0 0 0 0 0 
#TS80
2 0 3 2 3 3 1 4 3 2 0 0 0 0 0 
2 0 4 1 3 3 1 4 4 4 0 0 0 0 0 
#TS81
1 1 2 1 3 3 4 4 2 3 1 0 0 0 0 
0 2 2 1 3 3 4 4 3 3 0 0 0 0 0 
#TS82
2 1 4 1 3 3 1 4 3 4 0 0 0 0 0 
2 0 4 1 3 3 1 4 3 3 0 0 0 0 0 
#TS83
1 0 4 1 3 3 3 4 3 2 1 0 0 0 0 
1 1 4 1 3 2 3 4 3 3 1 0 0 0 0 
#TS84
2 0 2 1 2 3 0 0 3 3 0 0 0 1 0 
3 0 2 1 2 3 0 0 3 4 0 0 0 1 0 
#TS85
2 0 4 0 1 3 1 4 3 4 0 1 0 0 0 
1 0 4 0 1 3 1 4 3 4 0 1 0 0 0 
#TS86
1 0 4 0 3 2 1 4 3 3 0 0 0 0 1 
1 0 4 0 3 3 1 4 3 3 0 0 0 0 1 
#TS87
0 3 2 0 3 4 2 3 3 3 0 0 0 0 1 
0 3 2 0 3 3 1 3 3 3 0 0 0 0 1 
