#TS1
3 3 2 3 0 2 3 1 3 4 0 0 0 0 0 
3 1 3 3 0 2 4 0 3 4 0 0 0 0 0 
#TS2
3 0 4 4 0 3 1 3 3 4 0 0 0 0 0 
3 0 3 4 0 3 0 3 3 4 0 0 0 0 0 
#TS3
3 3 2 3 0 3 2 1 3 4 0 0 0 1 0 
0 4 3 3 0 2 3 1 3 4 0 0 0 1 0 
#TS4
3 1 2 3 0 0 1 3 3 1 1 0 0 0 0 
3 2 1 3 0 0 0 3 3 1 1 0 0 0 0 
#TS5
3 3 3 3 0 0 0 1 0 4 0 0 0 0 0 
3 2 3 3 0 2 0 2 2 4 0 0 0 0 0 
#TS6
3 2 2 3 0 0 0 3 3 1 1 0 0 0 0 
3 2 1 3 0 0 0 2 3 2 0 0 0 0 0 
#TS7
3 2 2 1 0 2 4 0 0 3 0 1 0 0 0 
2 2 1 1 0 2 3 1 0 4 0 1 0 0 0 
#TS8
3 2 1 3 0 0 0 3 3 1 1 0 0 0 0 
3 2 2 4 0 0 0 3 3 1 1 0 0 0 0 
#TS9
1 0 2 4 0 3 1 3 3 3 0 0 0 0 0 
3 0 4 4 0 3 1 3 3 4 0 0 0 0 0 
#TS10
3 0 3 3 0 3 1 3 3 3 0 0 0 0 0 
3 0 2 4 0 3 0 3 3 4 0 0 0 0 0 
#TS11
4 2 2 3 0 3 0 3 3 0 0 0 1 0 0 
3 3 3 3 0 4 2 2 2 0 0 0 1 0 0 
#TS12
3 0 2 3 0 3 0 3 4 4 0 0 0 0 0 
3 1 1 4 0 3 1 3 3 4 0 0 0 0 0 
#TS13
3 0 3 3 0 3 1 3 3 4 0 0 0 0 0 
3 0 3 3 0 4 0 3 3 4 0 0 0 0 0 
#TS14
2 2 1 1 0 2 3 1 0 4 0 1 0 0 0 
3 3 2 0 1 2 4 1 0 4 0 1 0 0 0 
#TS15
3 0 2 3 0 3 0 3 3 4 0 0 0 1 0 
3 3 3 3 0 4 1 2 3 3 0 0 0 1 0 
#TS16
3 0 2 3 0 3 0 3 3 4 1 0 0 0 0 
3 1 2 3 0 1 0 3 3 2 1 0 0 0 0 
#TS17
3 4 2 3 0 2 3 0 3 4 0 0 0 1 0 
3 3 2 3 0 2 3 1 3 4 0 0 0 0 0 
#TS18
3 2 2 4 0 0 0 3 3 1 1 0 0 0 0 
3 1 1 3 0 0 0 2 3 1 1 0 0 0 0 
#TS19
3 4 2 4 0 3 3 0 3 4 0 0 0 1 0 
3 3 2 3 0 2 3 0 3 4 0 0 0 1 0 
#TS20
3 1 2 3 1 0 0 3 0 4 0 0 0 0 1 
3 2 3 3 0 0 0 2 0 4 0 0 0 0 1 
#TS21
3 0 2 3 0 4 1 3 3 4 0 0 0 0 0 
3 0 3 3 0 3 1 3 3 3 0 0 0 0 0 
#TS22
3 1 2 4 0 3 0 4 3 4 0 0 0 0 0 
3 0 1 4 0 3 1 2 3 4 0 0 0 0 0 
#TS23
3 1 3 3 0 2 4 0 3 4 0 0 0 0 0 
3 0 3 3 0 2 3 1 3 4 0 0 0 0 0 
#TS24
0 0 2 3 0 1 2 2 3 4 0 0 0 0 0 
2 0 3 4 0 2 1 3 3 4 0 0 0 0 0 
#TS25
0 4 2 3 0 2 4 0 3 4 0 0 0 1 0 
3 4 1 3 0 2 4 0 3 4 0 0 0 1 0 
#TS26
2 0 3 3 0 3 1 3 3 4 0 0 0 0 0 
1 0 2 4 0 3 1 3 3 3 0 0 0 0 0 
#TS27
3 0 3 3 0 4 0 3 3 4 0 0 0 0 0 
3 0 2 3 0 3 0 4 3 3 0 0 0 0 0 
#TS28
3 0 3 4 0 3 0 3 3 4 0 0 0 0 0 
3 0 2 3 0 3 0 3 3 4 0 0 0 0 0 
#TS29
4 0 2 4 0 3 0 2 3 4 0 0 0 0 0 
3 0 3 3 0 4 1 2 3 4 0 0 0 0 0 
#TS30
3 2 1 3 0 0 0 2 4 1 1 0 0 0 0 
3 3 3 3 0 0 0 3 3 1 1 0 0 0 0 
#TS31
1 4 1 3 0 3 3 0 2 0 0 0 1 0 0 
3 4 0 3 0 2 3 0 3 0 0 0 1 0 0 
#TS32
3 3 3 3 0 0 0 3 3 1 1 0 0 0 0 
3 2 2 3 0 0 0 3 3 1 1 0 0 0 0 
#TS33
2 2 2 3 1 0 0 1 0 4 0 0 0 0 1 
3 3 3 3 0 0 0 0 0 4 0 0 0 0 1 
#TS34
3 3 2 3 0 0 0 2 1 4 0 0 0 0 1 
3 3 3 3 0 0 0 1 0 4 0 0 0 0 0 
#TS35
3 0 2 4 0 3 0 3 3 4 0 0 0 0 0 
3 0 3 3 0 3 0 3 3 4 0 0 0 0 0 
#TS36
2 0 3 4 0 2 1 3 3 4 0 0 0 0 0 
3 0 2 3 0 3 0 4 3 4 0 0 0 0 0 
#TS37
2 0 2 2 0 3 0 3 3 4 0 0 0 0 0 
4 0 2 4 0 3 0 2 3 4 0 0 0 0 0 
#TS38
3 1 1 3 0 2 0 2 3 4 0 0 0 0 0 
3 0 2 3 0 3 1 3 3 4 0 0 0 0 0 
#TS39
3 4 3 3 0 0 0 1 0 4 0 0 0 0 1 
2 2 2 3 1 0 0 1 0 4 0 0 0 0 1 
#TS40
0 0 3 3 0 1 1 3 3 3 0 0 0 0 0 
2 0 2 2 0 3 0 3 3 4 0 0 0 0 0 
#TS41
3 3 3 3 0 0 0 0 0 4 0 0 0 0 1 
3 3 2 3 0 0 0 2 1 4 0 0 0 0 1 
#TS42
2 4 3 0 1 2 2 0 0 4 0 1 0 0 0 
3 2 2 1 0 2 4 0 0 3 0 1 0 0 0 
#TS43
3 0 2 3 0 3 0 4 3 4 0 0 0 0 0 
3 1 2 4 0 3 0 4 3 4 0 0 0 0 0 
#TS44
3 0 2 3 0 3 0 3 3 4 0 0 0 0 1 
3 0 2 3 1 1 0 4 0 4 0 0 0 0 1 
#TS45
4 1 2 3 0 3 0 2 3 4 0 0 0 0 0 
3 0 2 3 0 3 0 2 3 4 0 0 0 0 0 
#TS46
3 2 3 3 0 0 0 2 0 4 0 0 0 0 1 
3 3 2 3 1 0 0 1 0 4 0 0 0 0 1 
#TS47
3 1 1 4 0 3 1 3 3 4 0 0 0 0 0 
3 0 2 3 0 3 1 3 3 4 0 0 0 0 0 
#TS48
2 4 2 0 4 2 3 1 0 4 0 0 0 0 0 
3 2 4 2 0 2 3 0 3 4 0 0 0 0 0 
#TS49
3 3 2 0 1 2 4 1 0 4 0 1 0 0 0 
1 3 1 1 0 2 3 1 0 4 0 1 0 0 0 
#TS50
3 0 2 3 0 2 0 3 3 4 0 0 0 0 0 
1 0 1 3 0 3 0 4 3 4 0 0 0 0 0 
#TS51
3 2 1 1 3 3 1 4 0 4 0 1 0 0 0 
3 3 2 1 1 3 1 2 0 4 0 1 0 0 0 
#TS52
3 4 2 3 0 2 3 0 2 0 0 0 1 0 0 
3 3 0 3 0 2 3 0 3 0 0 0 1 0 0 
#TS53
3 0 1 3 1 0 1 3 3 1 1 0 0 0 0 
3 1 2 3 0 0 1 3 3 1 1 0 0 0 0 
#TS54
1 0 2 3 0 2 1 2 3 4 0 0 0 0 0 
3 0 1 2 0 3 0 2 3 4 0 0 0 0 0 
#TS55
3 1 2 3 0 1 0 3 3 2 1 0 0 0 0 
3 0 1 3 1 0 1 3 3 1 1 0 0 0 0 
#TS56
1 3 1 1 0 2 3 1 0 4 0 1 0 0 0 
2 4 2 0 4 2 3 1 0 4 0 0 0 0 0 
#TS57
3 3 2 1 1 3 1 2 0 4 0 1 0 0 0 
2 4 3 0 1 2 2 0 0 4 0 1 0 0 0 
#TS58
3 3 2 3 0 2 3 0 3 4 0 0 0 1 0 
3 4 2 3 0 2 3 0 3 4 0 0 0 1 0 
#TS59
1 0 1 3 0 2 2 1 3 4 0 0 0 0 0 
0 0 2 3 0 1 2 2 3 4 0 0 0 0 0 
#TS60
3 0 2 3 0 3 0 3 3 4 0 1 0 0 0 
3 0 2 2 0 3 0 3 0 4 0 1 0 0 0 
#TS61
3 4 1 3 0 2 4 0 3 0 0 0 1 0 0 
3 3 1 3 0 3 4 0 3 0 0 0 0 0 0 
#TS62
3 2 4 2 0 2 3 0 3 4 0 0 0 0 0 
0 1 3 3 0 2 3 2 3 4 0 0 0 0 0 
#TS63
3 0 3 4 0 1 2 3 4 4 0 0 0 0 0 
0 0 3 3 0 1 1 3 3 3 0 0 0 0 0 
#TS64
3 1 2 3 0 0 0 3 0 3 0 0 0 0 1 
3 1 2 3 1 0 0 3 0 4 0 0 0 0 1 
#TS65
3 0 2 3 0 3 0 3 3 4 0 0 1 0 0 
4 2 2 3 0 3 0 3 3 0 0 0 1 0 0 
#TS66
3 4 1 3 0 2 4 0 3 4 0 0 0 1 0 
3 4 2 4 0 3 3 0 3 4 0 0 0 1 0 
#TS67
3 3 2 3 1 0 0 1 0 4 0 0 0 0 1 
3 4 3 3 0 0 0 1 0 4 0 0 0 0 1 
#TS68
3 3 0 3 0 2 3 0 3 0 0 0 1 0 0 
3 4 0 3 0 2 3 0 3 0 0 0 1 0 0 
#TS69
3 0 3 3 0 2 3 1 3 4 0 0 0 0 0 
3 0 3 4 0 1 2 3 4 4 0 0 0 0 0 
#TS70
0 1 3 3 0 2 3 2 3 4 0 0 0 0 0 
1 0 1 3 0 2 2 1 3 4 0 0 0 0 0 
#TS71
2 0 1 3 0 2 2 3 3 4 0 0 0 0 0 
1 0 2 3 0 2 1 2 3 4 0 0 0 0 0 
#TS72
3 0 1 4 0 3 1 2 3 4 0 0 0 0 0 
3 0 2 3 0 3 0 3 3 4 0 0 0 0 0 
#TS73
3 0 3 3 0 4 1 2 3 4 0 0 0 0 0 
3 0 2 3 0 3 0 3 3 4 0 0 0 0 0 
#TS74
0 4 3 3 0 2 3 1 3 4 0 0 0 1 0 
0 4 2 3 0 2 4 0 3 4 0 0 0 1 0 
#TS75
3 0 1 2 0 3 0 2 3 4 0 0 0 0 0 
3 0 2 3 0 3 0 3 3 4 0 0 0 0 0 
#TS76
3 4 1 3 0 3 2 1 3 0 0 0 1 0 0 
1 4 1 3 0 3 3 0 2 0 0 0 1 0 0 
#TS77
0 0 3 3 0 2 1 3 3 4 0 0 0 0 0 
3 0 2 3 0 3 0 3 3 4 0 0 0 0 0 
#TS78
3 3 3 3 0 4 1 2 3 3 0 0 0 1 0 
3 3 2 3 0 3 1 1 3 4 0 0 0 1 0 
#TS79
3 2 1 3 0 0 0 2 3 2 0 0 0 0 0 
3 1 1 3 0 2 0 2 3 4 0 0 0 0 0 
#TS80
3 0 2 3 1 1 0 4 0 4 0 0 0 0 1 
3 1 2 3 0 0 0 3 0 3 0 0 0 0 1 
#TS81
3 3 3 3 0 4 2 2 2 0 0 0 1 0 0 
3 4 1 3 0 3 2 1 3 0 0 0 1 0 0 
#TS82
3 0 2 2 0 3 0 3 0 4 0 1 0 0 0 
3 0 1 1 2 3 0 3 0 4 0 1 0 0 0 
#TS83
3 0 0 3 0 2 3 0 3 3 0 0 0 0 0 
2 0 1 3 0 2 2 3 3 4 0 0 0 0 0 
#TS84
3 3 1 3 0 3 4 0 3 0 0 0 0 0 0 
3 0 0 3 0 2 3 0 3 3 0 0 0 0 0 
#TS85
3 1 1 3 0 0 0 2 3 1 1 0 0 0 0 
3 2 1 3 0 0 0 2 4 1 1 0 0 0 0 
#TS86
3 3 2 3 0 3 1 1 3 4 0 0 0 1 0 
3 3 2 3 0 3 2 1 3 4 0 0 0 1 0 
#TS87
3 0 1 1 2 3 0 3 0 4 0 1 0 0 0 
3 2 1 1 3 3 1 4 0 4 0 1 0 0 0 
#TS88
3 2 3 3 0 2 0 2 2 4 0 0 0 0 0 
2 0 3 3 0 3 1 3 3 4 0 0 0 0 0 
