#TS1
1 2 0 3 0 0 0 1 4 1 0 0 0 1 0 
1 2 0 3 0 0 0 0 4 1 0 0 0 1 0 
#TS2
1 1 4 0 0 0 0 1 3 3 0 0 0 0 0 
1 3 3 0 0 0 0 2 2 3 0 0 0 0 0 
#TS3
4 3 4 0 0 3 0 0 0 4 0 0 0 0 1 
3 3 4 0 0 2 0 0 0 3 0 0 0 0 1 
#TS4
1 2 3 0 2 4 1 0 4 3 0 0 0 0 0 
1 0 3 0 0 4 0 1 4 3 0 0 0 0 0 
#TS5
0 3 3 0 1 3 0 0 2 0 1 0 0 0 0 
0 3 3 0 1 3 0 1 3 0 1 0 0 0 0 
#TS6
3 4 4 0 0 0 0 4 1 3 0 0 0 0 0 
3 3 4 0 0 0 0 3 2 3 0 0 0 0 0 
#TS7
1 1 3 2 0 3 1 0 4 3 0 0 0 0 0 
1 2 2 1 0 2 1 0 3 2 0 0 0 0 0 
#TS8
2 3 4 0 0 0 0 3 1 2 0 0 0 0 0 
3 3 4 0 0 0 0 3 1 3 0 0 0 0 0 
#TS9
0 3 4 0 1 2 0 1 1 0 1 0 0 0 0 
0 3 3 0 1 2 0 1 1 0 1 0 0 0 0 
#TS10
1 0 1 4 3 3 2 0 3 3 0 0 0 0 0 
1 1 3 1 4 4 2 0 3 3 0 0 0 0 0 
#TS11
3 3 1 0 0 0 0 0 3 1 0 1 0 0 0 
3 3 0 1 0 0 2 0 3 1 0 1 0 0 0 
#TS12
1 1 1 3 0 3 1 0 4 3 0 0 0 0 0 
1 1 3 2 0 3 1 0 4 3 0 0 0 0 0 
#TS13
3 3 4 0 0 2 0 0 0 3 0 0 0 0 1 
4 3 4 0 0 3 1 1 0 3 0 0 0 0 1 
#TS14
1 2 1 2 0 2 0 1 3 3 0 0 0 0 0 
1 1 3 2 0 1 0 1 3 3 0 0 0 0 0 
#TS15
1 1 3 2 0 1 0 1 3 3 0 0 0 0 0 
2 3 3 0 0 0 0 2 4 3 0 0 0 0 0 
#TS16
1 0 3 0 0 4 0 1 4 3 0 0 0 0 0 
1 2 3 0 0 3 0 1 4 3 0 0 0 0 0 
#TS17
1 0 0 3 4 4 3 0 4 2 0 0 0 0 0 
1 0 1 4 3 3 2 0 3 3 0 0 0 0 0 
#TS18
1 2 0 2 1 0 3 0 4 1 0 1 0 0 0 
1 2 0 3 2 2 4 0 4 0 0 1 0 0 0 
#TS19
1 3 1 3 0 0 0 1 3 1 0 0 0 0 0 
1 1 1 2 0 0 0 3 3 3 0 0 0 0 0 
#TS20
3 2 1 2 1 3 1 1 2 1 0 0 1 0 0 
2 1 1 3 1 3 0 0 4 1 0 0 1 0 0 
#TS21
1 4 4 0 1 0 0 3 1 0 1 0 0 0 0 
0 4 4 0 1 0 0 2 1 0 1 0 0 0 0 
#TS22
1 2 0 3 0 0 0 0 4 1 0 0 0 1 0 
1 0 0 2 0 0 0 0 3 1 0 0 0 1 0 
#TS23
4 3 4 0 0 0 0 3 1 3 0 1 0 0 0 
4 3 3 0 0 0 0 0 1 1 0 1 0 0 0 
#TS24
0 4 4 0 1 0 0 2 1 0 1 0 0 0 0 
0 3 4 0 1 1 0 2 0 0 1 0 0 0 0 
#TS25
4 2 0 1 1 3 0 1 3 1 0 0 1 0 0 
3 2 1 2 1 3 1 1 2 1 0 0 1 0 0 
#TS26
1 2 0 3 1 4 1 0 4 1 0 0 0 0 0 
1 1 1 3 0 3 1 0 4 3 0 0 0 0 0 
#TS27
1 1 3 1 4 4 2 0 3 3 0 0 0 0 0 
1 2 3 0 2 4 1 0 4 3 0 0 0 0 0 
#TS28
4 3 3 0 0 1 0 1 2 2 0 0 0 0 0 
3 3 4 0 0 0 0 2 4 3 0 0 0 0 0 
#TS29
2 1 1 3 1 3 0 0 4 1 0 0 1 0 0 
1 2 1 3 2 3 1 1 3 1 0 0 1 0 0 
#TS30
4 3 3 0 0 0 0 0 1 1 0 1 0 0 0 
3 3 1 0 0 0 0 0 3 1 0 1 0 0 0 
#TS31
1 0 0 2 0 0 0 0 3 1 0 0 0 1 0 
1 3 1 3 0 0 0 1 3 1 0 0 0 0 0 
#TS32
1 3 3 0 0 1 1 1 3 3 0 0 0 0 0 
1 1 4 0 0 0 0 1 3 3 0 0 0 0 0 
#TS33
4 4 4 0 0 0 0 1 1 2 0 0 0 1 0 
3 4 2 0 0 0 0 0 2 1 0 0 0 1 0 
#TS34
1 2 0 3 2 2 4 0 4 0 0 1 0 0 0 
1 0 0 3 4 2 4 0 4 1 0 1 0 0 0 
#TS35
0 3 3 0 1 2 0 1 1 0 1 0 0 0 0 
0 3 3 0 1 3 0 0 2 0 1 0 0 0 0 
#TS36
3 3 2 0 2 2 0 1 1 1 0 0 1 0 0 
4 2 0 1 1 3 0 1 3 1 0 0 1 0 0 
#TS37
1 2 2 1 0 2 1 0 3 2 0 0 0 0 0 
1 2 2 0 0 1 0 0 3 2 0 0 0 0 0 
#TS38
1 1 1 2 0 0 0 3 3 3 0 0 0 0 0 
1 2 2 1 0 0 0 3 2 3 0 0 0 0 0 
#TS39
1 0 0 2 4 3 4 0 4 0 0 1 0 0 0 
1 0 0 3 4 4 4 0 3 0 0 1 0 0 0 
#TS40
1 0 0 3 4 4 4 0 3 0 0 1 0 0 0 
1 0 0 3 3 4 4 0 4 0 0 0 0 0 0 
#TS41
4 2 3 0 1 1 0 2 0 1 0 0 1 0 0 
4 3 2 0 1 2 0 1 1 1 0 0 1 0 0 
#TS42
3 3 4 0 0 0 0 2 4 3 0 0 0 0 0 
2 3 3 1 0 0 0 2 2 3 0 0 0 0 0 
#TS43
4 3 4 0 0 0 0 2 1 3 0 0 0 0 0 
4 3 4 0 0 0 0 3 1 3 0 0 0 0 0 
#TS44
3 3 4 0 0 0 0 3 2 3 0 0 0 0 0 
3 3 3 0 0 0 0 4 2 4 0 0 0 0 0 
#TS45
0 3 3 0 1 3 0 0 4 0 1 0 0 0 0 
0 3 4 0 1 3 0 0 4 0 1 0 0 0 0 
#TS46
2 3 3 1 0 0 0 2 2 3 0 0 0 0 0 
2 3 4 0 0 0 0 3 1 2 0 0 0 0 0 
#TS47
1 2 0 3 1 3 1 0 3 1 0 0 1 0 0 
1 2 0 3 1 4 1 0 4 1 0 0 0 0 0 
#TS48
4 3 4 0 0 0 0 3 1 3 1 0 0 0 0 
1 4 4 0 1 0 0 3 1 0 1 0 0 0 0 
#TS49
2 3 1 2 0 0 0 1 4 1 0 0 0 1 0 
1 2 1 2 0 0 0 1 3 1 0 0 0 1 0 
#TS50
4 3 2 0 1 2 0 1 1 1 0 0 1 0 0 
3 3 2 0 2 2 0 1 1 1 0 0 1 0 0 
#TS51
3 3 4 0 0 2 0 0 0 2 0 0 0 0 1 
4 3 4 0 0 2 0 0 0 4 0 0 0 0 1 
#TS52
1 2 2 0 0 1 0 0 3 2 0 0 0 0 0 
1 2 4 0 0 0 0 1 3 3 0 0 0 0 0 
#TS53
3 3 3 0 0 0 0 3 2 3 0 0 0 0 0 
3 3 4 0 0 0 0 3 1 3 0 0 0 0 0 
#TS54
3 3 4 0 0 2 0 1 0 3 0 0 0 0 1 
4 3 4 0 0 2 0 1 0 3 0 0 0 0 1 
#TS55
0 3 3 0 1 3 0 0 4 0 0 0 0 0 0 
1 2 0 0 0 2 1 1 3 3 0 0 0 0 0 
#TS56
4 3 4 0 0 0 0 3 1 3 0 0 0 1 0 
4 4 4 0 0 0 0 1 1 2 0 0 0 1 0 
#TS57
0 3 3 0 1 3 0 1 3 0 1 0 0 0 0 
0 3 3 0 1 3 0 0 4 0 1 0 0 0 0 
#TS58
0 3 4 0 1 3 0 0 4 0 1 0 0 0 0 
0 3 3 0 1 3 0 0 4 0 0 0 0 0 0 
#TS59
1 0 0 3 3 4 4 0 4 0 0 0 0 0 0 
1 0 0 3 4 4 3 0 4 2 0 0 0 0 0 
#TS60
2 3 3 0 0 0 0 3 1 3 0 0 0 0 0 
3 3 4 0 0 0 0 3 1 4 0 0 0 0 0 
#TS61
3 4 2 0 0 0 0 0 2 1 0 0 0 1 0 
3 3 2 0 0 0 0 1 2 1 0 0 0 1 0 
#TS62
1 2 3 0 0 3 0 1 4 3 0 0 0 0 0 
1 2 4 0 0 2 1 1 3 3 0 0 0 0 0 
#TS63
3 3 2 0 0 0 0 1 2 1 0 0 0 1 0 
2 3 1 1 0 0 0 0 4 1 0 0 0 1 0 
#TS64
2 3 1 1 0 0 0 0 4 1 0 0 0 1 0 
2 3 1 2 0 0 0 1 4 1 0 0 0 1 0 
#TS65
4 3 4 0 0 3 1 1 0 3 0 0 0 0 1 
4 2 4 0 0 3 0 0 0 3 0 0 0 0 0 
#TS66
1 0 0 3 3 3 4 0 4 0 0 1 0 0 0 
1 0 0 2 4 3 4 0 4 0 0 1 0 0 0 
#TS67
1 0 0 3 4 2 4 0 4 1 0 1 0 0 0 
1 0 0 3 3 3 4 0 4 0 0 1 0 0 0 
#TS68
1 1 0 3 1 3 1 0 4 1 0 0 1 0 0 
1 2 0 3 1 3 1 0 3 1 0 0 1 0 0 
#TS69
2 3 3 0 0 0 0 2 2 3 0 0 0 0 0 
3 4 4 0 0 0 0 3 1 3 0 0 0 0 0 
#TS70
3 3 3 0 0 0 0 3 1 4 0 0 0 0 0 
3 3 4 0 0 0 0 4 1 3 0 0 0 0 0 
#TS71
1 2 1 3 2 3 1 1 3 1 0 0 1 0 0 
1 1 0 3 1 3 1 0 4 1 0 0 1 0 0 
#TS72
4 3 4 0 0 2 0 1 0 3 0 0 0 0 1 
3 4 4 0 0 2 0 1 0 3 0 0 0 0 1 
#TS73
2 2 3 0 0 0 0 3 1 3 0 0 0 0 0 
3 3 3 0 0 0 0 3 1 4 0 0 0 0 0 
#TS74
1 3 4 0 0 0 0 3 2 3 0 0 0 0 0 
2 3 3 0 0 0 0 3 1 3 0 0 0 0 0 
#TS75
1 2 2 1 0 0 0 3 2 3 0 0 0 0 0 
2 2 3 0 0 0 0 3 1 3 0 0 0 0 0 
#TS76
2 3 3 0 0 0 0 2 4 3 0 0 0 0 0 
2 3 3 0 0 0 0 2 2 3 0 0 0 0 0 
#TS77
4 2 4 0 0 3 0 0 0 3 0 0 0 0 0 
4 3 3 0 0 1 0 1 2 2 0 0 0 0 0 
#TS78
1 2 4 0 0 2 1 1 3 3 0 0 0 0 0 
1 3 3 0 0 1 1 1 3 3 0 0 0 0 0 
#TS79
0 3 4 0 1 1 0 2 0 0 1 0 0 0 0 
0 3 4 0 1 2 0 1 1 0 1 0 0 0 0 
#TS80
3 4 4 0 0 2 0 1 0 3 0 0 0 0 1 
3 3 4 0 0 2 0 0 0 2 0 0 0 0 1 
#TS81
4 3 3 0 0 0 0 3 1 3 0 0 0 0 0 
3 3 4 0 0 0 0 4 1 4 0 0 0 0 0 
#TS82
4 3 4 0 0 0 0 3 1 3 0 0 0 0 1 
4 3 4 0 0 2 0 2 0 2 0 0 0 0 1 
#TS83
3 3 0 1 0 0 2 0 3 1 0 1 0 0 0 
1 2 0 2 1 0 3 0 4 1 0 1 0 0 0 
#TS84
4 3 4 0 0 2 0 0 0 4 0 0 0 0 1 
4 3 4 0 0 3 0 0 0 4 0 0 0 0 1 
#TS85
1 2 1 2 0 0 0 1 3 1 0 0 0 1 0 
1 2 0 3 0 0 0 1 4 1 0 0 0 1 0 
#TS86
4 3 4 0 0 0 0 3 1 3 0 0 1 0 0 
4 2 3 0 1 1 0 2 0 1 0 0 1 0 0 
#TS87
4 3 4 0 0 2 0 2 0 2 0 0 0 0 1 
3 3 4 0 0 2 0 1 0 3 0 0 0 0 1 
#TS88
3 4 4 0 0 0 0 3 1 3 0 0 0 0 0 
4 3 4 0 0 0 0 2 1 3 0 0 0 0 0 
#TS89
1 2 0 0 0 2 1 1 3 3 0 0 0 0 0 
1 2 1 2 0 2 0 1 3 3 0 0 0 0 0 
#TS90
3 3 4 0 0 0 0 3 1 4 0 0 0 0 0 
3 3 4 0 0 0 0 4 1 3 0 0 0 0 0 
#TS91
1 2 4 0 0 0 0 1 3 3 0 0 0 0 0 
1 3 4 0 0 0 0 3 2 3 0 0 0 0 0 
