#TS1
0 2 3 0 3 0 4 2 0 1 0 2 0 1 0 0 1 1 0 0 0 3 1 1 1 4 3 0 1 3 0 0 0 0 2 4 1 0 0 1 3 3 2 3 3 0 2 2 0 1 2 1 1 1 2 3 4 3 0 0 0 2 3 2 1 2 0 2 4 0 1 0 0 0 2 1 0 0 1 0 3 0 3 2 3 1 0 0 2 3 3 4 3 3 4 2 1 3 4 2 1 0 0 0 0 0 0 0 0 0 
2 2 2 1 3 0 4 2 0 0 0 2 0 1 0 0 2 0 0 0 0 3 1 2 1 4 3 0 2 3 0 0 0 0 2 4 0 0 0 1 3 3 1 3 3 0 2 2 0 1 2 0 1 1 3 4 4 2 0 0 0 3 4 2 2 2 1 2 4 0 1 0 0 1 2 1 0 0 1 0 2 0 3 2 3 1 0 0 2 2 4 4 3 3 4 2 2 3 4 2 1 0 0 0 0 0 0 0 0 0 
#TS2
3 0 3 1 0 0 4 0 0 2 1 3 0 0 0 1 3 3 0 0 4 0 0 0 0 4 3 2 1 4 1 0 0 0 2 0 1 0 0 1 0 0 3 3 3 3 3 3 2 1 4 2 3 0 2 2 1 1 0 0 1 0 4 3 1 2 0 1 4 0 0 0 0 0 3 2 0 0 1 0 1 3 3 3 3 0 0 0 0 2 3 4 3 3 3 2 1 0 0 3 0 0 0 1 0 0 0 0 0 0 
4 1 3 2 0 0 4 0 0 3 1 4 0 1 1 1 2 3 0 0 3 0 1 0 1 3 3 2 2 4 1 0 0 0 2 0 0 0 0 1 0 0 3 3 3 3 3 3 2 1 4 2 3 0 2 2 1 2 0 0 1 0 4 3 1 1 2 2 4 0 0 0 0 2 4 1 0 0 1 0 0 1 3 3 3 0 1 0 0 2 4 4 3 3 4 3 1 1 0 2 0 0 0 1 0 0 0 0 0 0 
#TS3
0 2 3 2 4 0 3 2 0 3 0 2 0 0 0 0 1 3 0 0 0 0 1 1 1 4 3 2 1 3 1 0 0 0 2 4 3 0 0 1 0 3 3 3 3 3 3 3 2 1 4 3 3 1 2 3 0 1 0 2 0 2 4 3 3 1 0 2 4 0 1 0 0 0 2 3 0 0 1 0 2 0 3 1 3 2 0 0 0 2 4 4 4 3 3 2 1 3 4 4 0 0 0 0 0 0 0 0 0 0 
0 2 2 3 3 0 4 2 0 3 0 2 0 0 0 1 2 3 0 0 0 0 1 1 1 4 3 2 1 2 1 0 0 0 3 4 3 0 0 1 0 3 3 3 3 3 3 4 2 1 4 3 3 1 2 2 1 2 0 1 0 2 4 3 3 2 0 2 4 0 1 0 0 0 2 3 0 0 1 0 2 0 3 1 3 2 1 0 0 2 3 4 3 3 4 2 1 3 4 2 0 0 0 0 0 0 0 0 0 0 
#TS4
0 1 3 2 3 0 0 2 0 3 0 2 0 0 0 0 1 3 0 0 0 3 3 4 0 4 3 1 3 3 1 0 0 0 3 1 0 1 0 1 3 4 3 3 3 0 0 3 0 1 0 2 0 1 3 2 3 4 0 2 3 3 4 3 3 0 3 0 4 0 2 1 0 3 3 3 0 0 0 0 2 0 3 2 3 3 0 0 3 2 4 4 3 3 3 2 2 3 4 3 0 0 0 0 0 0 0 0 0 1 
0 1 3 2 3 0 1 2 0 3 0 2 0 0 0 0 1 3 0 0 0 3 4 4 0 4 4 1 4 4 1 0 0 0 3 1 0 0 0 1 4 3 3 3 3 0 0 2 0 1 1 2 0 1 4 2 3 4 0 2 3 4 4 3 4 0 1 0 4 0 3 3 0 3 4 2 2 0 0 0 2 1 3 2 3 3 0 0 3 2 4 4 3 3 3 2 1 3 4 3 0 0 0 0 0 0 0 0 0 1 
#TS5
2 2 3 4 3 0 4 3 0 1 0 2 0 0 0 1 2 3 0 0 0 2 3 3 2 4 3 3 3 3 0 0 1 0 3 4 0 0 0 1 0 3 2 0 3 3 3 1 2 0 4 2 2 1 2 2 1 1 3 3 2 2 1 1 2 2 2 3 0 0 3 3 2 3 2 0 3 1 3 1 2 0 3 1 2 3 1 0 3 3 3 2 3 0 1 2 1 3 4 4 0 0 0 0 0 0 0 0 0 0 
3 3 3 3 4 0 4 2 0 2 0 2 0 0 0 0 1 3 1 0 0 0 3 3 1 4 3 3 3 3 0 0 0 0 2 4 2 0 0 1 0 3 3 1 3 3 2 2 2 0 4 3 3 1 3 1 1 1 4 2 2 3 2 2 2 2 2 3 1 0 3 2 1 3 2 0 3 1 4 0 2 0 3 1 3 3 1 0 4 3 3 3 3 1 2 2 1 3 4 3 0 0 0 0 0 0 0 0 0 0 
#TS6
0 1 3 2 4 0 1 3 0 3 0 2 0 0 0 0 1 3 0 0 0 3 2 3 0 4 4 1 2 3 1 0 0 0 3 1 0 0 0 1 3 3 3 3 3 0 1 3 0 2 0 3 0 1 3 2 3 4 0 2 2 3 3 3 3 0 1 0 4 0 1 0 0 2 2 3 0 0 0 0 2 1 3 2 3 3 0 0 3 2 4 4 3 3 2 2 1 3 4 2 0 0 0 0 0 0 0 0 0 1 
0 1 3 2 3 0 0 2 0 3 0 2 0 0 0 0 1 3 0 0 0 3 3 4 0 4 3 1 3 3 1 0 0 0 3 1 0 1 0 1 3 4 3 3 3 0 0 3 0 1 0 2 0 1 3 2 3 4 0 2 3 3 4 3 3 0 3 0 4 0 2 1 0 3 3 3 0 0 0 0 2 0 3 2 3 3 0 0 3 2 4 4 3 3 3 2 2 3 4 3 0 0 0 0 0 0 0 0 0 1 
#TS7
1 2 4 2 3 0 4 2 0 2 0 3 0 0 0 0 1 3 0 0 0 0 2 2 1 4 2 1 1 3 1 0 0 0 3 4 4 0 0 1 0 3 2 3 3 3 3 3 2 1 4 2 3 1 2 1 1 1 0 1 0 2 4 3 2 2 1 2 4 0 1 0 0 0 2 3 0 0 1 0 2 0 3 1 3 2 0 0 0 3 4 4 3 3 4 2 1 3 4 3 0 0 0 0 0 0 0 0 0 0 
1 2 3 3 3 0 4 2 0 3 0 2 0 0 0 0 1 3 0 0 0 1 1 1 1 4 3 1 1 3 1 0 0 0 3 4 3 0 0 1 0 3 3 4 3 3 3 3 2 1 4 3 3 1 2 2 1 2 0 1 0 2 4 3 3 2 1 2 4 0 1 0 0 0 2 3 0 0 1 0 2 0 3 1 3 3 0 0 0 3 4 4 3 2 3 2 2 3 4 3 0 0 0 0 0 0 0 0 0 0 
#TS8
2 3 3 4 3 0 4 2 0 3 0 2 0 0 0 0 1 3 0 0 0 0 2 3 1 4 3 2 0 2 0 0 0 0 2 4 3 0 0 1 0 3 3 2 3 3 3 3 2 0 4 3 3 2 2 2 1 1 0 1 0 2 4 3 2 2 2 2 4 0 1 0 0 1 2 2 1 0 1 0 2 0 3 1 3 1 1 0 1 3 3 4 3 4 3 2 1 3 4 3 0 0 0 0 0 0 0 0 0 0 
1 4 3 3 3 0 3 2 0 3 0 2 0 0 0 0 2 3 0 0 0 1 2 2 1 4 3 1 0 2 0 0 0 0 3 4 3 0 0 1 0 3 2 3 3 3 3 3 3 0 4 2 3 1 2 2 1 1 0 1 0 2 4 3 2 2 2 2 4 0 1 0 0 0 2 2 1 0 1 0 2 0 3 2 3 1 0 0 0 3 4 4 3 2 3 2 1 3 4 3 0 0 0 0 0 0 0 0 0 0 
#TS9
1 2 3 2 3 1 3 2 0 0 0 0 0 0 0 0 3 3 0 0 0 0 0 1 0 4 3 1 0 3 0 0 0 0 2 4 3 0 0 1 0 3 0 0 1 3 4 3 2 0 1 3 3 1 2 3 0 1 0 2 1 0 1 1 3 1 1 2 4 0 0 0 0 0 1 3 0 1 1 0 2 0 4 1 3 3 0 0 3 3 1 2 3 2 2 2 1 3 4 3 0 0 1 0 0 0 0 0 0 0 
1 1 3 3 3 0 4 2 0 0 0 0 0 0 0 0 2 4 0 0 0 0 1 0 0 4 3 2 1 3 0 0 0 0 3 4 3 0 0 1 0 3 0 0 1 3 3 3 2 0 2 3 3 1 2 3 0 1 0 2 2 0 1 1 3 1 0 3 4 0 1 0 0 0 0 3 0 1 3 0 2 0 3 1 3 3 0 0 4 3 0 1 3 2 2 2 1 3 4 3 0 0 1 0 0 0 0 0 0 0 
#TS10
2 2 3 2 3 0 4 3 2 0 0 2 0 1 0 4 4 3 0 0 0 0 1 1 1 4 4 4 2 2 0 0 0 0 2 0 0 0 0 1 0 3 0 0 3 3 3 3 2 1 4 3 1 1 2 0 1 1 0 1 0 2 3 0 2 2 1 2 4 0 1 0 0 0 2 2 0 0 1 0 2 0 2 1 3 2 0 0 0 3 0 1 1 0 1 2 1 3 4 3 0 1 0 0 0 0 0 0 0 0 
2 2 3 3 3 0 4 2 2 0 0 2 0 2 0 3 3 3 0 0 0 0 2 1 1 4 3 3 2 3 0 0 0 0 2 0 0 0 0 1 0 3 0 0 3 2 2 2 2 0 3 3 2 1 2 0 2 2 0 1 0 2 3 0 2 2 1 3 2 0 2 0 0 0 3 3 0 0 1 0 2 0 3 1 3 3 0 0 0 3 1 1 1 0 1 2 1 3 4 4 0 1 0 0 0 0 0 0 0 0 
#TS11
1 2 2 3 3 0 4 3 0 3 0 2 0 0 0 0 1 0 0 0 4 4 3 3 1 0 1 1 2 0 0 0 1 4 1 4 0 0 0 2 0 3 2 3 3 0 0 0 0 2 2 0 0 1 1 3 3 4 0 0 1 0 4 3 2 2 1 3 1 0 3 2 0 3 4 2 2 0 1 0 2 0 3 0 4 3 0 0 0 2 3 4 3 3 2 4 1 1 1 4 0 0 0 0 0 1 0 0 0 0 
1 3 3 3 3 0 4 2 0 4 0 2 0 0 0 0 1 0 0 0 3 3 2 3 1 0 0 1 2 0 0 0 2 4 1 4 0 0 0 1 0 3 3 4 3 0 0 0 0 1 2 0 0 1 0 3 3 3 0 0 1 0 4 3 1 3 2 3 0 0 3 2 0 3 4 2 2 0 1 0 2 0 3 0 3 2 0 0 1 2 2 4 4 3 3 3 2 1 1 3 0 0 0 0 0 0 0 0 0 0 
#TS12
0 1 2 2 1 0 4 1 0 0 0 1 0 1 0 1 3 4 0 0 0 0 0 1 2 4 3 0 1 2 0 0 0 0 2 0 2 0 3 1 0 3 2 1 3 3 4 3 0 0 4 3 3 1 2 0 1 2 0 1 0 2 4 4 2 2 0 2 4 0 1 0 0 0 3 3 3 0 1 0 2 0 3 1 3 0 0 1 0 0 4 4 4 3 4 2 1 1 3 1 0 0 0 0 0 0 1 0 0 0 
1 1 2 2 1 0 4 2 0 0 0 0 0 1 0 1 3 3 0 0 0 0 1 1 1 4 3 0 2 3 0 0 1 0 2 0 0 0 2 1 0 3 2 2 3 3 3 3 0 0 4 3 3 1 2 0 0 3 0 2 0 2 4 3 2 2 1 2 4 0 1 0 0 0 2 4 3 0 1 0 2 0 3 1 2 0 0 0 0 0 4 4 3 3 3 2 2 2 3 1 0 0 0 0 0 0 1 0 0 0 
#TS13
0 2 3 2 4 0 4 2 0 3 0 2 0 0 0 0 1 3 0 0 0 0 1 2 1 4 3 1 1 3 1 0 0 0 3 4 4 0 0 1 0 3 3 3 3 3 4 3 2 0 4 3 3 1 2 2 0 1 0 1 0 2 4 3 2 2 1 2 4 0 1 0 0 0 2 3 0 1 1 0 2 0 3 1 3 3 0 0 0 3 4 4 4 3 2 2 1 3 4 3 0 0 0 0 0 0 0 0 0 0 
0 2 3 2 3 0 4 2 0 3 0 2 0 0 0 0 1 3 0 0 0 0 1 1 1 4 3 2 1 3 1 0 0 0 3 4 3 0 0 1 0 3 3 3 3 3 4 3 3 1 4 3 3 1 2 3 1 1 0 1 0 1 3 3 2 2 1 2 4 0 1 0 0 0 2 3 0 0 1 0 3 1 3 1 2 3 0 0 0 3 4 4 4 3 3 2 0 3 4 3 0 0 0 0 0 0 0 0 0 0 
#TS14
0 2 3 3 3 0 4 3 0 3 0 2 0 0 0 0 1 4 0 0 0 0 2 3 1 4 3 2 1 3 1 0 0 0 3 4 3 0 0 3 0 3 3 3 3 3 3 3 2 1 4 3 2 1 3 2 1 1 0 1 0 2 4 3 2 2 1 2 3 0 1 0 0 1 3 2 1 0 1 0 3 0 4 1 2 2 0 0 3 3 4 4 3 3 2 2 1 3 4 3 0 0 0 0 0 0 0 0 0 0 
1 3 3 2 3 0 4 2 0 3 0 2 0 0 0 0 1 3 0 0 0 0 2 2 1 4 3 2 1 3 1 0 0 0 2 4 4 0 0 1 0 3 3 2 3 3 3 3 2 1 4 3 2 2 2 2 1 2 0 2 0 2 3 3 2 2 1 2 4 0 1 0 0 0 2 3 1 0 1 0 2 0 3 1 3 2 1 0 1 3 4 4 3 2 3 3 1 4 4 3 0 0 0 0 0 0 0 0 0 0 
#TS15
0 2 3 2 4 0 4 2 0 3 0 2 0 0 0 0 1 3 0 0 0 0 1 1 1 4 3 2 0 2 1 0 0 0 2 4 3 0 0 1 0 4 3 3 3 3 3 3 2 1 4 3 3 1 3 2 1 2 0 1 0 2 4 3 1 2 1 2 4 0 1 0 0 0 2 3 0 0 1 0 2 0 3 1 3 3 0 0 0 3 4 4 3 3 3 2 1 4 4 3 0 0 0 0 0 0 0 0 0 0 
0 2 3 2 3 0 4 2 0 3 0 2 0 0 0 0 1 3 0 0 0 0 1 1 1 4 3 3 1 3 1 0 0 0 2 4 3 0 0 1 0 3 3 3 3 3 3 3 2 1 4 3 2 1 2 2 1 1 0 1 0 2 4 3 1 2 1 2 4 0 1 0 0 0 2 3 0 0 1 0 2 0 3 1 3 3 1 0 0 3 4 4 3 3 3 2 1 3 4 3 0 0 0 0 0 0 0 0 0 0 
#TS16
1 3 3 4 3 0 4 3 0 4 0 3 0 0 0 0 1 0 0 0 3 3 3 3 1 0 0 1 1 0 0 0 1 4 1 4 0 0 0 2 0 3 2 3 3 0 0 0 0 1 1 0 0 1 1 4 4 3 0 0 2 0 4 3 2 2 1 3 1 0 3 1 0 4 4 3 1 0 1 0 2 0 3 0 3 3 0 0 1 2 2 4 4 3 3 2 1 1 1 4 0 0 0 0 0 1 0 0 0 0 
1 2 2 3 3 0 4 3 0 3 0 2 0 0 0 0 1 0 0 0 4 4 3 3 1 0 1 1 2 0 0 0 1 4 1 4 0 0 0 2 0 3 2 3 3 0 0 0 0 2 2 0 0 1 1 3 3 4 0 0 1 0 4 3 2 2 1 3 1 0 3 2 0 3 4 2 2 0 1 0 2 0 3 0 4 3 0 0 0 2 3 4 3 3 2 4 1 1 1 4 0 0 0 0 0 1 0 0 0 0 
#TS17
2 3 4 1 3 0 4 4 0 0 0 2 0 1 0 0 1 0 0 0 0 4 3 2 1 4 3 1 4 3 0 0 0 0 3 4 0 0 0 1 3 3 1 2 3 0 0 0 0 1 2 0 1 1 2 4 3 4 0 0 0 4 4 2 3 2 1 2 1 0 2 0 1 3 3 1 0 0 1 0 2 0 3 2 3 1 0 0 2 3 4 4 3 3 4 2 1 4 4 2 1 0 0 0 0 0 0 0 0 0 
2 2 3 2 3 0 4 3 0 0 0 2 0 1 0 0 1 0 0 0 0 3 4 3 1 4 3 0 4 3 0 0 0 0 2 4 0 0 0 1 3 3 1 3 3 0 0 0 0 1 2 0 1 1 2 4 3 3 0 0 0 3 4 3 2 2 1 3 0 0 3 1 2 3 4 1 0 0 1 0 2 0 3 2 3 2 0 0 3 3 4 4 3 2 3 2 1 3 4 3 1 0 0 0 0 0 0 0 0 0 
#TS18
0 2 2 2 3 0 4 2 0 3 0 3 0 0 0 0 1 3 0 0 0 0 1 1 1 4 3 2 1 3 0 0 0 0 2 4 3 0 0 1 0 3 2 3 3 3 3 3 2 1 4 3 3 1 2 2 1 1 0 2 0 2 4 3 2 2 0 2 4 0 1 0 0 0 2 3 0 0 1 0 2 1 3 1 3 4 0 1 0 3 4 4 4 3 3 2 1 3 4 3 0 0 0 0 0 0 0 0 0 0 
0 1 3 3 3 0 4 2 0 3 0 2 0 0 0 0 1 3 0 0 0 0 1 1 1 4 3 2 1 3 1 0 0 0 2 4 3 0 0 1 0 3 3 3 3 3 3 3 2 1 4 3 3 1 2 2 1 1 0 1 0 2 4 3 2 2 0 3 4 0 1 0 0 0 3 3 0 0 0 0 2 0 3 1 3 3 0 0 0 3 4 4 3 3 3 2 1 3 4 3 0 0 0 0 0 0 0 0 0 0 
#TS19
3 1 3 2 0 1 3 0 0 3 2 3 0 0 1 2 3 3 0 0 3 0 2 0 1 3 3 2 3 3 1 0 0 0 2 0 0 0 0 1 0 0 3 3 3 3 3 3 2 1 4 3 4 0 2 2 1 1 1 1 1 0 4 3 1 1 0 2 2 0 0 1 1 3 3 1 0 0 1 0 0 2 3 2 2 0 0 0 0 2 4 4 3 3 3 2 1 0 0 3 0 0 0 1 0 0 0 0 0 0 
3 2 3 2 0 0 4 0 0 3 2 4 0 0 1 2 3 3 0 0 4 0 2 1 1 4 2 1 4 3 1 0 0 0 3 0 0 0 0 2 0 0 3 2 3 3 3 2 2 1 4 3 3 1 2 2 1 1 1 0 2 0 4 3 0 1 1 3 1 0 1 1 0 4 4 1 1 0 1 0 1 2 3 3 3 0 0 0 1 3 4 4 3 3 3 2 1 0 0 3 0 0 0 1 0 0 0 0 0 0 
#TS20
3 3 3 2 3 0 4 3 0 2 0 2 0 0 0 0 1 3 0 0 0 0 2 2 1 4 3 3 2 3 0 0 0 0 2 4 2 0 0 4 0 3 2 0 2 4 3 3 2 0 4 3 3 1 3 4 1 2 3 3 2 1 0 1 3 1 1 2 3 0 2 0 0 2 1 3 0 2 3 3 2 0 3 1 2 4 0 0 1 3 3 2 3 0 3 2 1 3 4 3 0 0 0 0 0 0 0 0 0 0 
2 3 3 3 3 0 4 2 0 2 0 1 0 0 0 0 1 3 0 1 0 0 2 3 1 4 3 3 1 3 0 0 0 0 2 4 3 0 0 1 0 3 2 1 3 3 3 3 2 0 4 3 3 1 2 2 1 1 4 2 2 1 0 1 3 1 1 2 3 0 1 0 0 2 1 3 0 3 4 3 2 0 3 1 4 3 0 0 0 3 3 3 4 1 2 2 1 3 4 3 0 0 0 0 0 0 0 0 0 0 
#TS21
0 2 3 3 3 0 4 4 0 3 0 2 0 0 0 0 1 3 0 0 0 3 4 4 0 4 4 1 3 3 1 0 0 0 2 1 0 0 0 1 4 3 3 3 3 0 0 2 0 1 2 1 0 1 3 2 4 4 0 3 2 4 4 4 3 0 0 2 3 3 3 4 0 3 4 0 3 0 0 0 2 0 3 2 3 3 0 0 3 2 4 4 4 3 3 2 1 3 4 3 0 0 0 0 0 0 0 0 0 1 
0 3 4 3 3 0 4 4 0 3 0 2 0 0 0 0 1 3 0 0 0 3 4 4 0 4 3 1 3 4 1 0 0 0 3 1 0 0 0 1 4 3 2 3 3 0 0 2 0 1 1 1 0 1 3 2 3 4 0 1 2 4 4 3 4 0 0 1 4 2 3 3 0 4 4 0 4 0 1 0 2 1 3 2 3 3 0 0 3 1 4 4 3 3 3 2 1 3 4 2 0 0 0 0 0 0 0 0 0 0 
#TS22
1 2 3 0 3 0 4 1 4 1 0 4 0 0 0 0 0 3 4 4 0 0 0 2 0 4 2 3 0 3 3 0 0 0 3 4 3 2 2 2 3 2 0 0 2 3 3 3 4 1 0 3 3 1 3 2 0 0 4 2 2 0 0 0 4 0 1 3 3 0 0 0 0 0 0 0 1 1 4 4 4 0 0 0 0 0 4 1 2 0 4 4 0 0 0 2 1 3 4 0 0 0 0 0 0 0 0 0 0 0 
0 2 3 2 3 0 4 2 1 2 0 4 0 0 0 0 0 3 3 3 0 0 0 2 2 4 3 4 1 2 1 0 0 0 3 4 3 1 2 1 0 3 1 0 3 3 4 3 4 0 2 3 3 1 2 3 1 0 2 2 2 0 0 0 3 0 1 2 4 0 1 0 0 0 0 1 0 3 4 4 3 0 2 1 1 0 4 1 1 2 4 4 2 0 0 2 1 3 4 2 0 0 0 0 0 0 0 0 0 0 
#TS23
2 3 3 4 3 0 4 2 0 3 0 2 0 0 0 0 1 1 0 0 1 2 3 3 1 4 0 2 2 0 0 1 2 3 1 4 2 0 0 1 0 3 3 3 3 2 1 0 0 1 3 1 0 1 2 3 3 4 0 0 1 3 4 3 1 2 1 4 1 0 3 2 1 3 4 1 2 0 1 0 2 0 3 0 3 3 0 0 0 3 4 4 3 3 3 2 1 3 2 4 0 0 0 0 0 0 0 0 0 0 
2 2 3 4 3 0 4 2 0 3 0 2 0 0 0 0 1 2 0 0 0 2 3 3 1 4 1 2 1 1 0 0 3 1 2 4 3 0 0 1 0 3 3 3 3 3 3 1 1 1 2 2 0 1 2 3 3 1 0 1 1 3 4 3 1 2 2 3 3 0 2 0 0 2 3 1 3 0 1 0 2 0 3 1 3 3 0 0 1 3 4 4 3 3 2 2 0 3 4 3 0 0 0 0 0 0 0 0 0 0 
#TS24
0 2 3 3 4 0 4 2 0 3 0 3 0 0 0 0 3 3 0 0 0 0 1 2 1 4 2 2 1 3 0 0 0 0 2 4 4 0 0 1 0 3 2 2 3 3 4 3 2 0 4 3 3 1 2 2 1 1 0 1 0 2 3 3 3 2 1 1 4 0 1 0 0 0 2 4 0 0 1 0 2 0 3 1 3 2 0 0 0 3 4 3 3 3 3 2 1 3 4 3 0 0 0 0 0 0 0 0 0 0 
0 1 2 2 3 0 4 2 0 3 0 2 0 0 0 0 1 3 0 0 0 0 1 1 1 4 3 2 1 3 0 0 0 0 2 4 3 0 0 1 0 3 3 3 3 3 4 3 2 1 4 3 3 1 2 2 1 2 0 1 0 1 4 2 2 2 1 2 4 0 1 0 0 0 2 3 0 0 1 0 2 0 3 1 3 2 0 0 0 3 4 4 3 3 3 2 1 3 4 3 0 0 0 0 0 0 0 0 0 0 
#TS25
0 2 3 2 2 0 4 2 0 1 0 0 0 0 0 0 1 3 0 0 0 0 0 0 0 4 3 2 1 3 0 0 1 0 2 4 4 0 0 1 0 3 0 1 3 3 3 4 2 1 2 3 3 1 2 3 0 1 0 1 1 0 4 2 2 2 0 2 4 0 1 0 0 0 2 3 0 0 1 0 2 0 3 1 3 3 0 0 3 3 1 3 3 2 3 2 1 3 4 4 0 0 1 0 0 0 0 0 0 0 
1 3 2 2 3 0 4 2 0 0 0 0 0 0 0 0 1 4 0 0 0 0 1 0 0 4 3 2 1 3 0 0 0 0 3 4 3 0 0 0 0 3 0 0 2 3 3 3 3 0 1 2 3 1 2 4 0 1 0 1 1 0 3 2 2 2 2 1 4 0 1 0 0 0 2 3 0 0 1 0 2 0 3 1 3 3 0 0 3 3 0 3 3 3 3 2 1 3 4 4 0 0 1 0 0 0 0 0 0 0 
#TS26
0 2 2 0 3 0 4 2 3 1 0 4 0 0 0 0 0 3 2 0 0 0 0 0 0 3 3 3 1 3 3 0 1 0 2 4 3 1 2 1 3 3 0 0 2 3 3 4 3 1 0 3 3 1 2 2 1 0 2 1 0 0 1 0 4 0 1 2 4 0 0 0 0 0 1 0 1 0 2 0 4 0 0 1 0 1 4 1 2 0 4 4 0 0 0 1 1 3 4 0 0 0 0 0 0 0 0 0 1 0 
0 2 3 0 3 0 4 2 3 1 0 3 0 0 0 0 1 3 3 1 0 0 0 1 0 3 3 4 1 3 3 0 1 0 3 4 3 1 1 1 3 2 0 0 2 3 3 3 4 2 0 3 3 1 2 2 0 0 2 2 0 0 0 0 4 0 1 2 4 0 0 0 0 0 0 0 1 0 3 0 3 0 0 1 0 0 3 1 2 0 4 4 0 0 0 2 1 3 4 0 0 0 0 0 0 0 0 0 1 0 
#TS27
2 2 2 2 3 0 4 2 0 3 0 2 0 0 0 0 1 2 0 0 0 3 4 4 2 4 3 1 4 3 1 0 0 0 2 3 1 0 0 1 0 3 3 3 3 2 0 0 0 1 2 1 0 1 2 4 4 4 0 1 0 4 4 3 3 1 0 2 2 1 3 3 2 3 4 0 4 0 1 0 2 0 3 2 3 3 0 0 2 2 4 4 3 3 4 2 1 3 4 3 0 0 0 0 0 0 0 0 0 0 
2 2 3 3 3 0 4 4 0 3 0 2 0 0 0 0 1 3 0 0 0 1 3 4 1 4 3 1 3 3 1 0 1 0 2 4 3 0 0 1 0 3 3 3 3 3 3 1 1 1 4 3 1 1 3 2 2 2 0 2 2 3 4 3 3 1 2 3 2 0 3 2 1 3 3 0 2 0 1 0 2 0 3 1 3 3 0 0 3 3 4 4 3 3 3 2 1 3 3 3 0 0 0 0 0 0 0 0 0 0 
#TS28
0 2 3 1 3 0 4 2 4 1 0 3 0 0 0 0 0 3 4 3 0 0 0 1 0 3 3 4 1 3 3 0 1 0 2 4 3 2 2 1 3 3 0 0 2 3 3 4 3 1 0 3 3 1 2 2 0 0 2 2 1 0 0 0 4 0 0 3 4 0 0 0 0 0 0 0 1 0 4 2 3 0 0 0 0 0 3 1 2 0 3 4 0 0 0 2 1 3 4 0 0 0 0 0 0 0 0 0 1 0 
1 2 3 0 3 0 4 1 3 0 0 4 0 0 0 0 0 3 4 4 0 0 0 2 0 4 3 4 1 2 4 0 1 0 3 3 4 2 2 1 3 2 0 0 2 4 3 4 4 1 0 3 3 1 3 2 0 0 3 2 1 0 0 0 3 0 1 2 4 0 0 0 0 0 0 0 1 0 4 4 4 0 0 1 0 0 4 1 2 0 4 4 0 0 0 2 1 3 4 0 0 0 0 0 0 0 0 0 1 0 
#TS29
1 2 3 2 3 0 4 2 0 3 0 2 0 0 0 0 1 3 0 0 0 0 1 2 1 4 3 1 1 3 1 0 1 0 2 4 3 0 0 1 0 3 3 2 3 3 3 3 2 1 4 3 3 1 2 2 1 1 0 1 0 2 4 3 2 2 1 2 4 0 1 0 0 0 2 2 0 0 1 0 2 0 3 1 2 3 0 0 0 4 4 4 4 3 3 2 1 3 4 3 0 0 0 0 0 0 0 0 0 0 
0 2 3 2 3 0 4 2 0 3 0 2 0 0 0 1 1 3 0 0 0 0 1 2 1 4 2 2 1 3 1 0 1 0 2 4 3 0 0 1 0 4 2 3 3 3 3 3 2 0 4 3 3 1 2 1 1 1 0 1 0 2 4 3 2 2 1 2 4 0 1 0 0 0 2 3 0 0 1 0 2 0 3 1 3 3 0 0 0 4 4 4 4 3 3 2 1 4 4 3 0 0 0 0 0 0 0 0 0 0 
#TS30
3 3 4 4 3 0 4 3 0 2 0 2 0 0 0 0 1 1 0 0 0 3 4 4 1 4 3 1 4 3 0 0 1 0 3 4 1 0 0 1 1 3 3 1 3 3 1 0 0 1 3 1 0 1 3 4 4 3 0 1 1 3 4 3 1 2 4 4 1 0 3 3 3 4 2 1 2 0 1 0 2 0 3 1 3 3 0 0 4 3 4 4 3 3 3 2 0 3 4 3 0 0 0 0 0 0 0 0 0 0 
3 3 3 4 3 0 4 3 0 3 0 3 0 0 0 0 1 2 0 0 0 2 3 3 1 4 3 2 2 3 0 0 0 0 2 4 3 0 0 1 0 3 3 2 3 3 3 1 1 1 4 2 1 1 2 2 1 1 0 2 1 2 4 3 1 2 2 3 2 0 2 1 1 3 4 1 2 0 1 0 2 0 3 1 3 3 0 0 4 2 4 4 3 3 3 2 1 3 4 3 0 0 0 0 0 0 0 0 0 0 
#TS31
0 2 3 2 3 0 4 2 1 2 0 4 0 0 0 0 0 3 3 3 0 0 0 2 2 4 3 4 1 2 1 0 0 0 3 4 3 1 2 1 0 3 1 0 3 3 4 3 4 0 2 3 3 1 2 3 1 0 2 2 2 0 0 0 3 0 1 2 4 0 1 0 0 0 0 1 0 3 4 4 3 0 2 1 1 0 4 1 1 2 4 4 2 0 0 2 1 3 4 2 0 0 0 0 0 0 0 0 0 0 
1 2 3 2 3 0 4 2 1 3 0 3 0 0 0 0 1 3 1 2 0 0 0 2 2 3 2 3 1 2 0 0 0 0 2 4 4 1 1 1 0 3 3 2 3 4 3 4 3 0 4 3 3 1 2 2 1 0 3 2 3 1 1 0 3 1 1 2 4 0 1 0 0 0 0 3 0 3 4 4 2 0 3 1 2 0 2 2 0 2 4 4 3 0 0 1 0 3 4 3 0 0 0 0 0 0 0 0 0 0 
#TS32
3 2 3 2 3 0 4 2 0 3 2 4 0 0 1 1 3 3 0 0 1 0 2 2 2 4 3 1 3 3 1 0 1 0 2 4 1 0 0 1 0 2 3 3 3 3 3 2 3 1 4 3 4 1 3 2 0 2 1 2 1 3 4 3 2 2 2 4 1 0 2 2 2 4 4 1 2 0 1 0 1 1 3 2 3 2 0 0 3 3 4 4 3 3 3 2 1 3 1 3 0 0 0 0 0 0 0 0 0 0 
3 1 4 3 3 0 4 2 0 3 1 3 0 0 0 1 3 3 0 0 0 0 3 3 1 4 3 1 1 3 1 0 0 0 3 4 3 0 0 1 0 3 3 3 3 3 3 3 3 1 4 3 3 1 4 2 1 1 0 2 1 3 4 3 2 2 1 3 2 0 1 0 0 3 2 1 3 0 1 0 2 1 3 1 3 2 1 0 3 3 4 4 3 3 3 4 0 3 4 3 0 0 0 0 0 0 0 0 0 0 
#TS33
2 4 3 3 3 0 4 2 0 3 0 2 0 0 0 0 1 3 0 0 0 0 2 3 1 4 2 2 1 2 0 0 1 0 2 4 3 0 0 1 0 3 3 3 3 3 3 3 3 1 4 3 3 2 2 2 1 1 0 2 1 3 3 3 2 2 2 3 3 0 1 0 0 1 2 0 3 0 1 0 2 1 3 1 2 0 1 0 2 3 4 4 3 3 3 2 1 3 4 3 0 0 0 0 0 0 0 0 0 0 
2 3 3 4 3 0 4 2 0 3 0 2 0 0 0 0 1 3 0 0 0 0 2 3 1 4 3 2 0 2 0 0 0 0 2 4 3 0 0 1 0 3 3 2 3 3 3 3 2 0 4 3 3 2 2 2 1 1 0 1 0 2 4 3 2 2 2 2 4 0 1 0 0 1 2 2 1 0 1 0 2 0 3 1 3 1 1 0 1 3 3 4 3 4 3 2 1 3 4 3 0 0 0 0 0 0 0 0 0 0 
#TS34
0 1 3 0 2 0 4 2 0 2 0 2 0 1 0 0 2 3 0 0 0 1 2 1 1 4 3 0 1 3 1 0 0 0 2 4 4 0 0 1 2 3 2 3 3 0 3 3 2 1 4 3 3 0 2 3 2 2 0 0 0 2 4 2 2 2 1 2 4 0 1 0 0 0 2 2 0 0 1 0 3 1 3 1 3 1 0 0 1 3 4 4 3 3 4 2 1 3 4 3 1 0 0 0 0 0 0 0 0 0 
0 2 2 0 3 0 4 2 0 1 0 2 0 0 0 0 2 2 0 0 0 2 1 1 1 3 3 0 2 3 1 0 0 0 2 4 3 0 0 1 3 3 1 3 3 0 2 2 1 1 4 2 1 1 2 3 3 2 0 0 0 2 4 2 1 2 1 2 4 0 1 0 0 0 2 2 0 0 1 0 3 1 3 1 2 1 0 0 2 3 4 4 3 3 3 2 1 3 4 3 1 0 0 0 0 0 0 0 0 0 
#TS35
0 2 2 2 3 0 4 2 0 3 0 2 0 0 0 0 2 3 0 0 0 0 1 2 1 4 3 2 1 3 1 0 0 0 3 4 3 0 0 1 0 3 3 3 3 3 4 4 3 1 4 3 3 1 2 2 1 2 0 1 0 2 4 3 2 2 1 2 4 0 1 0 0 0 2 3 0 0 1 0 2 1 3 1 3 2 0 1 0 3 4 4 3 3 3 3 1 3 4 3 0 0 0 0 0 0 0 0 0 0 
1 2 3 2 3 0 4 2 0 3 0 2 0 0 0 0 1 2 0 0 0 1 1 1 1 4 3 2 1 3 1 0 0 0 2 4 3 0 0 1 0 3 3 3 3 3 3 3 2 0 4 3 3 1 3 2 0 1 0 1 0 2 4 3 2 2 1 2 4 0 1 0 0 0 2 4 0 0 1 0 2 0 3 1 3 3 0 0 0 3 4 4 3 2 2 2 0 3 4 2 0 0 0 0 0 0 0 0 0 0 
#TS36
2 3 3 3 3 0 4 2 0 2 0 1 0 0 0 0 1 3 0 1 0 0 2 3 1 4 3 3 1 3 0 0 0 0 2 4 3 0 0 1 0 3 2 1 3 3 3 3 2 0 4 3 3 1 2 2 1 1 4 2 2 1 0 1 3 1 1 2 3 0 1 0 0 2 1 3 0 3 4 3 2 0 3 1 4 3 0 0 0 3 3 3 4 1 2 2 1 3 4 3 0 0 0 0 0 0 0 0 0 0 
1 2 3 2 4 0 4 2 0 3 0 2 0 0 0 0 1 3 0 1 0 0 2 2 1 4 3 3 1 3 0 0 1 0 3 4 3 0 0 1 0 3 2 2 3 3 4 3 2 0 4 3 3 1 2 2 1 1 3 2 1 1 3 1 3 2 1 3 4 0 1 0 0 1 0 3 0 1 3 1 2 0 4 1 3 3 0 0 0 3 4 4 3 1 2 2 1 3 4 3 0 0 0 0 0 0 0 0 0 0 
#TS37
3 4 3 3 3 0 4 2 0 3 0 2 0 0 0 0 1 3 0 0 0 0 2 4 2 3 1 1 2 3 1 0 0 1 3 4 3 0 1 1 0 3 2 3 3 3 3 3 3 1 4 2 3 1 3 2 1 1 0 2 2 3 4 3 2 2 2 3 2 0 2 1 1 3 2 0 3 0 1 0 2 0 3 1 2 0 2 1 2 3 4 4 3 3 3 2 1 3 4 2 0 0 0 0 0 0 0 0 0 0 
2 4 3 3 3 0 4 2 0 3 0 2 0 0 0 0 1 3 0 0 0 0 2 3 1 4 2 2 1 2 0 0 1 0 2 4 3 0 0 1 0 3 3 3 3 3 3 3 3 1 4 3 3 2 2 2 1 1 0 2 1 3 3 3 2 2 2 3 3 0 1 0 0 1 2 0 3 0 1 0 2 1 3 1 2 0 1 0 2 3 4 4 3 3 3 2 1 3 4 3 0 0 0 0 0 0 0 0 0 0 
#TS38
0 2 3 2 1 0 4 2 0 0 0 0 0 0 0 0 3 3 0 0 0 0 1 1 1 4 2 1 1 3 1 0 0 0 2 0 3 0 3 1 0 3 1 2 3 3 3 3 0 0 4 3 3 1 2 0 1 4 0 2 0 2 4 4 2 2 1 2 4 0 1 0 0 0 2 3 3 0 1 0 2 0 3 1 3 1 1 0 0 0 4 4 3 3 3 3 0 2 3 0 0 0 0 0 0 0 1 0 0 0 
0 1 2 2 1 0 4 1 0 0 0 1 0 1 0 1 3 4 0 0 0 0 0 1 2 4 3 0 1 2 0 0 0 0 2 0 2 0 3 1 0 3 2 1 3 3 4 3 0 0 4 3 3 1 2 0 1 2 0 1 0 2 4 4 2 2 0 2 4 0 1 0 0 0 3 3 3 0 1 0 2 0 3 1 3 0 0 1 0 0 4 4 4 3 4 2 1 1 3 1 0 0 0 0 0 0 1 0 0 0 
#TS39
2 1 4 2 1 0 4 2 0 0 1 1 0 1 0 1 3 3 0 0 0 0 4 4 2 3 3 1 4 3 0 0 0 0 3 0 0 0 2 1 0 3 1 1 3 3 3 2 0 0 4 3 3 1 2 0 0 3 1 4 2 4 3 3 2 2 1 3 0 3 3 3 4 4 2 0 4 1 1 0 2 0 3 1 3 1 0 0 3 0 4 4 3 3 3 2 2 3 4 1 0 0 0 0 0 0 1 0 0 0 
2 2 3 2 1 0 4 2 0 0 1 0 0 1 0 1 4 3 0 0 0 0 4 3 2 4 3 0 4 3 0 0 0 0 2 0 0 0 3 1 0 3 2 1 3 3 2 2 0 0 4 3 3 1 2 0 0 4 2 4 1 3 3 3 3 2 0 3 0 4 3 4 3 3 3 0 4 0 1 0 2 0 3 1 3 0 0 0 3 0 3 4 3 3 3 2 1 2 3 1 0 0 0 0 0 0 0 0 0 0 
#TS40
0 1 3 3 3 0 4 2 0 3 0 2 0 0 0 0 1 0 0 0 0 2 4 3 3 3 2 1 4 3 1 0 0 0 3 1 0 1 0 0 4 1 3 3 3 0 0 0 1 4 0 1 0 1 2 3 3 3 0 0 1 4 4 4 0 0 1 3 0 0 0 3 2 4 2 0 3 1 1 0 4 0 3 1 3 2 0 3 2 2 4 3 4 3 3 2 1 3 4 2 0 0 0 0 1 0 0 0 0 0 
0 1 4 3 3 0 4 4 0 3 0 1 0 0 0 0 1 0 0 0 0 3 4 4 3 4 2 1 3 3 1 0 1 0 2 0 0 0 0 1 3 1 3 3 3 0 0 0 1 4 0 1 0 1 2 3 3 4 0 0 1 4 4 3 0 0 1 3 0 1 0 4 3 3 1 0 4 0 1 0 4 0 3 1 3 3 0 3 4 1 4 4 3 2 3 2 1 3 4 3 0 0 0 0 1 0 0 0 0 0 
#TS41
2 2 2 1 3 0 4 2 0 0 0 2 0 1 0 0 2 0 0 0 0 3 1 2 1 4 3 0 2 3 0 0 0 0 2 4 0 0 0 1 3 3 1 3 3 0 2 2 0 1 2 0 1 1 3 4 4 2 0 0 0 3 4 2 2 2 1 2 4 0 1 0 0 1 2 1 0 0 1 0 2 0 3 2 3 1 0 0 2 2 4 4 3 3 4 2 2 3 4 2 1 0 0 0 0 0 0 0 0 0 
2 2 3 1 4 0 4 2 0 0 0 2 0 1 0 0 1 0 0 0 0 4 2 2 1 4 3 0 3 3 0 0 0 0 2 4 0 0 0 1 2 3 1 2 3 0 0 1 0 1 2 0 1 1 2 4 4 2 0 0 0 3 4 1 2 2 1 2 2 0 2 0 1 2 3 1 0 0 1 0 3 0 3 2 3 1 0 0 2 2 4 4 3 3 4 2 1 3 4 3 1 0 0 0 0 0 0 0 0 0 
#TS42
0 2 3 2 3 0 4 2 0 2 0 1 0 0 0 0 1 3 0 0 0 0 1 1 0 4 3 2 1 3 1 0 0 0 2 4 4 0 0 1 0 3 1 3 3 3 3 4 2 1 3 3 3 1 2 2 0 1 1 2 1 0 4 3 2 2 0 2 4 0 1 0 0 0 2 3 0 0 1 0 2 0 3 1 3 3 0 0 1 3 2 4 3 3 3 2 1 3 4 2 0 0 1 0 0 0 0 0 0 0 
1 2 3 1 3 0 4 2 0 1 0 1 0 0 0 0 2 3 0 0 0 0 1 1 0 4 3 2 1 3 1 0 0 0 2 4 3 0 0 1 0 3 0 2 3 3 3 3 2 1 2 3 3 1 2 3 0 2 0 2 1 0 4 3 2 2 1 2 4 0 1 0 0 0 2 3 0 0 1 0 2 0 3 1 3 3 0 0 3 3 0 4 3 3 2 3 1 3 4 3 0 0 1 0 0 0 0 0 0 0 
#TS43
0 2 3 2 3 0 4 2 0 3 0 2 0 0 0 0 1 3 0 0 0 0 1 1 1 4 3 2 1 3 1 0 0 0 2 4 3 0 0 1 0 3 3 3 3 3 3 3 2 1 4 3 3 1 2 2 1 1 0 1 0 2 4 3 2 2 1 2 4 0 1 0 0 0 2 3 0 0 1 0 2 0 3 1 3 3 0 0 0 3 4 4 3 3 3 2 1 3 4 3 0 0 0 0 0 0 1 0 0 0 
1 2 3 2 2 0 4 2 0 1 0 1 0 0 0 1 2 4 0 0 0 0 1 1 1 4 3 2 1 3 1 0 0 0 2 1 3 0 2 1 0 4 2 3 3 3 3 3 0 0 4 3 3 1 2 0 1 3 0 1 0 3 3 4 2 2 2 2 4 0 1 0 0 0 2 3 3 0 1 0 2 1 3 1 4 1 0 0 0 0 4 4 3 3 3 2 1 1 4 1 0 0 0 0 0 0 1 0 0 0 
#TS44
0 3 4 3 3 0 4 4 0 3 0 2 0 0 0 0 1 3 0 0 0 3 4 4 0 4 3 1 3 4 1 0 0 0 3 1 0 0 0 1 4 3 2 3 3 0 0 2 0 1 1 1 0 1 3 2 3 4 0 1 2 4 4 3 4 0 0 1 4 2 3 3 0 4 4 0 4 0 1 0 2 1 3 2 3 3 0 0 3 1 4 4 3 3 3 2 1 3 4 2 0 0 0 0 0 0 0 0 0 0 
2 2 2 2 3 0 4 2 0 3 0 2 0 0 0 0 1 2 0 0 0 3 4 4 2 4 3 1 4 3 1 0 0 0 2 3 1 0 0 1 0 3 3 3 3 2 0 0 0 1 2 1 0 1 2 4 4 4 0 1 0 4 4 3 3 1 0 2 2 1 3 3 2 3 4 0 4 0 1 0 2 0 3 2 3 3 0 0 2 2 4 4 3 3 4 2 1 3 4 3 0 0 0 0 0 0 0 0 0 0 
#TS45
1 2 3 4 3 0 4 2 0 3 0 2 0 0 0 0 1 3 0 0 0 0 3 3 1 4 3 2 1 3 1 0 0 0 2 4 3 0 0 1 0 3 3 3 3 3 3 3 2 0 4 3 3 1 3 2 1 1 0 2 0 3 4 3 2 2 2 3 2 0 1 0 0 1 3 2 1 0 1 0 2 0 3 1 3 2 0 0 2 3 4 4 4 3 3 2 1 3 4 3 0 0 0 0 0 0 0 0 0 0 
1 3 3 3 3 0 4 2 0 3 0 2 0 0 0 1 2 3 0 0 0 1 2 2 1 4 3 1 1 3 1 0 0 0 2 4 3 0 0 1 0 3 3 3 3 3 3 3 2 1 4 3 3 1 2 2 1 1 0 2 0 2 4 3 2 2 1 2 4 0 1 0 0 1 3 2 1 0 1 0 2 0 2 1 3 3 0 0 1 3 4 4 3 3 3 2 1 3 4 3 0 0 0 0 0 0 0 0 0 0 
#TS46
0 2 3 0 3 0 4 2 2 2 0 2 0 0 0 0 1 3 0 0 0 0 1 1 0 3 4 1 1 3 2 0 0 0 2 4 3 0 0 1 4 3 1 3 3 3 3 4 2 1 2 3 3 1 3 2 0 1 0 1 0 0 4 3 3 1 1 3 4 0 0 0 0 0 2 2 1 0 2 0 4 0 1 1 3 4 0 0 2 0 4 4 1 2 2 2 1 3 4 0 0 0 0 0 0 0 0 0 1 0 
0 2 3 0 3 0 4 2 3 2 0 2 0 0 0 0 1 3 0 0 0 0 1 1 0 3 3 2 1 3 3 0 0 0 2 4 3 0 0 1 3 2 0 2 3 4 3 4 3 1 0 3 3 1 2 2 1 1 1 1 0 0 4 3 4 0 0 2 4 0 0 0 0 0 2 0 1 0 1 0 3 0 0 0 2 3 1 0 2 0 4 4 0 0 2 1 1 4 4 0 0 0 0 0 0 0 0 0 1 0 
#TS47
0 2 3 3 3 0 4 2 0 3 0 2 0 0 0 0 1 3 0 0 0 2 3 3 0 4 4 2 1 4 2 0 0 0 3 2 2 0 0 3 4 3 3 4 3 0 3 3 0 1 2 3 0 1 4 2 3 3 0 2 3 2 4 3 4 1 1 0 4 0 1 0 0 0 1 3 0 0 0 0 2 0 3 2 3 3 0 0 3 1 4 4 3 2 3 4 1 3 4 3 0 0 0 0 0 0 0 0 0 1 
0 1 4 4 3 0 3 2 0 3 0 2 0 0 0 0 1 3 0 0 0 2 2 3 0 4 4 1 1 4 1 0 0 0 3 1 1 0 0 1 3 3 3 3 3 0 2 3 0 2 1 3 0 1 4 2 3 4 0 2 2 3 4 3 4 0 1 0 4 0 1 0 0 0 2 3 0 0 0 0 1 1 3 2 3 4 0 0 4 1 4 4 3 3 3 3 1 3 4 2 0 0 0 0 0 0 0 0 0 1 
#TS48
2 3 3 2 3 0 4 2 0 1 0 1 0 1 0 0 1 0 0 0 0 4 4 3 3 3 2 0 4 2 0 0 1 0 2 4 0 0 0 1 3 3 2 2 3 0 0 0 0 1 2 0 1 1 2 4 4 3 0 0 0 4 4 2 1 2 1 3 0 0 3 1 2 3 3 1 2 0 1 0 3 1 3 2 3 1 0 0 4 3 4 3 3 3 4 2 1 3 4 3 0 0 0 0 0 0 0 0 0 0 
3 3 4 4 3 0 4 3 0 2 0 2 0 0 0 0 1 1 0 0 0 3 4 4 1 4 3 1 4 3 0 0 1 0 3 4 1 0 0 1 1 3 3 1 3 3 1 0 0 1 3 1 0 1 3 4 4 3 0 1 1 3 4 3 1 2 4 4 1 0 3 3 3 4 2 1 2 0 1 0 2 0 3 1 3 3 0 0 4 3 4 4 3 3 3 2 0 3 4 3 0 0 0 0 0 0 0 0 0 0 
#TS49
1 2 3 3 4 0 4 2 0 3 0 2 0 0 0 0 1 3 0 0 0 1 2 2 1 4 3 2 1 2 1 0 1 1 3 4 3 0 0 1 0 3 3 3 3 3 3 3 2 1 4 3 2 1 2 2 1 1 0 2 0 3 4 3 2 2 1 3 4 0 1 0 0 1 2 2 1 0 1 0 2 0 3 1 3 2 0 0 1 3 4 4 3 2 2 2 1 4 4 3 0 0 0 0 0 0 0 0 0 0 
1 2 3 3 4 0 4 2 0 3 0 2 0 0 0 1 1 3 0 0 0 1 2 3 1 4 3 2 1 2 1 0 1 0 3 4 2 0 0 1 0 3 3 3 3 3 3 3 2 1 4 2 3 1 2 2 1 1 0 1 0 2 4 3 1 2 1 2 4 0 1 0 0 1 2 3 1 0 1 0 2 0 3 1 3 3 0 0 0 3 4 4 4 2 3 2 1 3 4 3 0 0 0 0 0 0 0 0 0 0 
#TS50
4 4 3 4 3 0 4 4 0 2 0 3 0 0 0 4 1 3 0 0 0 1 3 2 2 2 1 0 4 1 0 0 0 0 3 0 0 0 4 1 0 0 3 3 3 2 4 2 3 4 4 3 3 1 3 2 1 2 2 4 2 4 4 3 2 2 1 3 2 0 0 3 0 3 4 0 4 0 0 0 2 0 1 0 1 0 2 3 0 1 4 4 3 4 4 0 2 2 4 3 0 0 0 0 0 0 0 1 0 0 
4 4 3 3 3 0 4 4 0 3 0 3 0 0 0 4 1 3 0 0 0 0 3 2 4 2 1 0 3 1 0 0 0 1 2 0 0 0 3 1 0 0 4 3 3 3 3 2 3 3 4 3 3 1 4 2 0 1 2 4 1 4 4 3 2 2 1 3 2 0 0 3 0 3 3 0 4 0 0 0 1 0 0 1 2 0 2 3 0 1 4 4 3 4 3 2 2 2 4 3 0 0 0 0 0 0 0 0 0 0 
#TS51
1 1 2 2 1 0 4 2 0 0 0 0 0 1 0 1 3 3 0 0 0 0 1 1 1 4 3 0 2 3 0 0 1 0 2 0 0 0 2 1 0 3 2 2 3 3 3 3 0 0 4 3 3 1 2 0 0 3 0 2 0 2 4 3 2 2 1 2 4 0 1 0 0 0 2 4 3 0 1 0 2 0 3 1 2 0 0 0 0 0 4 4 3 3 3 2 2 2 3 1 0 0 0 0 0 0 1 0 0 0 
1 0 3 3 1 0 4 2 0 0 1 0 0 1 0 1 2 3 0 0 0 0 1 1 1 3 3 1 2 3 0 0 0 0 3 0 0 0 3 1 0 3 2 1 3 3 3 3 0 0 4 3 3 1 2 0 0 3 0 2 1 2 4 4 2 2 0 3 2 0 2 0 0 2 3 3 4 1 1 0 2 0 3 1 3 0 0 0 0 0 4 4 3 2 3 2 1 1 3 1 0 0 0 0 0 0 1 0 0 0 
#TS52
0 1 3 2 3 0 4 2 0 3 0 2 0 0 0 0 1 3 0 0 0 0 0 1 1 4 2 3 0 3 1 0 0 0 2 4 3 0 0 1 0 3 3 3 3 3 3 3 2 0 4 3 3 1 2 2 1 1 0 1 0 2 4 3 3 2 1 2 4 0 1 0 0 0 2 3 0 0 1 0 2 0 3 1 3 3 0 0 0 3 4 4 3 3 3 2 1 3 4 2 0 0 0 0 0 0 0 0 0 0 
0 2 3 2 3 0 4 2 0 3 0 2 0 0 0 0 1 3 0 0 0 0 1 1 1 4 3 2 1 3 1 0 0 0 2 4 4 0 0 1 0 3 4 3 3 3 3 3 3 1 4 2 3 1 2 2 1 1 0 1 0 2 4 3 2 2 1 1 4 0 1 0 0 0 2 3 0 0 1 0 2 0 3 1 3 3 0 0 0 2 4 4 3 3 3 2 1 3 4 3 0 0 0 0 0 0 0 0 0 0 
#TS53
0 2 3 2 3 0 4 2 0 3 0 2 0 0 0 1 1 3 0 0 0 0 1 2 1 4 2 2 1 3 1 0 1 0 2 4 3 0 0 1 0 4 2 3 3 3 3 3 2 0 4 3 3 1 2 1 1 1 0 1 0 2 4 3 2 2 1 2 4 0 1 0 0 0 2 3 0 0 1 0 2 0 3 1 3 3 0 0 0 4 4 4 4 3 3 2 1 4 4 3 0 0 0 0 0 0 0 0 0 0 
0 2 2 2 3 0 4 2 0 3 0 3 0 0 0 0 1 3 0 0 0 0 1 1 1 4 3 2 1 3 0 0 0 0 2 4 3 0 0 1 0 3 2 3 3 3 3 3 2 1 4 3 3 1 2 2 1 1 0 2 0 2 4 3 2 2 0 2 4 0 1 0 0 0 2 3 0 0 1 0 2 1 3 1 3 4 0 1 0 3 4 4 4 3 3 2 1 3 4 3 0 0 0 0 0 0 0 0 0 0 
#TS54
2 2 3 2 1 0 4 2 0 0 1 0 0 1 0 1 4 3 0 0 0 0 4 3 2 4 3 0 4 3 0 0 0 0 2 0 0 0 3 1 0 3 2 1 3 3 2 2 0 0 4 3 3 1 2 0 0 4 2 4 1 3 3 3 3 2 0 3 0 4 3 4 3 3 3 0 4 0 1 0 2 0 3 1 3 0 0 0 3 0 3 4 3 3 3 2 1 2 3 1 0 0 0 0 0 0 0 0 0 0 
2 1 3 2 3 0 4 2 0 2 1 2 0 0 0 1 2 3 0 0 0 0 4 4 2 4 3 0 3 3 0 0 0 0 2 4 1 0 0 1 0 3 3 1 3 3 2 2 2 0 4 4 3 1 2 2 1 2 2 3 2 3 3 3 2 2 1 4 0 3 4 3 3 4 4 0 4 0 1 0 2 0 3 1 3 3 1 0 3 2 4 3 3 3 4 2 1 3 4 2 0 0 0 0 0 0 0 0 0 0 
#TS55
0 2 3 2 3 0 4 2 0 3 0 2 0 0 0 0 1 3 0 0 0 0 1 1 1 4 3 2 1 3 1 0 0 0 3 4 3 0 0 1 0 3 3 3 3 3 4 3 3 1 4 3 3 1 2 3 1 1 0 1 0 1 3 3 2 2 1 2 4 0 1 0 0 0 2 3 0 0 1 0 3 1 3 1 2 3 0 0 0 3 4 4 4 3 3 2 0 3 4 3 0 0 0 0 0 0 0 0 0 0 
0 2 3 2 4 0 3 2 0 3 0 2 0 0 0 0 1 3 0 0 0 0 1 1 1 4 3 2 1 3 1 0 0 0 2 4 3 0 0 1 0 3 3 3 3 3 3 3 2 1 4 3 3 1 2 3 0 1 0 2 0 2 4 3 3 1 0 2 4 0 1 0 0 0 2 3 0 0 1 0 2 0 3 1 3 2 0 0 0 2 4 4 4 3 3 2 1 3 4 4 0 0 0 0 0 0 0 0 0 0 
#TS56
2 3 3 1 3 0 4 4 0 0 0 2 0 1 0 0 1 0 0 0 0 3 4 3 3 4 3 0 4 3 0 0 2 0 2 4 0 0 0 1 3 3 2 2 3 0 0 0 0 1 3 0 2 1 2 4 4 2 0 0 0 4 4 2 2 2 1 3 1 0 3 1 2 3 3 1 1 0 1 0 3 0 3 2 3 1 0 0 3 2 4 4 3 3 4 2 1 3 4 3 1 0 0 0 0 0 0 0 0 0 
2 3 3 2 3 0 4 2 0 1 0 1 0 1 0 0 1 0 0 0 0 4 4 3 3 3 2 0 4 2 0 0 1 0 2 4 0 0 0 1 3 3 2 2 3 0 0 0 0 1 2 0 1 1 2 4 4 3 0 0 0 4 4 2 1 2 1 3 0 0 3 1 2 3 3 1 2 0 1 0 3 1 3 2 3 1 0 0 4 3 4 3 3 3 4 2 1 3 4 3 0 0 0 0 0 0 0 0 0 0 
#TS57
0 1 3 2 3 0 4 2 0 3 0 2 0 0 0 0 2 3 0 0 0 0 1 1 1 4 3 2 1 3 0 0 0 0 3 4 3 0 0 1 0 3 3 2 3 3 3 3 2 1 4 3 3 1 2 1 1 1 0 1 0 2 4 3 2 2 1 2 4 0 1 0 0 0 2 3 0 0 1 0 2 0 3 1 3 2 0 0 0 3 4 4 3 3 2 3 1 3 4 3 0 0 0 0 0 0 0 0 0 0 
0 2 2 2 3 0 4 2 0 3 0 2 0 0 0 0 1 3 0 0 0 0 1 1 1 4 2 2 0 3 1 0 0 0 3 4 4 0 0 1 0 3 3 3 3 3 3 3 2 1 4 3 3 1 2 2 1 1 0 1 0 1 4 3 3 2 1 2 4 0 1 0 0 0 2 3 0 0 1 0 2 1 4 1 3 3 0 0 0 2 4 4 3 2 2 2 1 3 4 2 0 0 0 0 0 0 0 0 0 0 
#TS58
0 2 3 2 3 0 4 2 0 3 0 2 0 0 0 0 1 3 0 0 0 0 1 1 1 4 3 2 1 3 1 0 0 0 2 4 3 0 0 1 0 3 3 3 3 3 3 3 2 1 4 3 3 1 2 2 1 1 0 1 0 2 4 3 2 2 1 2 4 0 1 0 0 0 2 3 0 0 1 0 2 0 3 1 3 3 0 0 0 3 4 4 3 3 3 2 1 3 4 3 0 0 1 0 0 0 0 0 0 0 
0 2 3 2 3 0 4 2 0 2 0 1 0 0 0 0 1 3 0 0 0 0 1 1 0 4 3 2 1 3 1 0 0 0 2 4 4 0 0 1 0 3 1 3 3 3 3 4 2 1 3 3 3 1 2 2 0 1 1 2 1 0 4 3 2 2 0 2 4 0 1 0 0 0 2 3 0 0 1 0 2 0 3 1 3 3 0 0 1 3 2 4 3 3 3 2 1 3 4 2 0 0 1 0 0 0 0 0 0 0 
#TS59
1 2 3 2 3 0 4 3 0 3 0 3 0 0 0 0 1 1 0 0 0 3 4 4 2 4 3 2 4 2 1 0 1 0 2 4 1 0 0 1 0 2 3 3 3 2 1 0 1 2 2 1 0 1 2 3 3 3 0 1 1 4 4 4 3 2 1 4 0 0 3 3 3 4 3 0 4 0 1 0 2 1 3 1 3 3 0 0 4 2 4 3 3 3 3 2 1 3 4 3 0 0 0 0 0 0 0 0 0 0 
2 2 3 4 3 0 4 2 0 3 0 2 0 0 0 0 1 2 0 0 0 2 3 3 1 4 3 2 3 2 1 0 0 0 2 4 3 0 0 1 0 3 3 3 3 3 2 1 1 2 3 2 1 1 2 2 2 2 0 1 2 3 4 3 3 2 2 4 1 0 2 1 1 3 3 0 2 0 1 0 2 0 3 1 3 3 0 0 4 3 4 4 4 3 3 2 1 3 4 3 0 0 0 0 0 0 0 0 0 0 
#TS60
0 2 3 2 3 0 4 2 0 3 0 2 0 0 0 0 1 3 0 0 0 0 1 1 1 4 3 2 1 3 1 0 0 0 2 4 3 0 0 1 0 3 3 3 3 3 3 3 2 1 4 3 3 1 2 2 1 1 0 1 0 2 4 3 2 2 1 2 4 0 1 0 0 0 2 3 0 0 1 0 2 0 3 1 3 3 0 0 0 3 4 4 3 3 3 2 1 3 4 3 0 0 0 0 0 1 0 0 0 0 
0 2 3 2 3 0 4 2 0 3 0 2 0 0 0 0 1 3 0 0 3 0 1 1 1 0 3 1 0 2 1 0 0 0 2 4 3 0 0 1 0 3 3 3 3 0 3 3 1 0 4 3 2 1 2 2 1 1 0 0 1 0 4 2 2 2 1 2 4 0 1 0 0 0 3 3 0 0 1 0 2 0 3 0 4 3 0 0 0 2 4 4 3 3 3 3 1 1 4 3 0 0 0 0 0 1 0 0 0 0 
#TS61
0 3 3 3 3 0 3 2 0 3 0 2 0 0 0 1 1 3 0 0 0 1 2 3 1 4 3 2 1 3 0 0 0 0 3 4 3 0 0 0 0 3 3 3 3 3 3 3 2 1 4 3 3 1 2 2 1 1 0 2 0 2 4 3 3 2 1 2 4 0 1 0 0 1 2 2 1 0 1 0 2 0 3 1 3 3 0 0 2 3 4 4 3 2 3 2 1 3 4 4 0 0 0 0 0 0 0 0 0 0 
0 2 4 3 3 0 4 2 0 3 0 2 0 0 0 0 1 3 0 0 0 0 2 2 1 4 3 3 1 3 1 0 0 0 2 4 3 0 0 1 0 3 3 3 3 2 3 3 1 0 4 3 2 1 2 2 1 1 0 1 0 2 4 3 2 2 2 3 4 0 1 0 0 0 2 2 0 0 1 0 2 0 3 1 3 3 0 0 1 3 4 4 2 3 3 2 1 3 4 3 0 0 0 0 0 0 0 0 0 0 
#TS62
1 3 2 3 3 0 4 2 0 3 0 3 0 0 0 0 1 3 0 0 0 1 2 3 1 4 3 2 1 3 1 0 1 0 3 4 3 0 0 1 0 3 3 3 3 3 4 3 2 0 4 2 3 1 2 2 1 1 0 1 0 3 3 3 1 2 1 3 4 0 1 0 0 1 2 2 0 0 1 0 2 0 3 1 3 3 0 0 0 3 4 4 4 3 3 2 1 3 4 3 0 0 0 0 0 0 0 0 0 0 
1 2 4 2 3 0 4 2 0 2 0 3 0 0 0 0 1 3 0 0 0 0 2 2 1 4 2 1 1 3 1 0 0 0 3 4 4 0 0 1 0 3 2 3 3 3 3 3 2 1 4 2 3 1 2 1 1 1 0 1 0 2 4 3 2 2 1 2 4 0 1 0 0 0 2 3 0 0 1 0 2 0 3 1 3 2 0 0 0 3 4 4 3 3 4 2 1 3 4 3 0 0 0 0 0 0 0 0 0 0 
#TS63
0 2 4 3 3 0 4 4 0 3 0 2 0 0 0 0 1 3 0 0 0 3 4 3 0 4 3 1 3 4 1 0 0 0 2 1 0 0 0 1 3 3 3 3 3 0 0 2 0 1 0 2 0 0 3 2 4 4 0 2 3 3 4 3 4 0 0 1 4 0 3 3 0 3 3 1 2 0 0 0 2 0 3 3 2 3 0 0 3 2 4 4 3 3 3 2 1 4 4 4 0 0 0 0 0 0 0 0 0 1 
0 2 3 3 4 0 4 2 0 4 0 2 0 0 0 0 1 3 0 0 0 3 4 4 0 4 4 1 4 4 1 0 0 0 2 1 0 0 0 1 3 3 3 3 3 0 0 2 0 1 1 2 0 0 3 2 3 3 0 2 3 3 4 4 4 1 0 1 3 1 4 3 0 3 3 0 3 0 0 0 2 1 3 3 3 3 0 0 3 2 4 3 3 3 4 2 1 3 4 2 0 0 0 0 0 0 0 0 0 1 
#TS64
0 3 3 2 3 0 4 2 0 3 0 2 0 0 0 3 1 3 0 0 0 1 1 1 1 2 3 1 1 3 1 0 0 0 2 0 4 0 2 1 0 1 3 3 3 3 3 4 3 3 4 4 3 1 4 2 1 2 0 1 0 2 3 3 1 2 2 3 4 0 0 0 0 0 3 1 2 0 0 0 2 0 1 1 2 3 0 2 0 2 4 3 3 4 4 1 1 3 4 3 0 0 0 0 0 0 0 1 0 0 
1 2 3 3 3 0 4 2 0 3 0 2 0 0 0 3 1 3 0 0 0 0 1 1 1 2 2 0 1 3 0 0 0 0 2 0 3 0 4 1 1 0 3 3 3 2 3 3 3 3 4 3 3 1 3 2 1 2 0 1 0 2 4 3 1 2 0 2 4 0 0 0 0 0 3 1 3 0 0 0 2 0 1 1 3 3 1 3 0 1 4 3 3 3 4 1 1 3 4 3 0 0 0 0 0 0 0 1 0 0 
#TS65
0 2 2 0 3 0 4 2 0 1 0 2 0 0 0 0 2 2 0 0 0 2 1 1 1 3 3 0 2 3 1 0 0 0 2 4 3 0 0 1 3 3 1 3 3 0 2 2 1 1 4 2 1 1 2 3 3 2 0 0 0 2 4 2 1 2 1 2 4 0 1 0 0 0 2 2 0 0 1 0 3 1 3 1 2 1 0 0 2 3 4 4 3 3 3 2 1 3 4 3 1 0 0 0 0 0 0 0 0 0 
0 2 3 0 3 0 4 2 0 1 0 2 0 1 0 0 1 1 0 0 0 3 1 1 1 4 3 0 1 3 0 0 0 0 2 4 1 0 0 1 3 3 2 3 3 0 2 2 0 1 2 1 1 1 2 3 4 3 0 0 0 2 3 2 1 2 0 2 4 0 1 0 0 0 2 1 0 0 1 0 3 0 3 2 3 1 0 0 2 3 3 4 3 3 4 2 1 3 4 2 1 0 0 0 0 0 0 0 0 0 
#TS66
2 2 3 3 3 0 4 2 0 0 0 0 0 1 0 0 1 4 0 0 0 0 1 1 0 3 3 2 1 3 0 0 0 0 2 4 1 0 0 1 0 3 0 0 1 3 4 4 2 0 2 3 3 1 2 3 0 1 2 2 3 0 0 1 3 1 1 2 4 0 1 0 0 0 0 3 0 2 3 0 3 0 3 1 3 3 0 0 4 2 0 2 3 1 1 2 1 3 4 3 0 0 1 0 0 0 0 0 0 0 
2 2 3 3 3 0 4 3 0 0 0 0 0 0 0 0 1 3 0 0 0 0 2 1 0 4 3 3 2 3 0 0 0 0 3 4 0 0 0 1 0 3 0 0 0 3 3 3 2 0 2 4 3 1 2 3 0 1 2 2 3 0 0 1 4 1 1 2 3 0 1 0 0 0 0 3 0 2 4 0 2 0 3 1 3 2 0 0 4 3 1 1 3 1 3 2 2 3 4 3 0 0 0 0 0 0 0 0 0 0 
#TS67
0 2 3 2 4 0 4 2 0 3 0 2 0 0 0 0 1 3 0 0 0 0 1 1 0 4 3 1 1 3 0 0 0 0 3 4 4 0 0 3 0 3 3 3 3 3 3 3 2 1 4 3 3 1 2 2 1 1 0 1 0 2 4 3 1 2 1 2 4 0 1 0 0 0 2 3 0 0 1 0 2 0 3 1 3 3 0 0 0 3 4 4 3 2 3 3 1 3 4 2 0 0 0 0 0 0 0 0 0 0 
0 2 3 2 3 0 4 2 0 3 0 2 0 0 0 0 1 3 0 0 0 1 1 1 1 4 3 2 1 3 1 0 0 0 3 4 4 0 0 1 0 3 3 3 2 3 3 3 3 0 4 4 3 1 2 2 1 1 0 1 0 1 4 3 2 2 1 2 4 0 1 0 0 0 2 3 0 0 1 0 2 0 3 1 3 3 0 0 0 3 4 3 3 3 3 3 1 3 4 3 0 0 0 0 0 0 0 0 0 0 
#TS68
2 2 3 3 3 0 4 2 2 0 0 2 0 2 0 3 3 3 0 0 0 0 2 1 1 4 3 3 2 3 0 0 0 0 2 0 0 0 0 1 0 3 0 0 3 2 2 2 2 0 3 3 2 1 2 0 2 2 0 1 0 2 3 0 2 2 1 3 2 0 2 0 0 0 3 3 0 0 1 0 2 0 3 1 3 3 0 0 0 3 1 1 1 0 1 2 1 3 4 4 0 1 0 0 0 0 0 0 0 0 
2 2 3 4 3 0 4 2 2 0 0 3 0 2 0 4 3 3 0 0 0 0 2 2 1 4 3 4 3 3 0 0 0 0 2 0 0 0 0 1 0 3 0 0 2 2 3 1 1 0 4 3 1 1 3 0 1 1 0 2 0 3 2 0 2 2 1 2 1 0 3 2 1 0 2 3 1 1 2 0 3 0 3 1 3 3 0 0 0 2 0 2 1 0 1 2 1 3 4 2 0 1 0 0 0 0 0 0 0 0 
#TS69
0 1 3 2 3 0 1 2 0 3 0 2 0 0 0 0 1 3 0 0 0 3 4 4 0 4 4 1 4 4 1 0 0 0 3 1 0 0 0 1 4 3 3 3 3 0 0 2 0 1 1 2 0 1 4 2 3 4 0 2 3 4 4 3 4 0 1 0 4 0 3 3 0 3 4 2 2 0 0 0 2 1 3 2 3 3 0 0 3 2 4 4 3 3 3 2 1 3 4 3 0 0 0 0 0 0 0 0 0 1 
0 2 4 3 3 0 4 4 0 3 0 2 0 0 0 0 1 3 0 0 0 3 4 3 0 4 3 1 3 4 1 0 0 0 2 1 0 0 0 1 3 3 3 3 3 0 0 2 0 1 0 2 0 0 3 2 4 4 0 2 3 3 4 3 4 0 0 1 4 0 3 3 0 3 3 1 2 0 0 0 2 0 3 3 2 3 0 0 3 2 4 4 3 3 3 2 1 4 4 4 0 0 0 0 0 0 0 0 0 1 
#TS70
0 2 3 3 4 0 4 2 0 4 0 2 0 0 0 0 1 3 0 0 0 3 4 4 0 4 4 1 4 4 1 0 0 0 2 1 0 0 0 1 3 3 3 3 3 0 0 2 0 1 1 2 0 0 3 2 3 3 0 2 3 3 4 4 4 1 0 1 3 1 4 3 0 3 3 0 3 0 0 0 2 1 3 3 3 3 0 0 3 2 4 3 3 3 4 2 1 3 4 2 0 0 0 0 0 0 0 0 0 1 
0 2 3 3 3 0 4 4 0 3 0 2 0 0 0 0 1 3 0 0 0 3 4 4 0 4 4 1 3 3 1 0 0 0 2 1 0 0 0 1 4 3 3 3 3 0 0 2 0 1 2 1 0 1 3 2 4 4 0 3 2 4 4 4 3 0 0 2 3 3 3 4 0 3 4 0 3 0 0 0 2 0 3 2 3 3 0 0 3 2 4 4 4 3 3 2 1 3 4 3 0 0 0 0 0 0 0 0 0 1 
#TS71
0 1 4 4 3 0 3 2 0 3 0 2 0 0 0 0 1 3 0 0 0 2 2 3 0 4 4 1 1 4 1 0 0 0 3 1 1 0 0 1 3 3 3 3 3 0 2 3 0 2 1 3 0 1 4 2 3 4 0 2 2 3 4 3 4 0 1 0 4 0 1 0 0 0 2 3 0 0 0 0 1 1 3 2 3 4 0 0 4 1 4 4 3 3 3 3 1 3 4 2 0 0 0 0 0 0 0 0 0 1 
0 1 3 2 4 0 1 3 0 3 0 2 0 0 0 0 1 3 0 0 0 3 2 3 0 4 4 1 2 3 1 0 0 0 3 1 0 0 0 1 3 3 3 3 3 0 1 3 0 2 0 3 0 1 3 2 3 4 0 2 2 3 3 3 3 0 1 0 4 0 1 0 0 2 2 3 0 0 0 0 2 1 3 2 3 3 0 0 3 2 4 4 3 3 2 2 1 3 4 2 0 0 0 0 0 0 0 0 0 1 
#TS72
0 2 3 2 3 0 4 2 0 3 0 2 0 0 0 0 1 3 0 0 0 0 1 1 1 4 3 2 1 3 1 0 0 0 2 4 3 0 0 1 0 3 3 3 3 3 3 3 2 1 4 3 3 1 2 2 1 1 0 1 0 2 4 3 2 2 1 2 4 0 1 0 0 0 2 3 0 0 1 0 2 0 3 1 3 3 0 0 0 3 4 4 3 3 3 2 1 3 4 3 0 0 0 0 0 0 0 1 0 0 
0 3 3 2 3 0 4 2 0 3 0 2 0 0 0 3 1 3 0 0 0 1 1 1 1 2 3 1 1 3 1 0 0 0 2 0 4 0 2 1 0 1 3 3 3 3 3 4 3 3 4 4 3 1 4 2 1 2 0 1 0 2 3 3 1 2 2 3 4 0 0 0 0 0 3 1 2 0 0 0 2 0 1 1 2 3 0 2 0 2 4 3 3 4 4 1 1 3 4 3 0 0 0 0 0 0 0 1 0 0 
#TS73
3 2 3 1 3 0 4 3 0 0 0 3 0 0 0 0 1 0 0 0 0 2 3 3 2 4 3 1 4 3 0 0 0 0 2 4 0 0 0 1 3 3 2 3 3 0 0 0 1 1 2 0 1 1 2 3 3 3 0 0 0 4 3 2 2 2 1 3 0 0 4 1 3 2 3 1 0 0 1 0 3 1 3 2 3 1 0 0 3 3 4 4 4 2 3 2 1 4 4 3 1 0 0 0 0 0 0 0 0 0 
2 3 3 1 3 0 4 4 0 0 0 2 0 1 0 0 1 0 0 0 0 3 4 3 3 4 3 0 4 3 0 0 2 0 2 4 0 0 0 1 3 3 2 2 3 0 0 0 0 1 3 0 2 1 2 4 4 2 0 0 0 4 4 2 2 2 1 3 1 0 3 1 2 3 3 1 1 0 1 0 3 0 3 2 3 1 0 0 3 2 4 4 3 3 4 2 1 3 4 3 1 0 0 0 0 0 0 0 0 0 
#TS74
3 3 4 4 4 0 4 2 2 0 0 2 0 2 0 4 3 3 0 0 0 1 2 3 2 4 3 3 4 3 0 0 0 0 2 0 0 0 0 1 0 3 0 0 3 3 2 1 1 0 4 3 1 1 2 0 2 1 3 3 0 3 1 0 2 2 2 2 0 0 4 2 2 1 3 0 3 1 3 1 3 0 3 1 3 3 0 0 3 3 0 2 1 0 0 1 1 4 4 3 0 0 0 0 0 0 0 0 0 0 
2 2 3 4 3 0 4 3 0 1 0 2 0 0 0 1 2 3 0 0 0 2 3 3 2 4 3 3 3 3 0 0 1 0 3 4 0 0 0 1 0 3 2 0 3 3 3 1 2 0 4 2 2 1 2 2 1 1 3 3 2 2 1 1 2 2 2 3 0 0 3 3 2 3 2 0 3 1 3 1 2 0 3 1 2 3 1 0 3 3 3 2 3 0 1 2 1 3 4 4 0 0 0 0 0 0 0 0 0 0 
#TS75
0 3 3 2 3 0 4 2 0 3 0 2 0 0 0 0 1 3 0 0 0 0 1 2 1 4 2 2 1 3 1 0 0 0 2 4 3 0 0 0 0 3 3 2 3 3 3 3 2 1 4 3 3 1 2 2 1 1 0 1 0 2 4 2 1 2 1 2 4 0 1 0 0 0 3 3 0 0 1 0 2 0 3 1 4 3 0 0 0 2 4 4 3 3 2 2 1 3 4 4 0 0 0 0 0 0 0 0 0 0 
0 2 3 2 4 0 4 2 0 3 0 2 0 0 0 0 1 4 0 0 0 0 1 2 1 4 3 2 1 3 1 0 1 0 2 4 4 0 0 1 0 3 3 3 3 3 3 3 2 1 4 3 2 2 2 2 1 1 0 1 0 3 4 3 1 2 1 2 4 0 1 0 0 0 2 3 0 1 1 0 2 1 3 1 3 3 0 0 0 2 4 4 3 3 2 2 1 3 4 3 0 0 0 0 0 0 0 0 0 0 
#TS76
1 1 3 0 3 0 4 2 3 2 0 2 0 0 0 0 1 4 1 0 0 0 0 0 0 4 3 2 1 3 3 0 0 0 2 3 3 0 0 1 4 3 0 0 3 3 3 3 3 1 0 3 3 1 2 2 0 1 1 1 0 0 3 1 3 0 1 2 4 0 0 0 0 0 2 0 1 0 1 0 4 0 0 1 1 2 2 1 2 0 4 4 0 0 2 2 1 3 4 1 0 0 0 0 0 0 0 0 1 0 
0 2 3 1 3 0 4 1 3 1 0 3 0 0 0 0 1 3 2 0 0 0 0 1 0 4 3 2 1 2 3 0 1 0 2 4 3 0 1 2 3 2 0 0 2 3 3 3 3 1 0 3 3 1 2 2 0 0 2 1 0 0 2 0 3 0 1 3 4 0 0 0 0 0 2 0 1 0 1 0 4 0 0 0 1 2 2 1 2 0 4 4 0 0 0 2 1 3 4 1 0 0 0 0 0 0 0 0 1 0 
#TS77
0 2 3 2 3 0 4 2 0 3 0 2 0 0 0 0 1 3 0 0 0 0 1 2 1 4 2 2 1 3 0 0 0 0 4 4 3 0 0 1 0 3 3 3 3 3 3 3 2 1 4 3 3 1 2 2 1 2 0 1 0 2 4 3 2 2 1 2 4 0 1 0 0 0 2 3 0 0 1 0 2 0 3 1 3 3 0 0 0 3 4 4 3 3 3 2 1 3 4 4 0 0 0 0 0 0 0 0 0 0 
0 2 3 2 3 0 4 2 0 3 0 2 0 0 0 0 1 4 0 0 0 0 1 2 1 4 3 2 1 3 1 0 0 0 2 4 3 0 0 1 0 4 2 3 3 3 3 3 2 1 4 3 3 1 2 2 1 1 0 2 0 2 4 3 2 2 2 2 4 0 1 0 0 0 2 3 0 0 1 0 2 0 3 1 3 3 0 0 0 3 4 3 3 3 3 2 1 3 4 3 0 0 0 0 0 0 0 0 0 0 
#TS78
3 3 3 3 4 0 4 2 0 2 0 2 0 0 0 0 1 3 1 0 0 0 3 3 1 4 3 3 3 3 0 0 0 0 2 4 2 0 0 1 0 3 3 1 3 3 2 2 2 0 4 3 3 1 3 1 1 1 4 2 2 3 2 2 2 2 2 3 1 0 3 2 1 3 2 0 3 1 4 0 2 0 3 1 3 3 1 0 4 3 3 3 3 1 2 2 1 3 4 3 0 0 0 0 0 0 0 0 0 0 
1 3 3 4 3 0 4 2 0 2 0 2 0 0 0 0 1 3 0 0 0 0 2 3 1 3 3 3 2 3 0 0 0 0 3 4 2 0 0 1 0 3 3 1 3 3 2 3 2 0 4 3 3 1 3 2 1 1 2 3 1 2 2 2 2 2 3 3 3 0 2 0 0 3 2 1 2 1 3 0 2 0 3 1 3 3 0 0 2 3 4 3 3 2 3 2 1 3 4 4 0 0 0 0 0 0 0 0 0 0 
#TS79
0 1 2 2 3 0 4 2 0 3 0 2 0 0 0 0 1 3 0 0 0 0 1 1 1 4 3 2 1 3 0 0 0 0 2 4 3 0 0 1 0 3 3 3 3 3 4 3 2 1 4 3 3 1 2 2 1 2 0 1 0 1 4 2 2 2 1 2 4 0 1 0 0 0 2 3 0 0 1 0 2 0 3 1 3 2 0 0 0 3 4 4 3 3 3 2 1 3 4 3 0 0 0 0 0 0 0 0 0 0 
0 1 3 1 3 0 4 2 0 3 0 2 0 0 0 0 2 3 0 0 0 0 1 1 1 4 3 2 1 3 0 0 0 1 3 4 3 0 0 1 0 3 3 3 3 3 3 3 2 1 4 4 3 1 2 2 0 1 0 1 0 2 4 2 2 2 1 2 4 0 1 0 0 0 2 4 0 0 1 0 2 0 3 1 3 3 0 0 0 3 4 4 3 3 3 2 1 4 4 3 0 0 0 0 0 0 0 0 0 0 
#TS80
0 2 3 3 4 0 4 2 0 3 0 2 0 0 0 0 1 0 0 0 4 3 1 3 0 0 0 1 0 0 0 0 1 3 2 4 1 0 0 1 0 3 3 3 3 0 2 1 0 1 2 0 0 0 2 3 3 4 0 0 2 0 3 3 1 2 1 3 4 0 1 0 0 0 3 3 0 0 1 0 1 0 3 0 3 3 0 0 0 2 4 3 3 3 3 2 1 0 1 2 0 0 0 0 0 1 0 0 0 0 
1 3 3 3 4 0 4 2 0 3 0 2 0 0 0 0 1 0 0 0 4 3 1 3 1 0 0 1 1 0 0 0 1 4 1 4 0 0 0 2 0 3 3 3 3 0 1 1 0 1 2 0 0 0 1 3 3 3 0 0 2 1 4 2 1 2 2 2 3 0 1 0 0 1 3 4 0 0 1 0 1 0 3 0 3 3 0 0 0 2 4 4 3 3 3 3 0 1 1 4 0 0 0 0 0 1 0 0 0 0 
#TS81
0 2 3 3 4 0 4 2 0 3 0 2 0 0 0 0 2 3 0 0 0 0 1 1 1 4 3 2 1 3 0 0 0 0 3 4 3 0 0 1 0 3 3 2 3 3 4 3 2 1 4 2 3 1 2 2 1 1 0 1 0 2 4 3 2 1 1 2 4 0 1 0 0 0 2 3 0 0 1 0 2 0 3 0 3 2 0 0 0 3 4 4 3 3 3 2 1 3 4 3 0 0 0 0 0 0 0 0 0 0 
0 2 2 2 4 0 4 2 0 3 0 3 0 0 0 0 1 3 0 0 0 0 2 1 1 4 3 2 1 3 1 0 0 0 2 4 3 0 0 1 0 3 3 3 3 3 3 3 2 1 4 3 3 1 2 2 1 1 1 2 0 3 3 3 3 2 1 2 4 0 1 0 0 0 2 3 0 0 1 0 2 0 3 1 3 2 0 0 0 3 4 4 3 3 3 2 2 3 4 3 0 0 0 0 0 0 0 0 0 0 
#TS82
2 3 3 4 3 0 4 2 2 0 0 2 0 1 0 4 3 3 0 0 0 1 2 3 2 4 4 4 3 3 0 0 1 0 3 0 0 0 0 1 0 3 0 0 2 2 2 1 1 0 4 3 1 1 2 0 2 2 4 3 0 3 1 0 3 2 2 3 1 0 3 3 2 0 2 1 2 2 3 1 4 0 3 1 3 3 0 0 2 3 0 1 1 0 1 2 1 3 4 3 0 1 0 0 0 0 0 0 0 0 
3 3 4 4 4 0 4 2 2 0 0 2 0 2 0 4 3 3 0 0 0 1 2 3 2 4 3 3 4 3 0 0 0 0 2 0 0 0 0 1 0 3 0 0 3 3 2 1 1 0 4 3 1 1 2 0 2 1 3 3 0 3 1 0 2 2 2 2 0 0 4 2 2 1 3 0 3 1 3 1 3 0 3 1 3 3 0 0 3 3 0 2 1 0 0 1 1 4 4 3 0 0 0 0 0 0 0 0 0 0 
#TS83
2 1 3 2 1 0 4 2 0 0 1 1 0 1 0 1 3 3 0 0 0 0 4 3 3 4 3 0 4 2 0 0 0 0 3 0 0 0 3 1 0 3 2 2 3 3 3 2 0 1 4 3 3 1 2 0 1 2 1 3 2 3 4 4 2 2 1 2 0 1 3 3 2 3 4 3 4 0 2 0 2 0 3 1 3 0 0 0 1 0 4 4 3 3 4 2 1 1 2 1 0 0 0 0 0 0 1 0 0 0 
2 1 3 2 2 0 4 2 0 0 1 0 0 1 0 2 3 3 0 0 0 0 4 4 4 4 3 0 4 3 0 0 0 0 2 0 0 0 3 1 0 3 1 1 3 3 3 1 0 0 4 3 3 1 2 0 1 3 1 3 2 3 4 3 2 2 1 3 0 4 3 3 2 4 3 1 4 0 1 0 2 0 3 1 2 0 0 0 2 0 3 4 3 4 3 3 1 2 3 0 0 0 0 0 0 0 1 0 0 0 
#TS84
1 2 3 3 3 0 4 2 0 3 0 3 0 0 0 0 1 3 0 0 0 0 2 2 1 4 3 3 2 3 0 0 0 0 2 4 3 0 0 1 0 3 3 2 3 3 4 3 3 1 4 3 3 1 2 2 1 1 1 3 0 1 3 3 3 2 1 2 3 0 1 0 0 0 0 3 0 2 2 0 2 0 3 1 3 3 0 0 0 3 4 4 3 2 3 2 1 3 4 3 0 0 0 0 0 0 0 0 0 0 
0 2 3 2 3 0 4 2 0 2 0 2 0 0 0 0 1 3 0 0 0 0 1 2 1 4 3 1 1 3 0 0 0 0 2 4 3 0 0 1 0 3 3 2 3 3 3 3 2 1 4 3 3 1 2 2 1 1 0 1 0 2 4 3 2 2 1 2 4 0 1 0 0 0 2 3 0 0 1 0 2 0 3 1 3 3 0 0 0 3 4 4 3 3 3 2 1 3 4 2 0 0 0 0 0 0 0 0 0 0 
#TS85
0 2 3 0 3 0 4 2 3 2 0 2 0 0 0 0 1 3 0 0 0 0 1 1 0 3 3 2 1 3 3 0 0 0 2 4 3 0 0 1 3 2 0 2 3 4 3 4 3 1 0 3 3 1 2 2 1 1 1 1 0 0 4 3 4 0 0 2 4 0 0 0 0 0 2 0 1 0 1 0 3 0 0 0 2 3 1 0 2 0 4 4 0 0 2 1 1 4 4 0 0 0 0 0 0 0 0 0 1 0 
1 1 3 0 3 0 4 2 2 2 0 2 0 0 0 0 1 3 0 0 0 0 0 0 0 4 3 2 1 2 3 0 1 0 3 4 3 0 0 1 4 3 0 1 3 3 3 4 3 2 0 3 3 1 2 2 0 1 1 1 0 0 4 2 4 0 1 2 4 0 0 0 0 0 2 0 2 0 1 0 3 0 0 1 2 3 1 1 2 0 4 4 0 0 2 2 1 3 4 0 0 0 0 0 0 0 0 0 1 0 
#TS86
1 2 3 3 3 0 4 2 0 3 0 2 0 0 0 0 1 3 0 0 0 0 3 3 1 4 3 2 1 3 0 0 0 0 2 4 3 0 0 0 0 3 3 2 3 3 3 3 3 1 4 2 3 2 2 2 1 1 0 2 0 2 4 3 2 2 1 3 4 0 1 0 0 2 2 1 2 0 1 0 2 0 3 1 3 3 0 0 2 3 4 4 4 3 3 2 1 3 4 3 0 0 0 0 0 0 0 0 0 0 
0 2 4 3 3 0 4 2 0 3 0 2 0 0 0 0 1 3 0 0 0 0 2 2 1 4 3 2 1 4 0 0 0 0 2 4 3 0 0 1 0 3 3 2 3 3 3 4 2 1 4 3 3 1 2 2 0 1 0 1 0 2 4 3 2 2 1 2 4 0 1 0 0 1 2 2 0 1 1 0 2 0 3 1 3 4 0 0 1 3 4 4 4 3 3 2 1 3 4 3 0 0 0 0 0 0 0 0 0 0 
#TS87
0 1 4 3 3 0 4 3 0 3 0 2 0 0 0 0 1 1 0 0 0 3 1 2 1 4 3 2 1 3 1 0 0 0 3 1 1 0 0 3 4 1 2 4 3 0 2 2 1 4 1 2 0 1 3 3 3 3 0 0 1 2 4 3 0 0 1 2 4 0 0 0 0 0 0 0 2 0 1 0 4 0 3 1 3 3 0 2 0 2 4 4 3 3 3 2 0 3 4 3 0 0 0 0 1 0 0 0 0 0 
0 2 4 3 3 0 4 3 0 3 0 2 0 0 0 0 1 0 0 0 0 3 1 2 1 3 2 1 2 3 1 0 0 0 3 1 0 0 0 3 3 1 3 4 3 0 1 1 1 4 0 2 0 1 2 4 2 3 0 0 2 3 3 3 0 0 1 3 3 0 0 0 0 1 1 0 2 0 1 0 4 0 3 1 3 3 1 3 0 2 3 4 3 2 3 2 1 3 4 3 0 0 0 0 1 0 0 0 0 0 
#TS88
0 2 3 2 4 0 4 2 0 3 0 2 0 0 0 0 1 4 0 0 0 0 1 2 1 4 3 2 1 3 1 0 1 0 2 4 4 0 0 1 0 3 3 3 3 3 3 3 2 1 4 3 2 2 2 2 1 1 0 1 0 3 4 3 1 2 1 2 4 0 1 0 0 0 2 3 0 1 1 0 2 1 3 1 3 3 0 0 0 2 4 4 3 3 2 2 1 3 4 3 0 0 0 0 0 0 0 0 0 0 
0 2 3 2 3 0 4 2 0 3 0 3 0 0 0 0 1 4 0 0 0 0 1 1 0 4 3 2 1 3 0 0 0 0 2 4 3 0 0 1 0 3 3 3 3 3 3 3 2 1 4 2 3 1 2 2 1 2 0 1 0 2 4 3 2 2 1 2 4 0 1 0 0 0 2 3 0 0 1 0 2 0 3 1 3 3 0 0 0 3 4 4 3 2 3 2 1 3 4 3 0 0 0 0 0 0 0 0 0 0 
#TS89
4 2 3 3 3 0 4 2 0 2 0 2 0 0 0 4 1 4 0 0 0 1 1 1 2 2 1 0 2 0 0 0 0 1 3 0 0 0 4 2 0 0 3 3 3 4 3 2 3 4 4 3 3 1 4 2 1 2 0 2 2 3 4 3 3 2 0 3 4 0 0 1 0 2 4 0 3 0 0 0 2 0 0 1 1 1 2 4 0 1 4 4 3 4 4 1 2 2 3 3 0 0 0 0 0 0 0 1 0 0 
4 3 3 3 3 0 4 3 0 3 0 2 0 0 0 4 1 3 1 0 0 0 2 1 3 2 1 0 3 1 0 0 1 1 3 0 0 0 3 1 0 0 3 3 4 3 3 3 4 4 4 3 3 1 3 2 1 2 1 2 2 4 4 3 2 2 1 2 2 0 0 2 0 3 3 0 4 0 0 0 2 0 0 1 1 1 2 4 0 1 4 4 3 3 4 1 2 3 3 4 0 0 0 0 0 0 0 1 0 0 
#TS90
2 1 3 3 1 0 4 2 0 0 1 0 0 1 0 1 3 3 0 0 0 0 2 1 1 4 3 0 4 3 0 0 1 0 3 0 0 0 3 1 0 3 3 1 3 4 3 2 0 0 4 3 3 1 2 0 0 3 1 2 2 2 4 3 2 2 1 2 1 0 3 1 1 2 4 3 3 0 1 0 2 0 3 1 3 0 1 0 0 0 4 4 4 3 3 2 2 2 2 2 0 0 0 0 0 0 1 0 0 0 
2 1 3 2 1 0 4 2 0 0 1 1 0 1 0 1 3 3 0 0 0 0 4 3 3 4 3 0 4 2 0 0 0 0 3 0 0 0 3 1 0 3 2 2 3 3 3 2 0 1 4 3 3 1 2 0 1 2 1 3 2 3 4 4 2 2 1 2 0 1 3 3 2 3 4 3 4 0 2 0 2 0 3 1 3 0 0 0 1 0 4 4 3 3 4 2 1 1 2 1 0 0 0 0 0 0 1 0 0 0 
#TS91
0 1 3 2 4 0 4 2 0 3 0 3 0 0 0 0 1 3 1 2 0 1 0 2 1 4 3 4 1 3 0 0 0 0 2 4 3 0 0 1 0 3 3 2 3 3 4 3 3 1 4 2 3 2 2 2 1 1 2 2 0 1 3 1 3 1 0 2 4 0 1 0 0 0 0 2 0 2 3 1 2 0 3 1 3 0 3 0 0 2 4 4 4 1 2 2 1 3 4 2 0 0 0 0 0 0 0 0 0 0 
0 2 3 2 4 0 4 2 0 3 0 3 0 0 0 0 1 3 1 0 0 0 0 2 1 4 3 3 1 3 0 0 0 0 3 4 3 0 0 1 0 3 3 3 3 3 3 3 3 1 4 3 3 1 2 2 1 1 1 1 0 2 4 3 4 2 2 2 4 0 1 0 0 0 1 3 0 1 2 0 2 0 3 1 2 0 1 0 0 3 4 4 3 1 3 3 1 3 4 3 0 0 0 0 0 0 0 0 0 0 
#TS92
0 2 3 2 4 0 4 1 0 3 0 2 0 0 0 0 1 3 0 0 0 0 2 2 1 4 3 2 1 3 1 0 0 0 2 4 4 0 0 2 0 3 2 3 3 3 3 3 2 1 4 3 3 1 3 2 1 1 0 1 0 2 4 3 1 2 1 2 4 0 0 0 0 0 2 2 0 0 1 0 2 0 3 1 3 3 0 0 0 3 4 4 3 3 3 2 1 3 4 3 0 0 0 0 0 0 0 0 0 0 
1 2 3 2 3 0 4 2 0 3 0 2 0 0 0 0 1 3 0 0 0 0 1 2 1 4 3 1 1 3 1 0 1 0 2 4 3 0 0 1 0 3 3 2 3 3 3 3 2 1 4 3 3 1 2 2 1 1 0 1 0 2 4 3 2 2 1 2 4 0 1 0 0 0 2 2 0 0 1 0 2 0 3 1 2 3 0 0 0 4 4 4 4 3 3 2 1 3 4 3 0 0 0 0 0 0 0 0 0 0 
#TS93
0 2 3 2 4 0 4 2 0 3 0 2 0 0 0 0 1 3 0 0 0 1 1 1 1 4 3 2 1 3 1 0 0 0 2 4 3 0 0 1 0 3 3 3 3 3 3 3 2 0 4 3 3 1 2 2 1 1 0 2 0 2 4 3 2 2 1 2 4 0 1 0 0 0 2 3 0 1 1 0 2 0 3 1 3 3 0 0 0 3 4 4 3 3 3 2 1 3 4 3 0 0 0 0 0 0 0 0 0 0 
0 2 3 2 3 0 4 2 0 3 0 2 0 0 0 0 1 3 0 0 0 0 1 1 1 4 3 2 1 3 1 0 0 0 2 4 3 0 0 1 0 3 2 2 3 3 4 3 2 0 4 3 3 1 2 2 1 1 0 1 0 1 4 3 2 2 0 2 4 0 1 0 0 0 2 3 0 1 1 0 2 0 3 1 3 3 0 0 0 3 4 4 3 3 3 2 1 3 4 2 0 0 0 0 0 0 0 0 0 0 
#TS94
1 2 3 2 3 0 4 2 0 3 0 2 0 0 0 0 1 4 0 0 0 0 1 2 1 4 3 1 1 3 0 0 0 0 2 4 3 0 0 2 0 3 3 3 3 3 3 4 3 1 4 3 3 1 3 2 1 1 0 1 0 2 4 3 2 2 1 2 4 0 1 0 0 1 2 3 0 0 1 0 3 0 3 1 3 3 0 0 0 3 4 4 4 3 3 2 1 3 4 4 0 0 0 0 0 0 0 0 0 0 
0 2 3 2 4 0 4 2 0 3 0 2 0 0 0 0 1 3 0 0 0 0 1 2 1 4 3 1 1 3 1 0 0 0 3 4 4 0 0 1 0 3 3 3 3 3 4 3 2 0 4 3 3 1 2 2 0 1 0 1 0 2 4 3 2 2 1 2 4 0 1 0 0 0 2 3 0 1 1 0 2 0 3 1 3 3 0 0 0 3 4 4 4 3 2 2 1 3 4 3 0 0 0 0 0 0 0 0 0 0 
#TS95
0 2 4 3 3 0 4 2 0 3 0 2 0 0 0 0 1 3 0 0 0 0 2 2 1 4 3 3 1 3 1 0 0 0 2 4 3 0 0 1 0 3 3 3 3 2 3 3 1 0 4 3 2 1 2 2 1 1 0 1 0 2 4 3 2 2 2 3 4 0 1 0 0 0 2 2 0 0 1 0 2 0 3 1 3 3 0 0 1 3 4 4 2 3 3 2 1 3 4 3 0 0 0 0 0 0 0 0 0 0 
0 2 3 2 3 0 4 2 0 3 0 2 0 0 0 0 1 3 0 0 0 0 1 2 1 4 2 2 1 3 0 0 0 0 4 4 3 0 0 1 0 3 3 3 3 3 3 3 2 1 4 3 3 1 2 2 1 2 0 1 0 2 4 3 2 2 1 2 4 0 1 0 0 0 2 3 0 0 1 0 2 0 3 1 3 3 0 0 0 3 4 4 3 3 3 2 1 3 4 4 0 0 0 0 0 0 0 0 0 0 
#TS96
3 2 3 2 0 0 4 0 0 3 2 4 0 0 1 2 3 3 0 0 4 0 2 1 1 4 2 1 4 3 1 0 0 0 3 0 0 0 0 2 0 0 3 2 3 3 3 2 2 1 4 3 3 1 2 2 1 1 1 0 2 0 4 3 0 1 1 3 1 0 1 1 0 4 4 1 1 0 1 0 1 2 3 3 3 0 0 0 1 3 4 4 3 3 3 2 1 0 0 3 0 0 0 1 0 0 0 0 0 0 
4 3 3 2 1 0 4 0 0 3 1 4 0 1 1 2 2 4 0 0 3 0 2 1 1 4 3 1 3 4 0 0 1 0 2 0 0 0 0 1 0 0 3 3 3 3 4 2 3 1 4 3 4 0 2 2 1 1 1 0 2 0 4 3 1 1 2 3 1 0 1 2 1 3 4 1 2 0 1 0 1 2 3 3 3 0 0 0 2 3 4 4 3 3 3 2 1 0 0 3 0 0 0 0 0 0 0 0 0 0 
#TS97
0 2 3 2 3 0 4 2 0 3 0 2 0 0 0 0 1 3 0 0 0 0 1 1 1 4 3 3 1 3 1 0 0 0 2 4 3 0 0 1 0 3 3 3 3 3 3 3 2 1 4 3 2 1 2 2 1 1 0 1 0 2 4 3 1 2 1 2 4 0 1 0 0 0 2 3 0 0 1 0 2 0 3 1 3 3 1 0 0 3 4 4 3 3 3 2 1 3 4 3 0 0 0 0 0 0 0 0 0 0 
0 2 3 2 3 0 4 2 0 3 0 2 0 0 0 0 1 3 0 0 0 0 1 1 1 4 3 2 1 3 1 0 0 0 2 4 3 0 0 1 0 3 2 4 3 3 4 3 2 1 4 3 3 1 2 2 1 1 0 1 0 2 4 3 1 2 0 2 4 0 1 0 0 0 2 3 0 0 1 0 2 0 3 1 3 2 1 0 0 3 4 4 3 3 3 2 1 3 4 4 0 0 0 0 0 0 0 0 0 0 
#TS98
4 4 3 3 3 0 4 4 0 3 0 3 0 0 0 4 1 3 0 0 0 0 3 2 4 2 1 0 3 1 0 0 0 1 2 0 0 0 3 1 0 0 4 3 3 3 3 2 3 3 4 3 3 1 4 2 0 1 2 4 1 4 4 3 2 2 1 3 2 0 0 3 0 3 3 0 4 0 0 0 1 0 0 1 2 0 2 3 0 1 4 4 3 4 3 2 2 2 4 3 0 0 0 0 0 0 0 0 0 0 
3 4 3 4 4 0 4 2 0 3 0 3 0 0 0 1 1 3 0 0 0 0 4 3 3 3 2 0 3 2 1 0 0 1 2 3 1 1 0 1 0 2 3 3 3 3 3 2 3 2 4 3 3 1 3 2 1 1 1 3 2 4 4 3 2 2 1 4 1 0 2 3 2 4 3 0 3 0 1 0 2 0 2 1 2 1 2 2 1 3 4 4 3 3 3 2 2 3 4 2 0 0 0 0 0 0 0 0 0 0 
#TS99
2 2 3 4 3 0 4 2 0 3 0 2 0 0 0 0 1 2 0 0 0 2 3 3 1 4 3 2 3 2 1 0 0 0 2 4 3 0 0 1 0 3 3 3 3 3 2 1 1 2 3 2 1 1 2 2 2 2 0 1 2 3 4 3 3 2 2 4 1 0 2 1 1 3 3 0 2 0 1 0 2 0 3 1 3 3 0 0 4 3 4 4 4 3 3 2 1 3 4 3 0 0 0 0 0 0 0 0 0 0 
3 2 3 2 3 0 4 2 0 2 0 2 0 0 0 0 1 3 0 0 0 1 3 3 1 3 2 2 1 2 1 0 0 0 3 4 3 0 0 1 0 3 3 3 3 3 3 2 1 1 4 3 2 1 2 2 1 1 0 2 0 3 4 3 2 2 2 3 2 0 1 0 0 2 3 0 3 0 1 0 2 0 3 1 2 3 0 0 3 3 4 4 3 3 3 2 1 3 4 3 0 0 0 0 0 0 0 0 0 0 
#TS100
3 2 3 2 3 0 4 2 0 2 2 3 0 0 0 1 2 3 0 0 0 0 3 3 1 4 3 1 3 3 0 0 0 0 2 4 3 0 0 1 0 3 3 2 3 3 3 1 2 0 4 3 3 1 2 2 1 1 2 2 2 2 4 3 2 2 2 4 1 0 3 2 1 4 3 0 3 0 1 0 2 0 3 1 3 3 0 0 3 3 4 4 3 3 3 2 1 3 4 3 0 0 0 0 0 0 0 0 0 0 
2 2 2 3 3 0 4 2 0 2 0 3 0 0 0 1 1 3 0 0 0 0 3 3 1 4 3 1 1 3 0 0 0 0 2 4 2 0 0 1 0 3 3 3 3 4 3 3 2 0 4 3 3 1 2 2 1 2 1 2 0 3 3 3 2 2 2 3 3 0 1 1 0 2 2 0 3 0 2 0 2 0 3 1 3 3 0 0 3 3 4 4 3 3 3 2 1 4 4 2 0 0 0 0 0 0 0 0 0 0 
#TS101
0 2 3 2 3 0 4 2 0 3 0 2 0 0 0 0 1 4 0 0 0 0 1 2 1 4 3 2 1 3 1 0 0 0 2 4 3 0 0 1 0 4 2 3 3 3 3 3 2 1 4 3 3 1 2 2 1 1 0 2 0 2 4 3 2 2 2 2 4 0 1 0 0 0 2 3 0 0 1 0 2 0 3 1 3 3 0 0 0 3 4 3 3 3 3 2 1 3 4 3 0 0 0 0 0 0 0 0 0 0 
0 2 2 2 3 0 4 2 0 3 0 2 0 0 0 0 2 3 0 0 0 0 1 2 1 4 3 2 1 3 1 0 0 0 3 4 3 0 0 1 0 3 3 3 3 3 4 4 3 1 4 3 3 1 2 2 1 2 0 1 0 2 4 3 2 2 1 2 4 0 1 0 0 0 2 3 0 0 1 0 2 1 3 1 3 2 0 1 0 3 4 4 3 3 3 3 1 3 4 3 0 0 0 0 0 0 0 0 0 0 
#TS102
2 2 3 2 3 0 3 2 0 0 0 0 0 0 0 0 1 4 0 0 0 0 1 0 0 4 3 2 1 3 0 0 0 0 3 4 2 0 0 1 0 3 0 0 1 3 3 4 2 0 1 3 3 1 3 4 0 1 1 3 2 0 1 1 3 1 0 2 4 0 1 0 0 0 0 3 0 1 3 0 2 0 3 1 4 3 0 0 3 3 0 1 3 1 3 2 1 3 4 2 0 0 1 0 0 0 0 0 0 0 
2 2 3 3 3 0 4 2 0 0 0 0 0 1 0 0 1 4 0 0 0 0 1 1 0 3 3 2 1 3 0 0 0 0 2 4 1 0 0 1 0 3 0 0 1 3 4 4 2 0 2 3 3 1 2 3 0 1 2 2 3 0 0 1 3 1 1 2 4 0 1 0 0 0 0 3 0 2 3 0 3 0 3 1 3 3 0 0 4 2 0 2 3 1 1 2 1 3 4 3 0 0 1 0 0 0 0 0 0 0 
#TS103
2 2 2 3 3 0 4 2 0 2 0 3 0 0 0 1 1 3 0 0 0 0 3 3 1 4 3 1 1 3 0 0 0 0 2 4 2 0 0 1 0 3 3 3 3 4 3 3 2 0 4 3 3 1 2 2 1 2 1 2 0 3 3 3 2 2 2 3 3 0 1 1 0 2 2 0 3 0 2 0 2 0 3 1 3 3 0 0 3 3 4 4 3 3 3 2 1 4 4 2 0 0 0 0 0 0 0 0 0 0 
1 2 3 3 3 0 4 2 0 3 0 2 0 0 0 0 1 3 0 0 0 0 3 3 1 4 3 2 1 3 0 0 0 0 2 4 3 0 0 0 0 3 3 2 3 3 3 3 3 1 4 2 3 2 2 2 1 1 0 2 0 2 4 3 2 2 1 3 4 0 1 0 0 2 2 1 2 0 1 0 2 0 3 1 3 3 0 0 2 3 4 4 4 3 3 2 1 3 4 3 0 0 0 0 0 0 0 0 0 0 
#TS104
0 2 3 2 3 0 4 2 0 3 0 2 0 0 0 0 1 3 0 0 0 0 1 1 1 4 3 2 1 3 1 0 0 0 2 4 4 0 0 1 0 3 4 3 3 3 3 3 3 1 4 2 3 1 2 2 1 1 0 1 0 2 4 3 2 2 1 1 4 0 1 0 0 0 2 3 0 0 1 0 2 0 3 1 3 3 0 0 0 2 4 4 3 3 3 2 1 3 4 3 0 0 0 0 0 0 0 0 0 0 
0 1 3 2 3 0 4 2 0 3 0 2 0 0 0 0 1 3 0 0 0 0 1 1 1 4 3 3 1 3 1 0 0 0 2 4 4 0 0 1 0 3 3 3 3 3 3 3 3 0 4 3 3 1 2 2 1 1 0 1 0 2 4 3 3 2 1 2 4 0 1 0 0 0 2 3 0 0 1 0 3 0 3 1 3 4 0 0 0 3 4 4 3 3 3 2 2 3 4 3 0 0 0 0 0 0 0 0 0 0 
#TS105
0 2 3 2 3 0 4 2 0 2 0 2 0 0 0 0 1 3 0 0 0 0 1 2 1 4 3 1 1 3 0 0 0 0 2 4 3 0 0 1 0 3 3 2 3 3 3 3 2 1 4 3 3 1 2 2 1 1 0 1 0 2 4 3 2 2 1 2 4 0 1 0 0 0 2 3 0 0 1 0 2 0 3 1 3 3 0 0 0 3 4 4 3 3 3 2 1 3 4 2 0 0 0 0 0 0 0 0 0 0 
0 2 3 3 4 0 4 2 0 3 0 3 0 0 0 0 3 3 0 0 0 0 1 2 1 4 2 2 1 3 0 0 0 0 2 4 4 0 0 1 0 3 2 2 3 3 4 3 2 0 4 3 3 1 2 2 1 1 0 1 0 2 3 3 3 2 1 1 4 0 1 0 0 0 2 4 0 0 1 0 2 0 3 1 3 2 0 0 0 3 4 3 3 3 3 2 1 3 4 3 0 0 0 0 0 0 0 0 0 0 
#TS106
2 1 3 2 3 0 4 2 0 2 1 2 0 0 0 1 2 3 0 0 0 0 4 4 2 4 3 0 3 3 0 0 0 0 2 4 1 0 0 1 0 3 3 1 3 3 2 2 2 0 4 4 3 1 2 2 1 2 2 3 2 3 3 3 2 2 1 4 0 3 4 3 3 4 4 0 4 0 1 0 2 0 3 1 3 3 1 0 3 2 4 3 3 3 4 2 1 3 4 2 0 0 0 0 0 0 0 0 0 0 
3 2 3 2 3 0 4 2 0 2 2 3 0 0 0 1 2 3 0 0 0 0 3 3 1 4 3 1 3 3 0 0 0 0 2 4 3 0 0 1 0 3 3 2 3 3 3 1 2 0 4 3 3 1 2 2 1 1 2 2 2 2 4 3 2 2 2 4 1 0 3 2 1 4 3 0 3 0 1 0 2 0 3 1 3 3 0 0 3 3 4 4 3 3 3 2 1 3 4 3 0 0 0 0 0 0 0 0 0 0 
#TS107
3 2 3 3 4 0 4 2 0 3 0 2 0 0 0 3 1 3 0 0 0 0 1 0 2 1 1 0 3 1 0 0 0 1 3 0 1 0 4 1 1 0 3 3 3 3 3 2 3 3 4 2 3 1 4 2 1 2 0 2 1 3 4 3 2 2 1 2 4 0 0 0 0 2 3 0 3 0 0 0 2 0 0 1 1 1 2 4 0 1 4 4 3 3 3 1 1 3 4 3 0 0 0 0 0 0 0 1 0 0 
4 2 3 3 3 0 4 2 0 2 0 2 0 0 0 4 1 4 0 0 0 1 1 1 2 2 1 0 2 0 0 0 0 1 3 0 0 0 4 2 0 0 3 3 3 4 3 2 3 4 4 3 3 1 4 2 1 2 0 2 2 3 4 3 3 2 0 3 4 0 0 1 0 2 4 0 3 0 0 0 2 0 0 1 1 1 2 4 0 1 4 4 3 4 4 1 2 2 3 3 0 0 0 0 0 0 0 1 0 0 
#TS108
0 2 3 3 3 0 4 3 0 3 0 2 0 0 0 0 1 3 0 0 0 0 2 3 1 4 3 2 1 2 0 0 0 0 2 4 3 0 0 1 0 3 3 3 3 3 4 3 2 0 4 3 3 1 3 2 0 1 1 1 0 2 4 3 2 2 2 2 4 0 1 0 0 1 2 2 0 0 1 0 2 0 3 1 3 3 0 0 1 3 4 4 3 3 3 2 1 3 4 3 0 0 0 0 0 0 0 0 0 0 
0 2 3 3 4 0 4 2 0 3 0 2 0 0 0 0 1 3 0 0 0 1 1 2 1 3 3 3 1 3 0 0 0 0 2 4 4 0 0 1 0 3 3 3 3 3 3 3 2 0 4 2 4 1 2 2 0 1 0 1 0 2 4 3 2 2 1 2 4 0 1 0 0 0 2 3 0 0 1 0 2 0 3 1 2 3 0 0 0 3 4 4 3 3 3 3 1 3 4 3 0 0 0 0 0 0 0 0 0 0 
#TS109
0 2 3 1 3 0 4 1 3 1 0 3 0 0 0 0 1 3 2 0 0 0 0 1 0 4 3 2 1 2 3 0 1 0 2 4 3 0 1 2 3 2 0 0 2 3 3 3 3 1 0 3 3 1 2 2 0 0 2 1 0 0 2 0 3 0 1 3 4 0 0 0 0 0 2 0 1 0 1 0 4 0 0 0 1 2 2 1 2 0 4 4 0 0 0 2 1 3 4 1 0 0 0 0 0 0 0 0 1 0 
0 2 2 0 3 0 4 2 3 1 0 4 0 0 0 0 0 3 2 0 0 0 0 0 0 3 3 3 1 3 3 0 1 0 2 4 3 1 2 1 3 3 0 0 2 3 3 4 3 1 0 3 3 1 2 2 1 0 2 1 0 0 1 0 4 0 1 2 4 0 0 0 0 0 1 0 1 0 2 0 4 0 0 1 0 1 4 1 2 0 4 4 0 0 0 1 1 3 4 0 0 0 0 0 0 0 0 0 1 0 
#TS110
3 4 3 4 4 0 4 2 0 3 0 3 0 0 0 1 1 3 0 0 0 0 4 3 3 3 2 0 3 2 1 0 0 1 2 3 1 1 0 1 0 2 3 3 3 3 3 2 3 2 4 3 3 1 3 2 1 1 1 3 2 4 4 3 2 2 1 4 1 0 2 3 2 4 3 0 3 0 1 0 2 0 2 1 2 1 2 2 1 3 4 4 3 3 3 2 2 3 4 2 0 0 0 0 0 0 0 0 0 0 
3 4 3 3 3 0 4 2 0 3 0 2 0 0 0 0 1 3 0 0 0 0 2 4 2 3 1 1 2 3 1 0 0 1 3 4 3 0 1 1 0 3 2 3 3 3 3 3 3 1 4 2 3 1 3 2 1 1 0 2 2 3 4 3 2 2 2 3 2 0 2 1 1 3 2 0 3 0 1 0 2 0 3 1 2 0 2 1 2 3 4 4 3 3 3 2 1 3 4 2 0 0 0 0 0 0 0 0 0 0 
#TS111
1 3 3 3 4 0 4 2 0 3 0 2 0 0 0 0 1 0 0 0 4 3 1 3 1 0 0 1 1 0 0 0 1 4 1 4 0 0 0 2 0 3 3 3 3 0 1 1 0 1 2 0 0 0 1 3 3 3 0 0 2 1 4 2 1 2 2 2 3 0 1 0 0 1 3 4 0 0 1 0 1 0 3 0 3 3 0 0 0 2 4 4 3 3 3 3 0 1 1 4 0 0 0 0 0 1 0 0 0 0 
1 2 3 3 3 0 4 2 0 3 0 2 0 0 0 0 1 0 0 0 4 2 2 3 1 0 0 1 1 0 0 0 1 3 1 4 0 0 0 1 0 3 3 3 3 0 0 1 0 1 1 0 0 1 1 3 2 3 0 0 2 1 4 3 1 2 1 2 2 0 1 0 0 2 3 3 0 0 1 0 1 0 3 0 3 3 0 0 0 2 2 3 4 4 3 2 1 1 1 3 0 0 0 0 0 1 0 0 0 0 
#TS112
0 1 3 2 3 0 4 2 0 3 0 2 0 0 0 0 1 3 0 0 0 0 1 1 1 4 3 2 1 3 1 0 0 0 4 1 3 0 0 1 3 2 3 3 2 0 3 3 2 2 2 3 2 1 2 2 1 2 0 1 1 2 4 3 0 0 0 2 4 0 0 0 0 0 1 1 1 0 1 0 3 0 3 1 2 4 0 3 0 2 4 4 3 3 3 2 1 3 4 3 0 0 0 0 1 0 0 0 0 0 
0 1 4 2 3 0 4 3 0 3 0 2 0 0 0 0 1 2 0 0 0 2 1 1 1 4 2 1 1 3 1 0 0 0 2 0 2 0 0 1 3 1 3 3 3 0 2 3 1 4 1 3 0 1 2 3 3 2 0 1 1 2 4 3 0 0 0 2 4 0 0 0 0 0 1 0 1 0 1 0 4 0 3 1 3 3 1 3 0 2 4 4 3 3 3 2 0 3 4 3 0 0 0 0 1 0 0 0 0 0 
#TS113
0 2 3 2 2 0 4 1 0 3 0 2 0 0 0 0 1 3 0 0 2 0 1 1 1 3 3 2 1 3 1 0 0 0 2 1 3 0 0 1 0 1 3 3 3 3 3 3 2 1 3 3 3 1 2 2 1 1 0 0 0 1 4 3 1 2 0 2 4 0 0 0 0 0 3 2 0 0 1 0 2 0 3 2 2 0 0 0 0 3 4 4 3 3 2 2 1 0 4 3 0 0 0 1 0 0 0 0 0 0 
1 1 3 1 1 0 3 0 0 4 0 2 0 0 0 1 2 3 0 0 3 0 1 0 1 4 2 2 1 3 1 0 0 0 3 0 3 0 0 1 0 0 3 3 3 3 4 3 2 1 4 3 3 0 2 2 1 1 0 0 0 0 4 3 1 1 1 2 4 0 0 0 0 0 2 2 0 0 1 0 2 0 3 2 3 0 0 1 0 3 4 4 3 3 2 2 0 0 1 2 0 0 0 1 0 0 0 0 0 0 
#TS114
1 2 3 1 3 0 4 2 0 1 0 1 0 0 0 0 2 3 0 0 0 0 1 1 0 4 3 2 1 3 1 0 0 0 2 4 3 0 0 1 0 3 0 2 3 3 3 3 2 1 2 3 3 1 2 3 0 2 0 2 1 0 4 3 2 2 1 2 4 0 1 0 0 0 2 3 0 0 1 0 2 0 3 1 3 3 0 0 3 3 0 4 3 3 2 3 1 3 4 3 0 0 1 0 0 0 0 0 0 0 
0 2 3 2 2 0 4 2 0 1 0 0 0 0 0 0 1 3 0 0 0 0 0 0 0 4 3 2 1 3 0 0 1 0 2 4 4 0 0 1 0 3 0 1 3 3 3 4 2 1 2 3 3 1 2 3 0 1 0 1 1 0 4 2 2 2 0 2 4 0 1 0 0 0 2 3 0 0 1 0 2 0 3 1 3 3 0 0 3 3 1 3 3 2 3 2 1 3 4 4 0 0 1 0 0 0 0 0 0 0 
#TS115
0 2 3 2 3 0 4 2 0 3 0 2 0 0 0 0 1 1 0 0 3 3 1 3 1 0 1 1 0 1 0 0 1 3 2 4 2 0 0 1 0 3 3 3 3 0 2 2 0 1 3 2 0 0 2 3 3 4 0 0 2 0 4 2 2 2 1 2 4 0 1 0 0 0 2 3 0 0 1 0 2 0 3 1 4 4 0 0 0 2 4 4 3 3 3 3 2 1 2 3 0 0 0 0 0 1 0 0 0 0 
0 2 3 3 4 0 4 2 0 3 0 2 0 0 0 0 1 0 0 0 4 3 1 3 0 0 0 1 0 0 0 0 1 3 2 4 1 0 0 1 0 3 3 3 3 0 2 1 0 1 2 0 0 0 2 3 3 4 0 0 2 0 3 3 1 2 1 3 4 0 1 0 0 0 3 3 0 0 1 0 1 0 3 0 3 3 0 0 0 2 4 3 3 3 3 2 1 0 1 2 0 0 0 0 0 1 0 0 0 0 
#TS116
0 2 4 2 3 0 4 3 0 3 0 2 0 0 0 0 1 0 0 0 0 3 4 4 3 4 2 1 4 3 1 0 0 0 2 1 0 0 0 1 3 1 3 4 3 0 0 0 1 4 0 1 0 1 2 3 3 3 0 1 1 3 4 4 0 0 1 4 0 1 0 4 3 4 2 0 3 0 1 0 4 0 3 1 3 2 0 3 4 2 4 4 3 3 3 2 1 3 4 2 0 0 0 0 1 0 0 0 0 0 
0 2 4 2 3 0 4 3 0 3 0 2 0 0 0 0 1 0 0 0 0 4 4 4 3 3 2 1 4 3 1 0 0 0 2 1 0 0 0 1 4 1 3 4 3 0 0 0 0 4 0 1 0 1 2 4 3 3 0 1 1 4 4 3 0 0 0 3 0 1 0 4 3 3 1 0 3 1 1 0 4 0 3 1 3 3 0 3 3 2 4 3 3 4 3 2 1 3 4 3 0 0 0 0 0 0 0 0 0 0 
#TS117
1 3 3 3 3 0 4 2 0 3 0 2 0 0 0 1 2 3 0 0 0 1 2 2 1 4 3 1 1 3 1 0 0 0 2 4 3 0 0 1 0 3 3 3 3 3 3 3 2 1 4 3 3 1 2 2 1 1 0 2 0 2 4 3 2 2 1 2 4 0 1 0 0 1 3 2 1 0 1 0 2 0 2 1 3 3 0 0 1 3 4 4 3 3 3 2 1 3 4 3 0 0 0 0 0 0 0 0 0 0 
1 3 2 3 3 0 4 2 0 3 0 3 0 0 0 0 1 3 0 0 0 1 2 3 1 4 3 2 1 3 1 0 1 0 3 4 3 0 0 1 0 3 3 3 3 3 4 3 2 0 4 2 3 1 2 2 1 1 0 1 0 3 3 3 1 2 1 3 4 0 1 0 0 1 2 2 0 0 1 0 2 0 3 1 3 3 0 0 0 3 4 4 4 3 3 2 1 3 4 3 0 0 0 0 0 0 0 0 0 0 
#TS118
1 2 3 2 2 0 4 2 0 1 0 1 0 0 0 1 2 4 0 0 0 0 1 1 1 4 3 2 1 3 1 0 0 0 2 1 3 0 2 1 0 4 2 3 3 3 3 3 0 0 4 3 3 1 2 0 1 3 0 1 0 3 3 4 2 2 2 2 4 0 1 0 0 0 2 3 3 0 1 0 2 1 3 1 4 1 0 0 0 0 4 4 3 3 3 2 1 1 4 1 0 0 0 0 0 0 1 0 0 0 
0 2 3 2 1 0 4 2 0 0 0 0 0 0 0 0 3 3 0 0 0 0 1 1 1 4 2 1 1 3 1 0 0 0 2 0 3 0 3 1 0 3 1 2 3 3 3 3 0 0 4 3 3 1 2 0 1 4 0 2 0 2 4 4 2 2 1 2 4 0 1 0 0 0 2 3 3 0 1 0 2 0 3 1 3 1 1 0 0 0 4 4 3 3 3 3 0 2 3 0 0 0 0 0 0 0 1 0 0 0 
#TS119
0 2 3 2 3 0 4 2 0 3 0 2 0 0 0 0 1 3 0 0 3 0 1 1 1 0 3 1 0 2 1 0 0 0 2 4 3 0 0 1 0 3 3 3 3 0 3 3 1 0 4 3 2 1 2 2 1 1 0 0 1 0 4 2 2 2 1 2 4 0 1 0 0 0 3 3 0 0 1 0 2 0 3 0 4 3 0 0 0 2 4 4 3 3 3 3 1 1 4 3 0 0 0 0 0 1 0 0 0 0 
0 3 2 2 3 0 4 2 0 3 0 2 0 0 0 0 1 3 0 0 3 2 1 2 1 0 2 1 0 1 0 0 0 1 2 4 3 0 0 1 0 3 3 3 2 0 2 2 0 1 4 3 0 0 1 3 3 3 0 0 1 0 4 3 2 2 1 2 4 0 1 0 0 0 3 3 0 0 1 0 2 0 3 0 3 3 0 0 1 2 4 4 3 3 3 3 1 1 2 3 0 0 0 0 0 1 0 0 0 0 
#TS120
0 1 3 1 3 0 4 2 0 3 0 2 0 0 0 0 2 3 0 0 0 0 1 1 1 4 3 2 1 3 0 0 0 1 3 4 3 0 0 1 0 3 3 3 3 3 3 3 2 1 4 4 3 1 2 2 0 1 0 1 0 2 4 2 2 2 1 2 4 0 1 0 0 0 2 4 0 0 1 0 2 0 3 1 3 3 0 0 0 3 4 4 3 3 3 2 1 4 4 3 0 0 0 0 0 0 0 0 0 0 
0 1 3 2 3 0 4 2 0 3 0 2 0 0 0 0 2 3 0 0 0 0 1 1 1 4 3 2 1 3 0 0 0 0 3 4 3 0 0 1 0 3 3 2 3 3 3 3 2 1 4 3 3 1 2 1 1 1 0 1 0 2 4 3 2 2 1 2 4 0 1 0 0 0 2 3 0 0 1 0 2 0 3 1 3 2 0 0 0 3 4 4 3 3 2 3 1 3 4 3 0 0 0 0 0 0 0 0 0 0 
#TS121
1 1 3 0 3 0 4 2 2 2 0 2 0 0 0 0 1 3 0 0 0 0 0 0 0 4 3 2 1 2 3 0 1 0 3 4 3 0 0 1 4 3 0 1 3 3 3 4 3 2 0 3 3 1 2 2 0 1 1 1 0 0 4 2 4 0 1 2 4 0 0 0 0 0 2 0 2 0 1 0 3 0 0 1 2 3 1 1 2 0 4 4 0 0 2 2 1 3 4 0 0 0 0 0 0 0 0 0 1 0 
1 1 3 0 3 0 4 2 3 2 0 2 0 0 0 0 1 4 1 0 0 0 0 0 0 4 3 2 1 3 3 0 0 0 2 3 3 0 0 1 4 3 0 0 3 3 3 3 3 1 0 3 3 1 2 2 0 1 1 1 0 0 3 1 3 0 1 2 4 0 0 0 0 0 2 0 1 0 1 0 4 0 0 1 1 2 2 1 2 0 4 4 0 0 2 2 1 3 4 1 0 0 0 0 0 0 0 0 1 0 
#TS122
0 2 3 2 3 0 4 2 0 3 0 2 0 0 0 0 1 0 0 0 0 3 3 3 2 3 2 1 4 3 1 0 1 0 2 1 0 0 0 1 4 1 3 4 3 0 0 0 1 3 0 1 0 1 2 3 3 3 0 1 1 4 4 3 0 0 1 4 1 0 0 2 2 3 1 0 2 0 1 0 3 1 2 1 3 2 0 3 0 2 4 4 2 3 3 2 2 3 4 3 0 0 0 0 1 0 0 0 0 0 
0 1 3 3 3 0 4 2 0 3 0 2 0 0 0 0 1 0 0 0 0 2 4 3 3 3 2 1 4 3 1 0 0 0 3 1 0 1 0 0 4 1 3 3 3 0 0 0 1 4 0 1 0 1 2 3 3 3 0 0 1 4 4 4 0 0 1 3 0 0 0 3 2 4 2 0 3 1 1 0 4 0 3 1 3 2 0 3 2 2 4 3 4 3 3 2 1 3 4 2 0 0 0 0 1 0 0 0 0 0 
#TS123
4 4 3 4 3 0 4 2 0 2 0 3 0 0 0 4 1 3 0 0 1 0 3 2 3 2 1 0 3 0 0 0 0 1 2 0 0 0 3 1 1 0 3 3 3 3 3 2 4 4 4 2 3 1 3 2 1 2 1 3 2 4 4 3 2 2 1 4 2 0 0 3 0 3 4 0 3 0 0 0 2 0 0 1 1 1 1 4 0 1 4 4 3 4 4 1 2 3 4 3 0 0 0 0 0 0 0 1 0 0 
4 4 3 4 3 0 4 4 0 2 0 3 0 0 0 4 1 3 0 0 0 1 3 2 2 2 1 0 4 1 0 0 0 0 3 0 0 0 4 1 0 0 3 3 3 2 4 2 3 4 4 3 3 1 3 2 1 2 2 4 2 4 4 3 2 2 1 3 2 0 0 3 0 3 4 0 4 0 0 0 2 0 1 0 1 0 2 3 0 1 4 4 3 4 4 0 2 2 4 3 0 0 0 0 0 0 0 1 0 0 
#TS124
2 0 3 1 0 0 4 0 0 3 0 3 0 0 0 1 4 4 0 0 3 0 1 0 0 4 2 2 1 3 0 0 1 0 2 0 3 0 0 1 0 0 2 2 3 3 3 3 2 1 4 3 4 0 2 2 1 2 0 0 0 0 4 3 1 2 1 2 4 0 0 0 0 0 3 2 0 0 1 0 1 1 3 3 3 0 0 0 0 3 4 4 2 2 3 2 1 0 0 3 0 0 0 1 0 0 0 0 0 0 
3 0 3 1 0 0 4 0 0 2 1 3 0 0 0 1 3 3 0 0 4 0 0 0 0 4 3 2 1 4 1 0 0 0 2 0 1 0 0 1 0 0 3 3 3 3 3 3 2 1 4 2 3 0 2 2 1 1 0 0 1 0 4 3 1 2 0 1 4 0 0 0 0 0 3 2 0 0 1 0 1 3 3 3 3 0 0 0 0 2 3 4 3 3 3 2 1 0 0 3 0 0 0 1 0 0 0 0 0 0 
#TS125
0 2 3 2 3 0 4 2 0 3 0 2 0 0 0 0 1 3 0 0 0 0 1 1 1 4 3 2 1 3 0 0 1 0 2 4 4 0 0 1 0 3 3 3 3 3 4 3 2 1 4 3 2 1 3 2 1 1 0 1 0 2 4 3 2 2 1 2 4 0 1 0 0 0 2 3 0 0 1 0 2 0 3 1 3 3 0 0 0 3 4 4 3 3 3 1 1 3 4 3 0 0 0 0 0 0 0 0 0 0 
0 1 3 2 3 0 4 2 0 3 0 2 0 0 0 0 1 3 0 0 0 0 1 1 1 4 3 2 0 3 1 0 0 0 2 3 3 0 0 2 0 3 3 3 3 3 4 3 2 1 4 3 3 1 2 1 1 1 0 1 0 2 3 3 2 2 2 2 4 0 1 0 0 0 2 3 0 0 1 0 2 0 3 1 3 2 0 0 0 3 3 4 4 3 3 3 1 3 4 3 0 0 0 0 0 0 0 0 0 0 
#TS126
2 1 3 2 2 0 4 2 0 0 1 0 0 1 0 2 3 3 0 0 0 0 4 4 4 4 3 0 4 3 0 0 0 0 2 0 0 0 3 1 0 3 1 1 3 3 3 1 0 0 4 3 3 1 2 0 1 3 1 3 2 3 4 3 2 2 1 3 0 4 3 3 2 4 3 1 4 0 1 0 2 0 3 1 2 0 0 0 2 0 3 4 3 4 3 3 1 2 3 0 0 0 0 0 0 0 1 0 0 0 
2 1 4 2 1 0 4 2 0 0 1 1 0 1 0 1 3 3 0 0 0 0 4 4 2 3 3 1 4 3 0 0 0 0 3 0 0 0 2 1 0 3 1 1 3 3 3 2 0 0 4 3 3 1 2 0 0 3 1 4 2 4 3 3 2 2 1 3 0 3 3 3 4 4 2 0 4 1 1 0 2 0 3 1 3 1 0 0 3 0 4 4 3 3 3 2 2 3 4 1 0 0 0 0 0 0 1 0 0 0 
#TS127
1 2 3 2 3 0 4 2 1 3 0 3 0 0 0 0 1 3 1 2 0 0 0 2 2 3 2 3 1 2 0 0 0 0 2 4 4 1 1 1 0 3 3 2 3 4 3 4 3 0 4 3 3 1 2 2 1 0 3 2 3 1 1 0 3 1 1 2 4 0 1 0 0 0 0 3 0 3 4 4 2 0 3 1 2 0 2 2 0 2 4 4 3 0 0 1 0 3 4 3 0 0 0 0 0 0 0 0 0 0 
0 1 3 2 4 0 4 2 0 3 0 3 0 0 0 0 1 3 1 2 0 1 0 2 1 4 3 4 1 3 0 0 0 0 2 4 3 0 0 1 0 3 3 2 3 3 4 3 3 1 4 2 3 2 2 2 1 1 2 2 0 1 3 1 3 1 0 2 4 0 1 0 0 0 0 2 0 2 3 1 2 0 3 1 3 0 3 0 0 2 4 4 4 1 2 2 1 3 4 2 0 0 0 0 0 0 0 0 0 0 
#TS128
3 2 3 2 3 0 4 2 0 2 0 2 0 0 0 0 1 3 0 0 0 1 3 3 1 3 2 2 1 2 1 0 0 0 3 4 3 0 0 1 0 3 3 3 3 3 3 2 1 1 4 3 2 1 2 2 1 1 0 2 0 3 4 3 2 2 2 3 2 0 1 0 0 2 3 0 3 0 1 0 2 0 3 1 2 3 0 0 3 3 4 4 3 3 3 2 1 3 4 3 0 0 0 0 0 0 0 0 0 0 
0 2 3 3 3 0 4 3 0 3 0 2 0 0 0 0 1 4 0 0 0 0 2 3 1 4 3 2 1 3 1 0 0 0 3 4 3 0 0 3 0 3 3 3 3 3 3 3 2 1 4 3 2 1 3 2 1 1 0 1 0 2 4 3 2 2 1 2 3 0 1 0 0 1 3 2 1 0 1 0 3 0 4 1 2 2 0 0 3 3 4 4 3 3 2 2 1 3 4 3 0 0 0 0 0 0 0 0 0 0 
#TS129
0 1 3 2 3 0 4 2 1 1 0 3 0 2 0 4 3 3 0 0 0 0 2 2 1 4 4 2 1 3 1 0 0 0 4 1 3 0 0 1 0 3 2 3 3 2 3 3 2 0 4 3 3 1 2 0 1 1 0 1 0 2 4 2 2 2 1 1 4 0 1 0 0 0 2 3 0 0 1 0 2 0 3 1 3 3 0 0 0 4 1 3 1 3 3 3 1 3 4 2 0 1 0 0 0 0 0 0 0 0 
0 2 3 2 4 0 4 2 1 0 0 2 0 2 0 3 3 4 0 0 0 0 1 1 1 3 4 2 1 3 1 0 0 0 3 0 3 0 0 1 0 3 1 2 3 3 3 4 1 1 4 3 3 1 2 0 1 1 0 1 0 2 4 2 3 2 1 2 3 0 1 0 0 0 2 3 0 0 1 0 3 0 3 1 3 3 0 0 0 4 1 3 1 2 2 2 1 4 4 4 0 1 0 0 0 0 0 0 0 0 
#TS130
1 1 3 3 3 0 4 2 0 0 0 0 0 0 0 0 2 4 0 0 0 0 1 0 0 4 3 2 1 3 0 0 0 0 3 4 3 0 0 1 0 3 0 0 1 3 3 3 2 0 2 3 3 1 2 3 0 1 0 2 2 0 1 1 3 1 0 3 4 0 1 0 0 0 0 3 0 1 3 0 2 0 3 1 3 3 0 0 4 3 0 1 3 2 2 2 1 3 4 3 0 0 1 0 0 0 0 0 0 0 
2 2 3 2 3 0 3 2 0 0 0 0 0 0 0 0 1 4 0 0 0 0 1 0 0 4 3 2 1 3 0 0 0 0 3 4 2 0 0 1 0 3 0 0 1 3 3 4 2 0 1 3 3 1 3 4 0 1 1 3 2 0 1 1 3 1 0 2 4 0 1 0 0 0 0 3 0 1 3 0 2 0 3 1 4 3 0 0 3 3 0 1 3 1 3 2 1 3 4 2 0 0 1 0 0 0 0 0 0 0 
#TS131
1 3 3 2 3 0 4 2 2 0 0 2 0 2 0 4 3 4 0 0 0 0 1 1 1 3 3 3 1 3 1 0 0 0 3 0 1 0 1 1 0 3 1 1 2 2 2 3 2 1 4 3 2 2 2 0 1 1 0 1 0 1 4 0 3 2 1 2 4 0 1 0 0 0 3 3 0 0 1 0 2 0 3 1 2 3 0 0 0 3 0 2 2 1 1 2 1 3 4 3 0 1 0 0 0 0 0 0 0 0 
2 2 3 2 3 0 4 3 2 0 0 2 0 1 0 4 4 3 0 0 0 0 1 1 1 4 4 4 2 2 0 0 0 0 2 0 0 0 0 1 0 3 0 0 3 3 3 3 2 1 4 3 1 1 2 0 1 1 0 1 0 2 3 0 2 2 1 2 4 0 1 0 0 0 2 2 0 0 1 0 2 0 2 1 3 2 0 0 0 3 0 1 1 0 1 2 1 3 4 3 0 1 0 0 0 0 0 0 0 0 
#TS132
0 1 4 3 3 0 4 4 0 3 0 1 0 0 0 0 1 0 0 0 0 3 4 4 3 4 2 1 3 3 1 0 1 0 2 0 0 0 0 1 3 1 3 3 3 0 0 0 1 4 0 1 0 1 2 3 3 4 0 0 1 4 4 3 0 0 1 3 0 1 0 4 3 3 1 0 4 0 1 0 4 0 3 1 3 3 0 3 4 1 4 4 3 2 3 2 1 3 4 3 0 0 0 0 1 0 0 0 0 0 
0 2 4 2 3 0 4 3 0 3 0 2 0 0 0 0 1 0 0 0 0 3 4 4 3 4 2 1 4 3 1 0 0 0 2 1 0 0 0 1 3 1 3 4 3 0 0 0 1 4 0 1 0 1 2 3 3 3 0 1 1 3 4 4 0 0 1 4 0 1 0 4 3 4 2 0 3 0 1 0 4 0 3 1 3 2 0 3 4 2 4 4 3 3 3 2 1 3 4 2 0 0 0 0 1 0 0 0 0 0 
#TS133
1 2 3 3 3 0 4 2 0 3 0 2 0 0 0 0 1 0 0 0 4 2 2 3 1 0 0 1 1 0 0 0 1 3 1 4 0 0 0 1 0 3 3 3 3 0 0 1 0 1 1 0 0 1 1 3 2 3 0 0 2 1 4 3 1 2 1 2 2 0 1 0 0 2 3 3 0 0 1 0 1 0 3 0 3 3 0 0 0 2 2 3 4 4 3 2 1 1 1 3 0 0 0 0 0 1 0 0 0 0 
1 2 3 4 3 0 4 2 0 3 0 2 0 0 0 0 1 0 0 0 3 3 2 4 1 0 0 1 1 0 0 0 2 4 1 4 0 0 0 3 0 3 3 3 3 0 0 0 0 2 2 0 0 1 1 3 2 4 0 0 2 1 3 3 2 2 1 2 1 0 2 1 0 2 4 3 0 0 1 0 1 0 3 0 3 2 0 0 0 2 4 4 3 3 3 2 1 1 1 3 0 0 0 0 0 1 0 0 0 0 
#TS134
2 2 3 2 3 0 4 3 0 0 0 2 0 1 0 0 1 0 0 0 0 3 4 3 1 4 3 0 4 3 0 0 0 0 2 4 0 0 0 1 3 3 1 3 3 0 0 0 0 1 2 0 1 1 2 4 3 3 0 0 0 3 4 3 2 2 1 3 0 0 3 1 2 3 4 1 0 0 1 0 2 0 3 2 3 2 0 0 3 3 4 4 3 2 3 2 1 3 4 3 1 0 0 0 0 0 0 0 0 0 
3 2 3 1 3 0 4 3 0 0 0 3 0 0 0 0 1 0 0 0 0 2 3 3 2 4 3 1 4 3 0 0 0 0 2 4 0 0 0 1 3 3 2 3 3 0 0 0 1 1 2 0 1 1 2 3 3 3 0 0 0 4 3 2 2 2 1 3 0 0 4 1 3 2 3 1 0 0 1 0 3 1 3 2 3 1 0 0 3 3 4 4 4 2 3 2 1 4 4 3 1 0 0 0 0 0 0 0 0 0 
#TS135
1 3 3 3 3 0 4 2 0 4 0 2 0 0 0 0 1 0 0 0 3 3 2 3 1 0 0 1 2 0 0 0 2 4 1 4 0 0 0 1 0 3 3 4 3 0 0 0 0 1 2 0 0 1 0 3 3 3 0 0 1 0 4 3 1 3 2 3 0 0 3 2 0 3 4 2 2 0 1 0 2 0 3 0 3 2 0 0 1 2 2 4 4 3 3 3 2 1 1 3 0 0 0 0 0 0 0 0 0 0 
2 3 3 4 3 0 4 2 0 3 0 2 0 0 0 0 1 1 0 0 1 2 3 3 1 4 0 2 2 0 0 1 2 3 1 4 2 0 0 1 0 3 3 3 3 2 1 0 0 1 3 1 0 1 2 3 3 4 0 0 1 3 4 3 1 2 1 4 1 0 3 2 1 3 4 1 2 0 1 0 2 0 3 0 3 3 0 0 0 3 4 4 3 3 3 2 1 3 2 4 0 0 0 0 0 0 0 0 0 0 
#TS136
0 2 3 2 4 0 4 2 1 0 0 2 0 2 0 3 3 4 0 0 0 0 1 1 1 3 4 2 1 3 1 0 0 0 3 0 3 0 0 1 0 3 1 2 3 3 3 4 1 1 4 3 3 1 2 0 1 1 0 1 0 2 4 2 3 2 1 2 3 0 1 0 0 0 2 3 0 0 1 0 3 0 3 1 3 3 0 0 0 4 1 3 1 2 2 2 1 4 4 4 0 1 0 0 0 0 0 0 0 0 
0 2 2 2 3 0 4 2 2 0 0 2 0 2 0 4 4 3 1 0 0 0 1 1 1 4 3 3 1 3 1 0 0 0 2 0 2 0 0 1 0 3 0 1 3 2 3 3 2 1 4 3 2 1 2 0 1 2 0 2 0 1 4 1 2 2 1 2 3 0 1 0 0 0 2 3 0 0 1 0 2 0 3 1 4 3 0 0 0 2 0 3 1 1 2 2 1 3 4 3 0 1 0 0 0 0 0 0 0 0 
#TS137
0 2 3 2 3 0 4 2 0 3 0 2 0 0 0 0 1 3 0 0 0 0 1 2 1 4 3 2 1 3 1 0 0 0 2 4 3 0 0 1 0 3 2 2 3 3 3 3 2 1 4 3 3 1 2 2 1 1 0 1 0 2 4 3 3 1 2 2 4 0 1 0 0 0 2 3 0 0 1 0 2 0 3 1 3 3 0 0 0 3 4 4 3 3 4 2 2 4 4 3 0 0 0 0 0 0 0 0 0 0 
0 1 3 2 3 0 4 2 0 3 0 2 0 0 0 0 1 3 0 0 0 0 0 1 1 4 2 3 0 3 1 0 0 0 2 4 3 0 0 1 0 3 3 3 3 3 3 3 2 0 4 3 3 1 2 2 1 1 0 1 0 2 4 3 3 2 1 2 4 0 1 0 0 0 2 3 0 0 1 0 2 0 3 1 3 3 0 0 0 3 4 4 3 3 3 2 1 3 4 2 0 0 0 0 0 0 0 0 0 0 
#TS138
3 3 3 4 3 0 4 3 0 3 0 3 0 0 0 0 1 2 0 0 0 2 3 3 1 4 3 2 2 3 0 0 0 0 2 4 3 0 0 1 0 3 3 2 3 3 3 1 1 1 4 2 1 1 2 2 1 1 0 2 1 2 4 3 1 2 2 3 2 0 2 1 1 3 4 1 2 0 1 0 2 0 3 1 3 3 0 0 4 2 4 4 3 3 3 2 1 3 4 3 0 0 0 0 0 0 0 0 0 0 
2 2 4 3 3 0 4 2 0 3 0 2 0 0 0 0 1 2 0 0 0 0 3 2 1 4 3 2 1 3 0 0 0 0 3 4 2 0 0 1 0 3 3 2 3 3 3 3 2 1 4 2 2 1 2 2 1 1 0 1 0 2 3 3 1 2 1 3 3 0 1 0 0 2 2 1 2 0 1 0 2 0 3 1 3 4 0 0 3 3 4 4 4 3 3 2 1 3 4 3 0 0 0 0 0 0 0 0 0 0 
#TS139
4 3 3 3 3 0 4 3 0 3 0 2 0 0 0 4 1 3 1 0 0 0 2 1 3 2 1 0 3 1 0 0 1 1 3 0 0 0 3 1 0 0 3 3 4 3 3 3 4 4 4 3 3 1 3 2 1 2 1 2 2 4 4 3 2 2 1 2 2 0 0 2 0 3 3 0 4 0 0 0 2 0 0 1 1 1 2 4 0 1 4 4 3 3 4 1 2 3 3 4 0 0 0 0 0 0 0 1 0 0 
4 4 3 4 3 0 4 2 0 2 0 3 0 0 0 4 1 3 0 0 1 0 3 2 3 2 1 0 3 0 0 0 0 1 2 0 0 0 3 1 1 0 3 3 3 3 3 2 4 4 4 2 3 1 3 2 1 2 1 3 2 4 4 3 2 2 1 4 2 0 0 3 0 3 4 0 3 0 0 0 2 0 0 1 1 1 1 4 0 1 4 4 3 4 4 1 2 3 4 3 0 0 0 0 0 0 0 1 0 0 
#TS140
0 2 2 2 3 0 4 2 2 0 0 2 0 2 0 4 4 3 1 0 0 0 1 1 1 4 3 3 1 3 1 0 0 0 2 0 2 0 0 1 0 3 0 1 3 2 3 3 2 1 4 3 2 1 2 0 1 2 0 2 0 1 4 1 2 2 1 2 3 0 1 0 0 0 2 3 0 0 1 0 2 0 3 1 4 3 0 0 0 2 0 3 1 1 2 2 1 3 4 3 0 1 0 0 0 0 0 0 0 0 
1 3 3 2 3 0 4 2 2 0 0 2 0 2 0 4 3 4 0 0 0 0 1 1 1 3 3 3 1 3 1 0 0 0 3 0 1 0 1 1 0 3 1 1 2 2 2 3 2 1 4 3 2 2 2 0 1 1 0 1 0 1 4 0 3 2 1 2 4 0 1 0 0 0 3 3 0 0 1 0 2 0 3 1 2 3 0 0 0 3 0 2 2 1 1 2 1 3 4 3 0 1 0 0 0 0 0 0 0 0 
#TS141
1 1 3 1 0 0 4 0 0 2 0 3 0 0 0 0 3 3 0 0 3 0 0 0 1 4 2 1 1 4 1 0 0 0 3 0 3 0 0 1 0 1 3 3 3 4 3 3 2 1 3 3 4 0 2 2 1 1 0 0 0 0 4 3 1 2 1 2 4 0 0 0 0 0 3 1 0 1 1 0 2 2 3 2 3 0 1 0 0 3 4 4 3 3 3 2 0 0 1 3 0 0 0 1 0 0 0 0 0 0 
2 0 3 1 0 0 4 0 0 3 0 3 0 0 0 1 4 4 0 0 3 0 1 0 0 4 2 2 1 3 0 0 1 0 2 0 3 0 0 1 0 0 2 2 3 3 3 3 2 1 4 3 4 0 2 2 1 2 0 0 0 0 4 3 1 2 1 2 4 0 0 0 0 0 3 2 0 0 1 0 1 1 3 3 3 0 0 0 0 3 4 4 2 2 3 2 1 0 0 3 0 0 0 1 0 0 0 0 0 0 
#TS142
1 2 3 2 3 0 4 2 0 3 0 3 0 0 0 3 1 3 0 0 0 1 1 1 1 1 2 0 1 3 0 0 0 0 3 0 2 0 4 1 1 0 3 3 3 3 4 3 4 4 4 3 3 1 4 2 1 2 0 1 0 3 4 3 2 2 1 2 4 0 0 0 0 0 3 0 3 0 0 0 2 0 1 1 2 2 1 4 0 1 4 4 3 4 4 1 1 3 4 3 0 0 0 0 0 0 0 1 0 0 
3 2 3 2 4 0 4 2 0 3 0 2 0 0 0 4 1 3 0 0 0 0 1 1 2 2 1 0 1 2 0 0 1 1 2 0 1 0 3 3 0 0 3 3 3 3 4 4 3 3 4 3 3 1 4 2 1 2 0 1 0 3 4 2 2 2 1 2 4 0 0 0 0 0 4 0 3 0 0 0 2 0 0 1 2 2 1 4 0 1 4 4 3 3 4 0 2 3 4 2 0 0 0 0 0 0 0 1 0 0 
#TS143
1 2 3 2 3 0 4 2 0 3 0 2 0 0 0 0 1 2 0 0 0 1 1 1 1 4 3 2 1 3 1 0 0 0 2 4 3 0 0 1 0 3 3 3 3 3 3 3 2 0 4 3 3 1 3 2 0 1 0 1 0 2 4 3 2 2 1 2 4 0 1 0 0 0 2 4 0 0 1 0 2 0 3 1 3 3 0 0 0 3 4 4 3 2 2 2 0 3 4 2 0 0 0 0 0 0 0 0 0 0 
0 1 3 2 3 0 4 2 0 3 0 3 0 0 0 0 2 3 0 0 0 0 1 1 1 4 3 2 1 3 1 0 0 0 2 4 3 0 0 3 0 3 2 3 3 3 4 4 3 1 4 3 3 1 2 2 1 1 0 1 0 2 4 3 1 2 0 2 4 0 1 0 0 0 2 3 0 0 1 0 3 0 3 1 3 3 0 0 0 3 4 4 3 2 3 3 1 3 4 2 0 0 0 0 0 0 0 0 0 0 
#TS144
0 2 3 3 3 0 4 2 0 3 0 3 0 0 0 0 1 3 0 0 0 0 2 3 1 4 3 1 1 3 1 0 0 0 2 4 4 0 0 1 0 3 3 3 3 4 3 3 2 1 4 4 2 1 2 2 1 1 0 1 0 2 4 3 2 2 1 3 4 0 1 0 0 1 2 2 0 0 1 0 2 0 3 1 3 3 0 0 1 3 4 4 3 3 3 2 1 3 4 4 0 0 0 0 0 0 0 0 0 0 
0 2 3 2 3 0 4 2 0 3 0 2 0 0 0 0 1 3 0 0 0 0 1 2 1 4 3 2 1 3 1 0 0 0 2 4 3 0 0 1 0 3 2 2 3 3 3 3 2 1 4 3 3 1 2 2 1 1 0 1 0 2 4 3 3 1 2 2 4 0 1 0 0 0 2 3 0 0 1 0 2 0 3 1 3 3 0 0 0 3 4 4 3 3 4 2 2 4 4 3 0 0 0 0 0 0 0 0 0 0 
#TS145
0 2 3 2 3 0 4 2 0 3 0 2 0 0 0 0 1 3 0 0 0 0 1 1 1 4 3 2 1 3 1 0 0 0 2 4 3 0 0 1 0 3 3 3 3 3 3 3 2 1 4 3 3 1 2 2 1 1 0 1 0 2 4 3 2 2 1 2 4 0 1 0 0 0 2 3 0 0 1 0 2 0 3 1 3 3 0 0 0 3 4 4 3 3 3 2 1 3 4 3 0 1 0 0 0 0 0 0 0 0 
0 1 3 2 3 0 4 2 1 1 0 3 0 2 0 4 3 3 0 0 0 0 2 2 1 4 4 2 1 3 1 0 0 0 4 1 3 0 0 1 0 3 2 3 3 2 3 3 2 0 4 3 3 1 2 0 1 1 0 1 0 2 4 2 2 2 1 1 4 0 1 0 0 0 2 3 0 0 1 0 2 0 3 1 3 3 0 0 0 4 1 3 1 3 3 3 1 3 4 2 0 1 0 0 0 0 0 0 0 0 
#TS146
2 3 3 2 3 0 4 2 0 3 0 2 0 0 0 0 1 3 0 0 0 2 3 3 1 4 3 1 2 3 1 0 0 0 4 4 3 0 0 1 0 3 3 3 3 3 3 3 1 1 4 3 3 1 3 2 1 1 0 1 0 3 4 3 4 1 1 3 2 0 1 0 0 2 3 0 3 0 1 0 2 0 3 1 3 3 0 0 4 3 4 4 3 3 4 2 1 4 4 3 0 0 0 0 0 0 0 0 0 0 
1 2 3 3 3 0 4 2 0 3 0 2 0 0 0 0 2 3 0 0 0 0 3 2 1 4 3 1 1 3 1 0 0 0 2 4 3 0 0 1 1 3 3 3 3 3 3 3 2 1 4 3 3 1 2 2 1 2 0 2 0 3 4 3 3 2 1 4 3 0 1 0 0 1 2 2 1 1 1 0 2 0 3 0 3 3 0 0 2 2 4 4 4 3 3 2 1 3 4 3 0 0 0 0 0 0 0 0 0 0 
#TS147
1 1 3 1 1 0 3 0 0 4 0 2 0 0 0 1 2 3 0 0 3 0 1 0 1 4 2 2 1 3 1 0 0 0 3 0 3 0 0 1 0 0 3 3 3 3 4 3 2 1 4 3 3 0 2 2 1 1 0 0 0 0 4 3 1 1 1 2 4 0 0 0 0 0 2 2 0 0 1 0 2 0 3 2 3 0 0 1 0 3 4 4 3 3 2 2 0 0 1 2 0 0 0 1 0 0 0 0 0 0 
1 1 3 1 0 0 4 0 0 2 0 3 0 0 0 0 3 3 0 0 3 0 0 0 1 4 2 1 1 4 1 0 0 0 3 0 3 0 0 1 0 1 3 3 3 4 3 3 2 1 3 3 4 0 2 2 1 1 0 0 0 0 4 3 1 2 1 2 4 0 0 0 0 0 3 1 0 1 1 0 2 2 3 2 3 0 1 0 0 3 4 4 3 3 3 2 0 0 1 3 0 0 0 1 0 0 0 0 0 0 
#TS148
1 3 3 2 3 0 4 2 0 3 0 2 0 0 0 0 1 3 0 0 0 0 1 2 1 4 2 2 1 3 1 0 0 0 2 4 3 0 0 1 0 3 3 3 3 3 3 3 2 1 4 3 3 1 2 1 1 1 0 2 0 2 4 3 3 2 1 2 4 0 1 0 0 0 2 3 0 0 1 0 2 0 3 1 3 2 0 0 1 3 4 4 3 3 3 2 1 3 4 3 0 0 0 0 0 0 0 0 0 0 
1 1 3 2 3 0 4 2 0 3 0 2 0 0 0 0 1 3 0 0 0 0 1 2 1 4 3 2 1 2 1 0 0 0 4 4 3 0 0 1 0 3 3 3 3 2 3 3 1 1 4 3 3 1 2 2 1 2 0 1 0 2 4 3 2 2 1 3 4 0 1 0 0 0 2 3 0 0 2 0 2 0 3 1 3 3 0 0 0 2 4 4 3 3 3 2 1 3 4 3 0 0 0 0 0 0 0 0 0 0 
#TS149
0 2 3 2 3 0 4 2 0 3 0 2 0 0 0 0 2 2 0 0 0 0 1 1 1 4 3 2 1 2 1 0 0 0 2 4 3 0 0 1 0 3 3 3 3 3 3 3 2 1 4 3 3 1 2 2 1 2 0 1 0 2 3 3 2 2 1 2 4 0 1 0 0 0 2 3 0 0 1 0 2 0 3 1 3 2 0 0 0 3 4 4 3 3 3 2 1 3 4 2 0 0 0 0 0 0 0 0 0 0 
0 2 3 2 3 0 4 2 0 3 0 2 0 0 0 0 1 2 0 0 0 0 1 1 1 4 3 2 1 2 1 0 0 0 2 4 4 0 0 1 0 3 2 4 3 3 3 3 3 1 4 2 3 1 2 1 1 1 0 1 0 2 3 4 2 2 1 2 4 0 1 0 0 0 2 3 0 0 1 0 2 0 3 1 3 3 1 0 0 2 4 4 3 3 3 2 1 3 4 3 0 0 0 0 0 0 0 0 0 0 
#TS150
1 3 3 4 3 0 4 2 0 2 0 2 0 0 0 0 1 3 0 0 0 0 2 3 1 3 3 3 2 3 0 0 0 0 3 4 2 0 0 1 0 3 3 1 3 3 2 3 2 0 4 3 3 1 3 2 1 1 2 3 1 2 2 2 2 2 3 3 3 0 2 0 0 3 2 1 2 1 3 0 2 0 3 1 3 3 0 0 2 3 4 3 3 2 3 2 1 3 4 4 0 0 0 0 0 0 0 0 0 0 
3 3 3 3 3 0 4 2 0 3 0 2 0 0 0 0 1 3 0 0 0 0 2 3 1 4 3 3 1 3 0 0 0 0 3 4 3 0 0 1 0 3 3 2 3 4 3 3 2 0 4 2 3 1 2 2 1 1 1 2 0 2 4 2 3 2 1 2 4 0 1 0 0 1 1 2 1 1 2 0 2 0 3 1 3 3 0 0 2 3 4 4 4 2 3 2 1 3 4 3 0 0 0 0 0 0 0 0 0 0 
#TS151
0 2 3 2 3 0 4 2 0 3 0 2 0 0 0 0 1 2 0 0 0 0 1 1 1 4 3 2 1 2 1 0 0 0 2 4 4 0 0 1 0 3 2 4 3 3 3 3 3 1 4 2 3 1 2 1 1 1 0 1 0 2 3 4 2 2 1 2 4 0 1 0 0 0 2 3 0 0 1 0 2 0 3 1 3 3 1 0 0 2 4 4 3 3 3 2 1 3 4 3 0 0 0 0 0 0 0 0 0 0 
0 2 3 2 3 0 4 2 0 3 0 2 0 0 0 0 1 3 0 0 0 0 1 1 1 4 3 2 1 3 1 0 0 0 2 4 4 0 0 1 0 3 3 2 3 3 3 4 2 1 4 3 3 1 2 2 0 1 0 1 0 2 4 3 3 2 1 3 4 0 1 0 0 0 2 3 0 0 1 0 2 0 3 1 3 3 0 0 0 2 4 4 3 3 3 2 1 3 4 3 0 0 0 0 0 0 0 0 0 0 
#TS152
3 1 4 3 3 0 4 2 0 3 1 3 0 0 0 1 3 3 0 0 0 0 3 3 1 4 3 1 1 3 1 0 0 0 3 4 3 0 0 1 0 3 3 3 3 3 3 3 3 1 4 3 3 1 4 2 1 1 0 2 1 3 4 3 2 2 1 3 2 0 1 0 0 3 2 1 3 0 1 0 2 1 3 1 3 2 1 0 3 3 4 4 3 3 3 4 0 3 4 3 0 0 0 0 0 0 0 0 0 0 
1 2 3 4 3 0 4 2 0 3 0 2 0 0 0 0 1 3 0 0 0 0 3 3 1 4 3 2 1 3 1 0 0 0 2 4 3 0 0 1 0 3 3 3 3 3 3 3 2 0 4 3 3 1 3 2 1 1 0 2 0 3 4 3 2 2 2 3 2 0 1 0 0 1 3 2 1 0 1 0 2 0 3 1 3 2 0 0 2 3 4 4 4 3 3 2 1 3 4 3 0 0 0 0 0 0 0 0 0 0 
#TS153
0 2 3 2 3 0 4 2 0 3 0 2 0 0 0 0 1 3 0 0 0 0 1 1 1 4 3 2 1 3 1 0 0 0 2 4 3 0 0 1 0 3 3 3 3 3 3 3 2 1 4 3 3 1 2 2 1 1 0 1 0 2 4 3 2 2 1 2 4 0 1 0 0 0 2 3 0 0 1 0 2 0 3 1 3 3 0 0 0 3 4 4 3 3 3 2 1 3 4 3 0 0 0 0 0 0 0 0 0 1 
0 2 4 2 3 0 4 2 0 3 0 2 0 0 0 0 1 4 0 0 0 1 2 2 0 4 4 2 1 3 1 0 0 0 2 2 3 0 0 1 3 3 3 3 3 0 3 4 1 1 3 3 2 1 3 2 1 3 0 2 3 2 4 3 4 1 2 1 4 0 1 0 0 0 2 3 0 0 0 0 2 0 3 1 3 3 0 0 1 2 3 4 3 2 3 2 1 3 4 3 0 0 0 0 0 0 0 0 0 1 
#TS154
0 2 3 2 3 0 4 2 0 3 0 2 0 0 0 0 1 3 0 0 0 0 1 1 1 4 3 2 1 3 1 0 0 0 2 4 3 0 0 1 0 3 3 3 3 3 3 3 2 1 4 3 3 1 2 2 1 1 0 1 0 2 4 3 2 2 1 2 4 0 1 0 0 0 2 3 0 0 1 0 2 0 3 1 3 3 0 0 0 3 4 4 3 3 3 2 1 3 4 3 0 0 0 0 1 0 0 0 0 0 
0 1 3 2 3 0 4 2 0 3 0 2 0 0 0 0 1 3 0 0 0 0 1 1 1 4 3 2 1 3 1 0 0 0 4 1 3 0 0 1 3 2 3 3 2 0 3 3 2 2 2 3 2 1 2 2 1 2 0 1 1 2 4 3 0 0 0 2 4 0 0 0 0 0 1 1 1 0 1 0 3 0 3 1 2 4 0 3 0 2 4 4 3 3 3 2 1 3 4 3 0 0 0 0 1 0 0 0 0 0 
#TS155
0 2 3 3 4 0 4 2 0 3 0 2 0 0 0 0 1 3 0 0 0 1 1 2 1 3 3 3 1 3 0 0 0 0 2 4 4 0 0 1 0 3 3 3 3 3 3 3 2 0 4 2 4 1 2 2 0 1 0 1 0 2 4 3 2 2 1 2 4 0 1 0 0 0 2 3 0 0 1 0 2 0 3 1 2 3 0 0 0 3 4 4 3 3 3 3 1 3 4 3 0 0 0 0 0 0 0 0 0 0 
1 3 3 2 3 0 4 2 0 3 0 2 0 0 0 0 1 3 0 0 0 0 1 2 1 4 3 2 1 3 0 0 1 0 2 4 3 0 0 1 0 3 3 3 3 3 3 3 2 0 4 3 3 1 2 2 0 1 0 1 0 2 4 3 2 2 1 2 3 0 1 0 0 0 2 3 0 0 1 0 2 0 3 1 2 4 0 0 0 3 4 4 3 3 3 3 1 3 4 2 0 0 0 0 0 0 0 0 0 0 
#TS156
1 3 3 2 3 0 4 2 0 3 0 2 0 0 0 0 1 3 0 0 0 0 1 2 1 4 3 2 1 3 0 0 1 0 2 4 3 0 0 1 0 3 3 3 3 3 3 3 2 0 4 3 3 1 2 2 0 1 0 1 0 2 4 3 2 2 1 2 3 0 1 0 0 0 2 3 0 0 1 0 2 0 3 1 2 4 0 0 0 3 4 4 3 3 3 3 1 3 4 2 0 0 0 0 0 0 0 0 0 0 
0 2 3 2 3 0 4 2 0 3 0 2 0 0 0 0 1 3 0 0 0 1 1 1 0 4 3 2 1 3 1 0 0 0 2 4 3 0 0 3 0 3 3 3 3 3 3 3 2 0 3 3 3 1 3 2 1 1 0 1 0 2 4 3 2 2 2 2 4 0 1 0 0 0 2 3 0 0 1 0 2 1 3 1 3 3 0 0 0 3 4 4 3 3 3 2 1 3 4 3 0 0 0 0 0 0 0 0 0 0 
#TS157
2 2 3 4 3 0 4 2 2 0 0 3 0 2 0 4 3 3 0 0 0 0 2 2 1 4 3 4 3 3 0 0 0 0 2 0 0 0 0 1 0 3 0 0 2 2 3 1 1 0 4 3 1 1 3 0 1 1 0 2 0 3 2 0 2 2 1 2 1 0 3 2 1 0 2 3 1 1 2 0 3 0 3 1 3 3 0 0 0 2 0 2 1 0 1 2 1 3 4 2 0 1 0 0 0 0 0 0 0 0 
2 3 3 4 3 0 4 2 2 0 0 2 0 2 0 4 3 3 1 0 0 0 3 3 2 4 4 4 3 2 0 0 1 0 2 0 0 0 0 1 0 3 0 0 3 2 2 2 2 0 4 3 1 1 3 0 1 1 2 3 0 2 1 0 2 2 1 4 0 0 4 2 1 1 2 2 1 0 3 0 3 0 3 1 4 3 0 0 1 3 0 2 1 0 0 2 1 3 4 3 0 1 0 0 0 0 0 0 0 0 
#TS158
0 2 3 2 3 0 4 2 0 3 0 2 0 0 0 0 1 3 0 0 0 0 1 1 1 4 3 2 1 3 1 0 0 0 2 4 3 0 0 1 0 3 3 3 3 3 3 3 2 1 4 3 3 1 2 2 1 1 0 1 0 2 4 3 2 2 1 2 4 0 1 0 0 0 2 3 0 0 1 0 2 0 3 1 3 3 0 0 0 3 4 4 3 3 3 2 1 3 4 3 0 0 0 1 0 0 0 0 0 0 
0 2 3 2 2 0 4 1 0 3 0 2 0 0 0 0 1 3 0 0 2 0 1 1 1 3 3 2 1 3 1 0 0 0 2 1 3 0 0 1 0 1 3 3 3 3 3 3 2 1 3 3 3 1 2 2 1 1 0 0 0 1 4 3 1 2 0 2 4 0 0 0 0 0 3 2 0 0 1 0 2 0 3 2 2 0 0 0 0 3 4 4 3 3 2 2 1 0 4 3 0 0 0 1 0 0 0 0 0 0 
#TS159
0 1 3 2 3 0 4 2 0 3 0 2 0 0 0 0 1 3 0 0 0 0 1 1 1 4 3 3 1 3 1 0 0 0 2 4 4 0 0 1 0 3 3 3 3 3 3 3 3 0 4 3 3 1 2 2 1 1 0 1 0 2 4 3 3 2 1 2 4 0 1 0 0 0 2 3 0 0 1 0 3 0 3 1 3 4 0 0 0 3 4 4 3 3 3 2 2 3 4 3 0 0 0 0 0 0 0 0 0 0 
0 2 3 2 4 0 4 2 0 3 0 2 0 0 0 0 1 3 0 0 0 0 1 1 1 4 3 2 0 3 1 0 0 0 3 4 4 0 0 1 0 3 3 3 3 3 3 4 2 1 4 2 3 1 2 2 1 1 0 1 0 2 4 3 3 2 1 3 4 0 1 0 0 0 2 3 0 0 1 0 2 0 3 1 4 3 0 0 0 3 4 4 3 3 3 2 1 3 4 3 0 0 0 0 0 0 0 0 0 0 
#TS160
1 3 3 2 3 0 4 2 0 3 0 2 0 0 0 0 1 3 0 0 0 0 2 2 1 4 3 2 1 3 1 0 0 0 2 4 4 0 0 1 0 3 3 2 3 3 3 3 2 1 4 3 2 2 2 2 1 2 0 2 0 2 3 3 2 2 1 2 4 0 1 0 0 0 2 3 1 0 1 0 2 0 3 1 3 2 1 0 1 3 4 4 3 2 3 3 1 4 4 3 0 0 0 0 0 0 0 0 0 0 
1 3 3 2 3 0 4 2 0 3 0 2 0 0 0 0 1 3 0 0 0 0 1 2 1 4 2 2 1 3 1 0 0 0 2 4 3 0 0 1 0 3 3 3 3 3 3 3 2 1 4 3 3 1 2 1 1 1 0 2 0 2 4 3 3 2 1 2 4 0 1 0 0 0 2 3 0 0 1 0 2 0 3 1 3 2 0 0 1 3 4 4 3 3 3 2 1 3 4 3 0 0 0 0 0 0 0 0 0 0 
#TS161
0 2 3 2 3 0 4 2 0 3 0 2 0 0 0 0 1 3 0 0 0 1 1 1 0 4 3 2 1 3 1 0 0 0 2 4 3 0 0 3 0 3 3 3 3 3 3 3 2 0 3 3 3 1 3 2 1 1 0 1 0 2 4 3 2 2 2 2 4 0 1 0 0 0 2 3 0 0 1 0 2 1 3 1 3 3 0 0 0 3 4 4 3 3 3 2 1 3 4 3 0 0 0 0 0 0 0 0 0 0 
0 2 3 2 4 0 4 2 0 3 0 2 0 0 0 0 1 3 0 0 0 0 1 1 0 4 3 1 1 3 0 0 0 0 3 4 4 0 0 3 0 3 3 3 3 3 3 3 2 1 4 3 3 1 2 2 1 1 0 1 0 2 4 3 1 2 1 2 4 0 1 0 0 0 2 3 0 0 1 0 2 0 3 1 3 3 0 0 0 3 4 4 3 2 3 3 1 3 4 2 0 0 0 0 0 0 0 0 0 0 
#TS162
2 3 3 4 3 0 4 2 2 0 0 2 0 2 0 4 3 3 1 0 0 0 3 3 2 4 4 4 3 2 0 0 1 0 2 0 0 0 0 1 0 3 0 0 3 2 2 2 2 0 4 3 1 1 3 0 1 1 2 3 0 2 1 0 2 2 1 4 0 0 4 2 1 1 2 2 1 0 3 0 3 0 3 1 4 3 0 0 1 3 0 2 1 0 0 2 1 3 4 3 0 1 0 0 0 0 0 0 0 0 
2 3 3 4 3 0 4 2 2 0 0 2 0 1 0 4 3 3 0 0 0 1 2 3 2 4 4 4 3 3 0 0 1 0 3 0 0 0 0 1 0 3 0 0 2 2 2 1 1 0 4 3 1 1 2 0 2 2 4 3 0 3 1 0 3 2 2 3 1 0 3 3 2 0 2 1 2 2 3 1 4 0 3 1 3 3 0 0 2 3 0 1 1 0 1 2 1 3 4 3 0 1 0 0 0 0 0 0 0 0 
#TS163
0 2 3 2 3 0 4 2 0 3 0 2 0 0 0 0 1 3 0 0 0 0 1 1 1 4 3 2 1 3 1 0 0 0 2 4 3 0 0 1 0 3 3 3 3 3 3 3 2 1 4 3 3 1 2 2 1 1 0 1 0 2 4 3 2 2 1 2 4 0 1 0 0 0 2 3 0 0 1 0 2 0 3 1 3 3 0 0 0 3 4 4 3 3 3 2 1 3 4 3 0 0 0 0 0 0 0 0 1 0 
0 2 3 0 3 0 4 2 2 2 0 2 0 0 0 0 1 3 0 0 0 0 1 1 0 3 4 1 1 3 2 0 0 0 2 4 3 0 0 1 4 3 1 3 3 3 3 4 2 1 2 3 3 1 3 2 0 1 0 1 0 0 4 3 3 1 1 3 4 0 0 0 0 0 2 2 1 0 2 0 4 0 1 1 3 4 0 0 2 0 4 4 1 2 2 2 1 3 4 0 0 0 0 0 0 0 0 0 1 0 
#TS164
0 2 3 2 4 0 4 2 0 3 0 3 0 0 0 0 1 3 1 0 0 0 0 2 1 4 3 3 1 3 0 0 0 0 3 4 3 0 0 1 0 3 3 3 3 3 3 3 3 1 4 3 3 1 2 2 1 1 1 1 0 2 4 3 4 2 2 2 4 0 1 0 0 0 1 3 0 1 2 0 2 0 3 1 2 0 1 0 0 3 4 4 3 1 3 3 1 3 4 3 0 0 0 0 0 0 0 0 0 0 
0 2 3 2 3 0 4 2 0 3 0 2 0 0 0 1 1 3 0 0 0 0 0 1 0 4 3 2 1 2 0 0 0 0 2 4 3 0 0 1 0 3 3 3 3 3 4 3 2 1 4 3 3 1 2 2 1 1 1 1 0 2 4 3 2 2 1 2 4 0 1 0 0 0 2 3 0 0 1 0 2 0 3 1 3 2 0 0 0 3 4 4 3 3 2 2 1 3 4 2 0 0 0 0 0 0 0 0 0 0 
#TS165
1 2 3 3 3 0 4 2 0 3 0 2 0 0 0 0 1 3 0 0 0 1 1 1 1 4 3 1 1 3 1 0 0 0 3 4 3 0 0 1 0 3 3 4 3 3 3 3 2 1 4 3 3 1 2 2 1 2 0 1 0 2 4 3 3 2 1 2 4 0 1 0 0 0 2 3 0 0 1 0 2 0 3 1 3 3 0 0 0 3 4 4 3 2 3 2 2 3 4 3 0 0 0 0 0 0 0 0 0 0 
0 2 3 2 3 0 4 2 0 3 0 2 0 0 0 0 2 2 0 0 0 0 1 1 1 4 3 2 1 2 1 0 0 0 2 4 3 0 0 1 0 3 3 3 3 3 3 3 2 1 4 3 3 1 2 2 1 2 0 1 0 2 3 3 2 2 1 2 4 0 1 0 0 0 2 3 0 0 1 0 2 0 3 1 3 2 0 0 0 3 4 4 3 3 3 2 1 3 4 2 0 0 0 0 0 0 0 0 0 0 
#TS166
0 2 3 2 3 0 4 2 0 3 0 2 0 0 0 1 1 3 0 0 0 0 0 1 0 4 3 2 1 2 0 0 0 0 2 4 3 0 0 1 0 3 3 3 3 3 4 3 2 1 4 3 3 1 2 2 1 1 1 1 0 2 4 3 2 2 1 2 4 0 1 0 0 0 2 3 0 0 1 0 2 0 3 1 3 2 0 0 0 3 4 4 3 3 2 2 1 3 4 2 0 0 0 0 0 0 0 0 0 0 
0 2 3 3 4 0 4 2 0 3 0 2 0 0 0 0 2 3 0 0 0 0 1 1 1 4 3 2 1 3 0 0 0 0 3 4 3 0 0 1 0 3 3 2 3 3 4 3 2 1 4 2 3 1 2 2 1 1 0 1 0 2 4 3 2 1 1 2 4 0 1 0 0 0 2 3 0 0 1 0 2 0 3 0 3 2 0 0 0 3 4 4 3 3 3 2 1 3 4 3 0 0 0 0 0 0 0 0 0 0 
#TS167
1 3 2 2 3 0 4 2 0 0 0 0 0 0 0 0 1 4 0 0 0 0 1 0 0 4 3 2 1 3 0 0 0 0 3 4 3 0 0 0 0 3 0 0 2 3 3 3 3 0 1 2 3 1 2 4 0 1 0 1 1 0 3 2 2 2 2 1 4 0 1 0 0 0 2 3 0 0 1 0 2 0 3 1 3 3 0 0 3 3 0 3 3 3 3 2 1 3 4 4 0 0 1 0 0 0 0 0 0 0 
0 3 3 2 3 0 4 2 0 0 0 0 0 0 0 0 2 3 0 0 0 0 1 1 0 4 3 2 1 3 0 0 0 0 2 4 3 0 0 1 0 3 0 0 1 4 3 3 2 0 2 2 2 1 3 4 0 1 0 1 1 0 3 1 3 1 1 2 4 0 1 0 0 0 2 3 0 0 1 0 2 0 3 1 4 3 0 0 3 3 0 3 3 3 2 2 1 3 4 3 0 0 1 0 0 0 0 0 0 0 
#TS168
1 4 3 3 3 0 3 2 0 3 0 2 0 0 0 0 2 3 0 0 0 1 2 2 1 4 3 1 0 2 0 0 0 0 3 4 3 0 0 1 0 3 2 3 3 3 3 3 3 0 4 2 3 1 2 2 1 1 0 1 0 2 4 3 2 2 2 2 4 0 1 0 0 0 2 2 1 0 1 0 2 0 3 2 3 1 0 0 0 3 4 4 3 2 3 2 1 3 4 3 0 0 0 0 0 0 0 0 0 0 
0 2 3 2 4 0 4 1 0 3 0 2 0 0 0 0 1 3 0 0 0 0 2 2 1 4 3 2 1 3 1 0 0 0 2 4 4 0 0 2 0 3 2 3 3 3 3 3 2 1 4 3 3 1 3 2 1 1 0 1 0 2 4 3 1 2 1 2 4 0 0 0 0 0 2 2 0 0 1 0 2 0 3 1 3 3 0 0 0 3 4 4 3 3 3 2 1 3 4 3 0 0 0 0 0 0 0 0 0 0 
#TS169
2 2 3 3 3 0 4 3 0 0 0 0 0 0 0 0 1 3 0 0 0 0 2 1 0 4 3 3 2 3 0 0 0 0 3 4 0 0 0 1 0 3 0 0 0 3 3 3 2 0 2 4 3 1 2 3 0 1 2 2 3 0 0 1 4 1 1 2 3 0 1 0 0 0 0 3 0 2 4 0 2 0 3 1 3 2 0 0 4 3 1 1 3 1 3 2 2 3 4 3 0 0 0 0 0 0 0 0 0 0 
3 3 3 2 3 0 4 3 0 2 0 2 0 0 0 0 1 3 0 0 0 0 2 2 1 4 3 3 2 3 0 0 0 0 2 4 2 0 0 4 0 3 2 0 2 4 3 3 2 0 4 3 3 1 3 4 1 2 3 3 2 1 0 1 3 1 1 2 3 0 2 0 0 2 1 3 0 2 3 3 2 0 3 1 2 4 0 0 1 3 3 2 3 0 3 2 1 3 4 3 0 0 0 0 0 0 0 0 0 0 
#TS170
1 2 3 3 3 0 4 2 0 3 0 2 0 0 0 3 1 3 0 0 0 0 1 1 1 2 2 0 1 3 0 0 0 0 2 0 3 0 4 1 1 0 3 3 3 2 3 3 3 3 4 3 3 1 3 2 1 2 0 1 0 2 4 3 1 2 0 2 4 0 0 0 0 0 3 1 3 0 0 0 2 0 1 1 3 3 1 3 0 1 4 3 3 3 4 1 1 3 4 3 0 0 0 0 0 0 0 1 0 0 
1 2 3 2 3 0 4 2 0 3 0 3 0 0 0 3 1 3 0 0 0 1 1 1 1 1 2 0 1 3 0 0 0 0 3 0 2 0 4 1 1 0 3 3 3 3 4 3 4 4 4 3 3 1 4 2 1 2 0 1 0 3 4 3 2 2 1 2 4 0 0 0 0 0 3 0 3 0 0 0 2 0 1 1 2 2 1 4 0 1 4 4 3 4 4 1 1 3 4 3 0 0 0 0 0 0 0 1 0 0 
#TS171
0 2 4 2 3 0 4 2 0 3 0 2 0 0 0 0 1 4 0 0 0 1 2 2 0 4 4 2 1 3 1 0 0 0 2 2 3 0 0 1 3 3 3 3 3 0 3 4 1 1 3 3 2 1 3 2 1 3 0 2 3 2 4 3 4 1 2 1 4 0 1 0 0 0 2 3 0 0 0 0 2 0 3 1 3 3 0 0 1 2 3 4 3 2 3 2 1 3 4 3 0 0 0 0 0 0 0 0 0 1 
0 2 3 3 3 0 4 2 0 3 0 2 0 0 0 0 1 3 0 0 0 2 3 3 0 4 4 2 1 4 2 0 0 0 3 2 2 0 0 3 4 3 3 4 3 0 3 3 0 1 2 3 0 1 4 2 3 3 0 2 3 2 4 3 4 1 1 0 4 0 1 0 0 0 1 3 0 0 0 0 2 0 3 2 3 3 0 0 3 1 4 4 3 2 3 4 1 3 4 3 0 0 0 0 0 0 0 0 0 1 
#TS172
0 2 3 2 3 0 4 2 0 3 0 2 0 0 0 0 1 3 0 0 0 0 1 1 1 4 3 2 1 3 1 0 0 0 2 4 3 0 0 1 0 3 3 3 3 3 3 3 2 1 4 3 3 1 2 2 1 1 0 1 0 2 4 3 2 2 1 2 4 0 1 0 0 0 2 3 0 0 1 0 2 0 3 1 3 3 0 0 0 3 4 4 3 3 3 2 1 3 4 3 1 0 0 0 0 0 0 0 0 0 
0 1 3 0 2 0 4 2 0 2 0 2 0 1 0 0 2 3 0 0 0 1 2 1 1 4 3 0 1 3 1 0 0 0 2 4 4 0 0 1 2 3 2 3 3 0 3 3 2 1 4 3 3 0 2 3 2 2 0 0 0 2 4 2 2 2 1 2 4 0 1 0 0 0 2 2 0 0 1 0 3 1 3 1 3 1 0 0 1 3 4 4 3 3 4 2 1 3 4 3 1 0 0 0 0 0 0 0 0 0 
#TS173
0 2 3 2 3 0 4 2 0 3 0 2 0 0 0 0 1 3 0 0 0 0 1 1 1 4 3 2 1 3 1 0 0 0 2 4 3 0 0 1 0 3 3 3 3 3 3 3 2 1 4 3 3 1 2 2 1 1 0 1 0 2 4 3 2 2 1 2 4 0 1 0 0 0 2 3 0 0 1 0 2 0 3 1 3 3 0 0 0 3 4 4 3 3 3 2 1 3 4 3 0 0 0 0 0 0 0 0 0 0 
0 2 3 2 3 0 4 2 0 3 0 2 0 0 0 0 1 3 0 0 0 0 1 1 1 4 3 2 1 3 1 0 0 0 2 4 3 0 0 1 0 3 3 3 3 3 3 3 2 1 4 3 3 1 2 2 1 1 0 1 0 2 4 3 2 2 1 2 4 0 1 0 0 0 2 3 0 0 1 0 2 0 3 1 3 3 0 0 0 3 4 4 3 3 3 2 1 3 4 3 0 0 0 0 0 0 0 0 0 0 
#TS174
0 2 4 2 3 0 4 3 0 3 0 2 0 0 0 0 1 0 0 0 0 4 4 4 3 3 2 1 4 3 1 0 0 0 2 1 0 0 0 1 4 1 3 4 3 0 0 0 0 4 0 1 0 1 2 4 3 3 0 1 1 4 4 3 0 0 0 3 0 1 0 4 3 3 1 0 3 1 1 0 4 0 3 1 3 3 0 3 3 2 4 3 3 4 3 2 1 3 4 3 0 0 0 0 0 0 0 0 0 0 
1 2 3 2 3 0 4 3 0 3 0 3 0 0 0 0 1 1 0 0 0 3 4 4 2 4 3 2 4 2 1 0 1 0 2 4 1 0 0 1 0 2 3 3 3 2 1 0 1 2 2 1 0 1 2 3 3 3 0 1 1 4 4 4 3 2 1 4 0 0 3 3 3 4 3 0 4 0 1 0 2 1 3 1 3 3 0 0 4 2 4 3 3 3 3 2 1 3 4 3 0 0 0 0 0 0 0 0 0 0 
#TS175
0 2 2 2 4 0 4 2 0 3 0 3 0 0 0 0 1 3 0 0 0 0 2 1 1 4 3 2 1 3 1 0 0 0 2 4 3 0 0 1 0 3 3 3 3 3 3 3 2 1 4 3 3 1 2 2 1 1 1 2 0 3 3 3 3 2 1 2 4 0 1 0 0 0 2 3 0 0 1 0 2 0 3 1 3 2 0 0 0 3 4 4 3 3 3 2 2 3 4 3 0 0 0 0 0 0 0 0 0 0 
0 2 3 2 3 0 4 2 0 3 0 2 0 0 0 0 1 3 0 0 0 0 1 1 1 4 2 2 1 3 1 0 0 0 2 4 3 0 0 2 0 3 3 3 3 3 3 3 2 0 4 3 3 1 2 2 1 1 0 2 0 3 3 3 2 2 1 3 4 0 1 0 0 0 2 3 0 0 1 0 3 1 3 1 3 3 0 0 0 3 4 4 3 3 3 2 1 3 4 3 0 0 0 0 0 0 0 0 0 0 
#TS176
0 2 4 3 3 0 4 3 0 3 0 2 0 0 0 0 1 0 0 0 0 3 1 2 1 3 2 1 2 3 1 0 0 0 3 1 0 0 0 3 3 1 3 4 3 0 1 1 1 4 0 2 0 1 2 4 2 3 0 0 2 3 3 3 0 0 1 3 3 0 0 0 0 1 1 0 2 0 1 0 4 0 3 1 3 3 1 3 0 2 3 4 3 2 3 2 1 3 4 3 0 0 0 0 1 0 0 0 0 0 
0 2 4 3 3 0 4 4 0 3 0 2 0 0 0 0 2 0 0 0 0 3 2 3 1 3 3 1 3 2 1 0 0 0 2 1 0 0 0 1 4 1 3 4 3 0 0 1 1 3 0 1 0 1 2 4 3 3 0 0 1 4 4 3 0 0 0 2 2 0 0 1 1 2 1 0 1 0 1 0 3 0 3 0 4 3 0 4 0 2 4 4 3 3 3 1 1 3 4 3 0 0 0 0 1 0 0 0 0 0 
#TS177
2 2 3 3 3 0 4 4 0 3 0 2 0 0 0 0 1 3 0 0 0 1 3 4 1 4 3 1 3 3 1 0 1 0 2 4 3 0 0 1 0 3 3 3 3 3 3 1 1 1 4 3 1 1 3 2 2 2 0 2 2 3 4 3 3 1 2 3 2 0 3 2 1 3 3 0 2 0 1 0 2 0 3 1 3 3 0 0 3 3 4 4 3 3 3 2 1 3 3 3 0 0 0 0 0 0 0 0 0 0 
2 3 3 2 3 0 4 2 0 3 0 2 0 0 0 0 1 3 0 0 0 2 3 3 1 4 3 1 2 3 1 0 0 0 4 4 3 0 0 1 0 3 3 3 3 3 3 3 1 1 4 3 3 1 3 2 1 1 0 1 0 3 4 3 4 1 1 3 2 0 1 0 0 2 3 0 3 0 1 0 2 0 3 1 3 3 0 0 4 3 4 4 3 3 4 2 1 4 4 3 0 0 0 0 0 0 0 0 0 0 
#TS178
4 3 3 2 1 0 4 0 0 3 1 4 0 1 1 2 2 4 0 0 3 0 2 1 1 4 3 1 3 4 0 0 1 0 2 0 0 0 0 1 0 0 3 3 3 3 4 2 3 1 4 3 4 0 2 2 1 1 1 0 2 0 4 3 1 1 2 3 1 0 1 2 1 3 4 1 2 0 1 0 1 2 3 3 3 0 0 0 2 3 4 4 3 3 3 2 1 0 0 3 0 0 0 0 0 0 0 0 0 0 
3 2 3 2 3 0 4 2 0 3 2 4 0 0 1 1 3 3 0 0 1 0 2 2 2 4 3 1 3 3 1 0 1 0 2 4 1 0 0 1 0 2 3 3 3 3 3 2 3 1 4 3 4 1 3 2 0 2 1 2 1 3 4 3 2 2 2 4 1 0 2 2 2 4 4 1 2 0 1 0 1 1 3 2 3 2 0 0 3 3 4 4 3 3 3 2 1 3 1 3 0 0 0 0 0 0 0 0 0 0 
#TS179
1 1 3 2 3 0 4 2 0 3 0 2 0 0 0 0 1 3 0 0 0 0 1 2 1 4 3 2 1 2 1 0 0 0 4 4 3 0 0 1 0 3 3 3 3 2 3 3 1 1 4 3 3 1 2 2 1 2 0 1 0 2 4 3 2 2 1 3 4 0 1 0 0 0 2 3 0 0 2 0 2 0 3 1 3 3 0 0 0 2 4 4 3 3 3 2 1 3 4 3 0 0 0 0 0 0 0 0 0 0 
0 1 2 2 4 0 4 2 0 3 0 2 0 0 0 0 1 3 0 0 0 0 1 2 1 4 3 2 1 3 0 0 0 0 2 4 4 0 0 2 0 3 3 3 3 3 3 3 2 0 4 3 3 1 2 2 1 1 0 1 0 2 4 3 2 2 1 2 3 0 1 0 0 0 2 3 0 0 1 0 3 0 3 1 3 3 0 0 0 3 4 4 2 3 4 2 1 3 4 2 0 0 0 0 0 0 0 0 0 0 
#TS180
2 2 3 4 3 0 4 2 0 3 0 2 0 0 0 0 1 2 0 0 0 2 3 3 1 4 1 2 1 1 0 0 3 1 2 4 3 0 0 1 0 3 3 3 3 3 3 1 1 1 2 2 0 1 2 3 3 1 0 1 1 3 4 3 1 2 2 3 3 0 2 0 0 2 3 1 3 0 1 0 2 0 3 1 3 3 0 0 1 3 4 4 3 3 2 2 0 3 4 3 0 0 0 0 0 0 0 0 0 0 
1 2 3 3 4 0 4 2 0 3 0 2 0 0 0 0 1 3 0 0 0 1 2 2 1 4 3 2 1 2 1 0 1 1 3 4 3 0 0 1 0 3 3 3 3 3 3 3 2 1 4 3 2 1 2 2 1 1 0 2 0 3 4 3 2 2 1 3 4 0 1 0 0 1 2 2 1 0 1 0 2 0 3 1 3 2 0 0 1 3 4 4 3 2 2 2 1 4 4 3 0 0 0 0 0 0 0 0 0 0 
#TS181
0 2 3 2 3 0 4 2 0 3 0 2 0 0 0 0 1 3 0 0 0 0 1 1 1 4 2 2 1 3 1 0 0 0 2 4 3 0 0 2 0 3 3 3 3 3 3 3 2 0 4 3 3 1 2 2 1 1 0 2 0 3 3 3 2 2 1 3 4 0 1 0 0 0 2 3 0 0 1 0 3 1 3 1 3 3 0 0 0 3 4 4 3 3 3 2 1 3 4 3 0 0 0 0 0 0 0 0 0 0 
0 2 3 2 4 0 4 2 0 3 0 2 0 0 0 0 1 3 0 0 0 1 1 1 1 4 3 2 1 3 1 0 0 0 2 4 3 0 0 1 0 3 3 3 3 3 3 3 2 0 4 3 3 1 2 2 1 1 0 2 0 2 4 3 2 2 1 2 4 0 1 0 0 0 2 3 0 1 1 0 2 0 3 1 3 3 0 0 0 3 4 4 3 3 3 2 1 3 4 3 0 0 0 0 0 0 0 0 0 0 
#TS182
1 2 3 3 3 0 4 2 0 3 0 2 0 0 0 0 2 3 0 0 0 0 3 2 1 4 3 1 1 3 1 0 0 0 2 4 3 0 0 1 1 3 3 3 3 3 3 3 2 1 4 3 3 1 2 2 1 2 0 2 0 3 4 3 3 2 1 4 3 0 1 0 0 1 2 2 1 1 1 0 2 0 3 0 3 3 0 0 2 2 4 4 4 3 3 2 1 3 4 3 0 0 0 0 0 0 0 0 0 0 
0 2 3 3 3 0 4 2 0 3 0 3 0 0 0 0 1 3 0 0 0 0 2 3 1 4 3 1 1 3 1 0 0 0 2 4 4 0 0 1 0 3 3 3 3 4 3 3 2 1 4 4 2 1 2 2 1 1 0 1 0 2 4 3 2 2 1 3 4 0 1 0 0 1 2 2 0 0 1 0 2 0 3 1 3 3 0 0 1 3 4 4 3 3 3 2 1 3 4 4 0 0 0 0 0 0 0 0 0 0 
#TS183
1 2 3 3 4 0 4 2 0 3 0 2 0 0 0 1 1 3 0 0 0 1 2 3 1 4 3 2 1 2 1 0 1 0 3 4 2 0 0 1 0 3 3 3 3 3 3 3 2 1 4 2 3 1 2 2 1 1 0 1 0 2 4 3 1 2 1 2 4 0 1 0 0 1 2 3 1 0 1 0 2 0 3 1 3 3 0 0 0 3 4 4 4 2 3 2 1 3 4 3 0 0 0 0 0 0 0 0 0 0 
0 3 3 2 3 0 4 2 0 3 0 2 0 0 0 0 1 3 0 0 0 0 1 2 1 4 2 2 1 3 1 0 0 0 2 4 3 0 0 0 0 3 3 2 3 3 3 3 2 1 4 3 3 1 2 2 1 1 0 1 0 2 4 2 1 2 1 2 4 0 1 0 0 0 3 3 0 0 1 0 2 0 3 1 4 3 0 0 0 2 4 4 3 3 2 2 1 3 4 4 0 0 0 0 0 0 0 0 0 0 
#TS184
0 2 3 0 3 0 4 2 3 1 0 3 0 0 0 0 1 3 3 1 0 0 0 1 0 3 3 4 1 3 3 0 1 0 3 4 3 1 1 1 3 2 0 0 2 3 3 3 4 2 0 3 3 1 2 2 0 0 2 2 0 0 0 0 4 0 1 2 4 0 0 0 0 0 0 0 1 0 3 0 3 0 0 1 0 0 3 1 2 0 4 4 0 0 0 2 1 3 4 0 0 0 0 0 0 0 0 0 1 0 
0 2 3 1 3 0 4 2 4 1 0 3 0 0 0 0 0 3 4 3 0 0 0 1 0 3 3 4 1 3 3 0 1 0 2 4 3 2 2 1 3 3 0 0 2 3 3 4 3 1 0 3 3 1 2 2 0 0 2 2 1 0 0 0 4 0 0 3 4 0 0 0 0 0 0 0 1 0 4 2 3 0 0 0 0 0 3 1 2 0 3 4 0 0 0 2 1 3 4 0 0 0 0 0 0 0 0 0 1 0 
#TS185
0 1 4 2 3 0 4 3 0 3 0 2 0 0 0 0 1 2 0 0 0 2 1 1 1 4 2 1 1 3 1 0 0 0 2 0 2 0 0 1 3 1 3 3 3 0 2 3 1 4 1 3 0 1 2 3 3 2 0 1 1 2 4 3 0 0 0 2 4 0 0 0 0 0 1 0 1 0 1 0 4 0 3 1 3 3 1 3 0 2 4 4 3 3 3 2 0 3 4 3 0 0 0 0 1 0 0 0 0 0 
0 1 4 3 3 0 4 3 0 3 0 2 0 0 0 0 1 1 0 0 0 3 1 2 1 4 3 2 1 3 1 0 0 0 3 1 1 0 0 3 4 1 2 4 3 0 2 2 1 4 1 2 0 1 3 3 3 3 0 0 1 2 4 3 0 0 1 2 4 0 0 0 0 0 0 0 2 0 1 0 4 0 3 1 3 3 0 2 0 2 4 4 3 3 3 2 0 3 4 3 0 0 0 0 1 0 0 0 0 0 
#TS186
3 3 3 3 3 0 4 2 0 3 0 2 0 0 0 0 1 3 0 0 0 0 2 3 1 4 3 3 1 3 0 0 0 0 3 4 3 0 0 1 0 3 3 2 3 4 3 3 2 0 4 2 3 1 2 2 1 1 1 2 0 2 4 2 3 2 1 2 4 0 1 0 0 1 1 2 1 1 2 0 2 0 3 1 3 3 0 0 2 3 4 4 4 2 3 2 1 3 4 3 0 0 0 0 0 0 0 0 0 0 
0 2 3 3 3 0 4 3 0 3 0 2 0 0 0 0 1 3 0 0 0 0 2 3 1 4 3 2 1 2 0 0 0 0 2 4 3 0 0 1 0 3 3 3 3 3 4 3 2 0 4 3 3 1 3 2 0 1 1 1 0 2 4 3 2 2 2 2 4 0 1 0 0 1 2 2 0 0 1 0 2 0 3 1 3 3 0 0 1 3 4 4 3 3 3 2 1 3 4 3 0 0 0 0 0 0 0 0 0 0 
#TS187
0 3 2 2 3 0 4 2 0 3 0 2 0 0 0 0 1 3 0 0 3 2 1 2 1 0 2 1 0 1 0 0 0 1 2 4 3 0 0 1 0 3 3 3 2 0 2 2 0 1 4 3 0 0 1 3 3 3 0 0 1 0 4 3 2 2 1 2 4 0 1 0 0 0 3 3 0 0 1 0 2 0 3 0 3 3 0 0 1 2 4 4 3 3 3 3 1 1 2 3 0 0 0 0 0 1 0 0 0 0 
0 2 3 2 3 0 4 2 0 3 0 2 0 0 0 0 1 1 0 0 3 3 1 3 1 0 1 1 0 1 0 0 1 3 2 4 2 0 0 1 0 3 3 3 3 0 2 2 0 1 3 2 0 0 2 3 3 4 0 0 2 0 4 2 2 2 1 2 4 0 1 0 0 0 2 3 0 0 1 0 2 0 3 1 4 4 0 0 0 2 4 4 3 3 3 3 2 1 2 3 0 0 0 0 0 1 0 0 0 0 
#TS188
1 2 3 2 4 0 4 2 0 3 0 2 0 0 0 0 1 3 0 1 0 0 2 2 1 4 3 3 1 3 0 0 1 0 3 4 3 0 0 1 0 3 2 2 3 3 4 3 2 0 4 3 3 1 2 2 1 1 3 2 1 1 3 1 3 2 1 3 4 0 1 0 0 1 0 3 0 1 3 1 2 0 4 1 3 3 0 0 0 3 4 4 3 1 2 2 1 3 4 3 0 0 0 0 0 0 0 0 0 0 
1 2 3 3 3 0 4 2 0 3 0 3 0 0 0 0 1 3 0 0 0 0 2 2 1 4 3 3 2 3 0 0 0 0 2 4 3 0 0 1 0 3 3 2 3 3 4 3 3 1 4 3 3 1 2 2 1 1 1 3 0 1 3 3 3 2 1 2 3 0 1 0 0 0 0 3 0 2 2 0 2 0 3 1 3 3 0 0 0 3 4 4 3 2 3 2 1 3 4 3 0 0 0 0 0 0 0 0 0 0 
#TS189
1 2 3 0 3 0 4 1 3 0 0 4 0 0 0 0 0 3 4 4 0 0 0 2 0 4 3 4 1 2 4 0 1 0 3 3 4 2 2 1 3 2 0 0 2 4 3 4 4 1 0 3 3 1 3 2 0 0 3 2 1 0 0 0 3 0 1 2 4 0 0 0 0 0 0 0 1 0 4 4 4 0 0 1 0 0 4 1 2 0 4 4 0 0 0 2 1 3 4 0 0 0 0 0 0 0 0 0 1 0 
1 2 3 0 3 0 4 1 4 1 0 4 0 0 0 0 0 3 4 4 0 0 0 2 0 4 2 3 0 3 3 0 0 0 3 4 3 2 2 2 3 2 0 0 2 3 3 3 4 1 0 3 3 1 3 2 0 0 4 2 2 0 0 0 4 0 1 3 3 0 0 0 0 0 0 0 1 1 4 4 4 0 0 0 0 0 4 1 2 0 4 4 0 0 0 2 1 3 4 0 0 0 0 0 0 0 0 0 0 0 
#TS190
4 1 3 2 0 0 4 0 0 3 1 4 0 1 1 1 2 3 0 0 3 0 1 0 1 3 3 2 2 4 1 0 0 0 2 0 0 0 0 1 0 0 3 3 3 3 3 3 2 1 4 2 3 0 2 2 1 2 0 0 1 0 4 3 1 1 2 2 4 0 0 0 0 2 4 1 0 0 1 0 0 1 3 3 3 0 1 0 0 2 4 4 3 3 4 3 1 1 0 2 0 0 0 1 0 0 0 0 0 0 
3 1 3 2 0 1 4 0 0 3 1 3 0 0 1 1 3 3 0 0 4 0 1 0 1 3 3 2 2 4 0 0 0 0 3 0 1 0 0 1 0 0 3 3 3 3 3 3 2 1 4 3 4 0 2 2 1 1 0 0 1 0 4 3 0 1 1 3 4 0 0 0 1 3 4 1 0 1 1 0 0 2 3 3 2 0 1 0 0 2 4 4 3 3 3 2 1 0 0 3 0 0 0 1 0 0 0 0 0 0 
#TS191
1 0 3 3 1 0 4 2 0 0 1 0 0 1 0 1 2 3 0 0 0 0 1 1 1 3 3 1 2 3 0 0 0 0 3 0 0 0 3 1 0 3 2 1 3 3 3 3 0 0 4 3 3 1 2 0 0 3 0 2 1 2 4 4 2 2 0 3 2 0 2 0 0 2 3 3 4 1 1 0 2 0 3 1 3 0 0 0 0 0 4 4 3 2 3 2 1 1 3 1 0 0 0 0 0 0 1 0 0 0 
2 1 3 3 1 0 4 2 0 0 1 0 0 1 0 1 3 3 0 0 0 0 2 1 1 4 3 0 4 3 0 0 1 0 3 0 0 0 3 1 0 3 3 1 3 4 3 2 0 0 4 3 3 1 2 0 0 3 1 2 2 2 4 3 2 2 1 2 1 0 3 1 1 2 4 3 3 0 1 0 2 0 3 1 3 0 1 0 0 0 4 4 4 3 3 2 2 2 2 2 0 0 0 0 0 0 1 0 0 0 
#TS192
2 2 3 1 4 0 4 2 0 0 0 2 0 1 0 0 1 0 0 0 0 4 2 2 1 4 3 0 3 3 0 0 0 0 2 4 0 0 0 1 2 3 1 2 3 0 0 1 0 1 2 0 1 1 2 4 4 2 0 0 0 3 4 1 2 2 1 2 2 0 2 0 1 2 3 1 0 0 1 0 3 0 3 2 3 1 0 0 2 2 4 4 3 3 4 2 1 3 4 3 1 0 0 0 0 0 0 0 0 0 
2 3 4 1 3 0 4 4 0 0 0 2 0 1 0 0 1 0 0 0 0 4 3 2 1 4 3 1 4 3 0 0 0 0 3 4 0 0 0 1 3 3 1 2 3 0 0 0 0 1 2 0 1 1 2 4 3 4 0 0 0 4 4 2 3 2 1 2 1 0 2 0 1 3 3 1 0 0 1 0 2 0 3 2 3 1 0 0 2 3 4 4 3 3 4 2 1 4 4 2 1 0 0 0 0 0 0 0 0 0 
#TS193
0 3 3 2 3 0 4 2 0 0 0 0 0 0 0 0 2 3 0 0 0 0 1 1 0 4 3 2 1 3 0 0 0 0 2 4 3 0 0 1 0 3 0 0 1 4 3 3 2 0 2 2 2 1 3 4 0 1 0 1 1 0 3 1 3 1 1 2 4 0 1 0 0 0 2 3 0 0 1 0 2 0 3 1 4 3 0 0 3 3 0 3 3 3 2 2 1 3 4 3 0 0 1 0 0 0 0 0 0 0 
1 2 3 2 3 1 3 2 0 0 0 0 0 0 0 0 3 3 0 0 0 0 0 1 0 4 3 1 0 3 0 0 0 0 2 4 3 0 0 1 0 3 0 0 1 3 4 3 2 0 1 3 3 1 2 3 0 1 0 2 1 0 1 1 3 1 1 2 4 0 0 0 0 0 1 3 0 1 1 0 2 0 4 1 3 3 0 0 3 3 1 2 3 2 2 2 1 3 4 3 0 0 1 0 0 0 0 0 0 0 
#TS194
1 2 3 4 3 0 4 2 0 3 0 2 0 0 0 0 1 0 0 0 3 3 2 4 1 0 0 1 1 0 0 0 2 4 1 4 0 0 0 3 0 3 3 3 3 0 0 0 0 2 2 0 0 1 1 3 2 4 0 0 2 1 3 3 2 2 1 2 1 0 2 1 0 2 4 3 0 0 1 0 1 0 3 0 3 2 0 0 0 2 4 4 3 3 3 2 1 1 1 3 0 0 0 0 0 1 0 0 0 0 
1 3 3 4 3 0 4 3 0 4 0 3 0 0 0 0 1 0 0 0 3 3 3 3 1 0 0 1 1 0 0 0 1 4 1 4 0 0 0 2 0 3 2 3 3 0 0 0 0 1 1 0 0 1 1 4 4 3 0 0 2 0 4 3 2 2 1 3 1 0 3 1 0 4 4 3 1 0 1 0 2 0 3 0 3 3 0 0 1 2 2 4 4 3 3 2 1 1 1 4 0 0 0 0 0 1 0 0 0 0 
#TS195
0 2 4 3 3 0 4 4 0 3 0 2 0 0 0 0 2 0 0 0 0 3 2 3 1 3 3 1 3 2 1 0 0 0 2 1 0 0 0 1 4 1 3 4 3 0 0 1 1 3 0 1 0 1 2 4 3 3 0 0 1 4 4 3 0 0 0 2 2 0 0 1 1 2 1 0 1 0 1 0 3 0 3 0 4 3 0 4 0 2 4 4 3 3 3 1 1 3 4 3 0 0 0 0 1 0 0 0 0 0 
0 2 3 2 3 0 4 2 0 3 0 2 0 0 0 0 1 0 0 0 0 3 3 3 2 3 2 1 4 3 1 0 1 0 2 1 0 0 0 1 4 1 3 4 3 0 0 0 1 3 0 1 0 1 2 3 3 3 0 1 1 4 4 3 0 0 1 4 1 0 0 2 2 3 1 0 2 0 1 0 3 1 2 1 3 2 0 3 0 2 4 4 2 3 3 2 2 3 4 3 0 0 0 0 1 0 0 0 0 0 
#TS196
3 2 3 2 4 0 4 2 0 3 0 2 0 0 0 4 1 3 0 0 0 0 1 1 2 2 1 0 1 2 0 0 1 1 2 0 1 0 3 3 0 0 3 3 3 3 4 4 3 3 4 3 3 1 4 2 1 2 0 1 0 3 4 2 2 2 1 2 4 0 0 0 0 0 4 0 3 0 0 0 2 0 0 1 2 2 1 4 0 1 4 4 3 3 4 0 2 3 4 2 0 0 0 0 0 0 0 1 0 0 
3 2 3 3 4 0 4 2 0 3 0 2 0 0 0 3 1 3 0 0 0 0 1 0 2 1 1 0 3 1 0 0 0 1 3 0 1 0 4 1 1 0 3 3 3 3 3 2 3 3 4 2 3 1 4 2 1 2 0 2 1 3 4 3 2 2 1 2 4 0 0 0 0 2 3 0 3 0 0 0 2 0 0 1 1 1 2 4 0 1 4 4 3 3 3 1 1 3 4 3 0 0 0 0 0 0 0 1 0 0 
#TS197
0 2 4 3 3 0 4 2 0 3 0 2 0 0 0 0 1 3 0 0 0 0 2 2 1 4 3 2 1 4 0 0 0 0 2 4 3 0 0 1 0 3 3 2 3 3 3 4 2 1 4 3 3 1 2 2 0 1 0 1 0 2 4 3 2 2 1 2 4 0 1 0 0 1 2 2 0 1 1 0 2 0 3 1 3 4 0 0 1 3 4 4 4 3 3 2 1 3 4 3 0 0 0 0 0 0 0 0 0 0 
1 2 3 2 3 0 4 2 0 3 0 2 0 0 0 0 1 4 0 0 0 0 1 2 1 4 3 1 1 3 0 0 0 0 2 4 3 0 0 2 0 3 3 3 3 3 3 4 3 1 4 3 3 1 3 2 1 1 0 1 0 2 4 3 2 2 1 2 4 0 1 0 0 1 2 3 0 0 1 0 3 0 3 1 3 3 0 0 0 3 4 4 4 3 3 2 1 3 4 4 0 0 0 0 0 0 0 0 0 0 
#TS198
0 1 2 2 4 0 4 2 0 3 0 2 0 0 0 0 1 3 0 0 0 0 1 2 1 4 3 2 1 3 0 0 0 0 2 4 4 0 0 2 0 3 3 3 3 3 3 3 2 0 4 3 3 1 2 2 1 1 0 1 0 2 4 3 2 2 1 2 3 0 1 0 0 0 2 3 0 0 1 0 3 0 3 1 3 3 0 0 0 3 4 4 2 3 4 2 1 3 4 2 0 0 0 0 0 0 0 0 0 0 
0 2 3 2 3 0 4 2 0 3 0 2 0 0 0 0 1 3 0 0 0 0 1 1 1 4 3 2 1 3 0 0 1 0 2 4 4 0 0 1 0 3 3 3 3 3 4 3 2 1 4 3 2 1 3 2 1 1 0 1 0 2 4 3 2 2 1 2 4 0 1 0 0 0 2 3 0 0 1 0 2 0 3 1 3 3 0 0 0 3 4 4 3 3 3 1 1 3 4 3 0 0 0 0 0 0 0 0 0 0 
#TS199
0 2 3 2 3 0 4 2 0 3 0 3 0 0 0 0 1 4 0 0 0 0 1 1 0 4 3 2 1 3 0 0 0 0 2 4 3 0 0 1 0 3 3 3 3 3 3 3 2 1 4 2 3 1 2 2 1 2 0 1 0 2 4 3 2 2 1 2 4 0 1 0 0 0 2 3 0 0 1 0 2 0 3 1 3 3 0 0 0 3 4 4 3 2 3 2 1 3 4 3 0 0 0 0 0 0 0 0 0 0 
0 2 3 2 4 0 4 2 0 3 0 2 0 0 0 0 1 3 0 0 0 0 1 1 1 4 3 2 0 2 1 0 0 0 2 4 3 0 0 1 0 4 3 3 3 3 3 3 2 1 4 3 3 1 3 2 1 2 0 1 0 2 4 3 1 2 1 2 4 0 1 0 0 0 2 3 0 0 1 0 2 0 3 1 3 3 0 0 0 3 4 4 3 3 3 2 1 4 4 3 0 0 0 0 0 0 0 0 0 0 
#TS200
2 2 4 3 3 0 4 2 0 3 0 2 0 0 0 0 1 2 0 0 0 0 3 2 1 4 3 2 1 3 0 0 0 0 3 4 2 0 0 1 0 3 3 2 3 3 3 3 2 1 4 2 2 1 2 2 1 1 0 1 0 2 3 3 1 2 1 3 3 0 1 0 0 2 2 1 2 0 1 0 2 0 3 1 3 4 0 0 3 3 4 4 4 3 3 2 1 3 4 3 0 0 0 0 0 0 0 0 0 0 
0 3 3 3 3 0 3 2 0 3 0 2 0 0 0 1 1 3 0 0 0 1 2 3 1 4 3 2 1 3 0 0 0 0 3 4 3 0 0 0 0 3 3 3 3 3 3 3 2 1 4 3 3 1 2 2 1 1 0 2 0 2 4 3 3 2 1 2 4 0 1 0 0 1 2 2 1 0 1 0 2 0 3 1 3 3 0 0 2 3 4 4 3 2 3 2 1 3 4 4 0 0 0 0 0 0 0 0 0 0 
#TS201
3 1 3 2 0 1 4 0 0 3 1 3 0 0 1 1 3 3 0 0 4 0 1 0 1 3 3 2 2 4 0 0 0 0 3 0 1 0 0 1 0 0 3 3 3 3 3 3 2 1 4 3 4 0 2 2 1 1 0 0 1 0 4 3 0 1 1 3 4 0 0 0 1 3 4 1 0 1 1 0 0 2 3 3 2 0 1 0 0 2 4 4 3 3 3 2 1 0 0 3 0 0 0 1 0 0 0 0 0 0 
3 1 3 2 0 1 3 0 0 3 2 3 0 0 1 2 3 3 0 0 3 0 2 0 1 3 3 2 3 3 1 0 0 0 2 0 0 0 0 1 0 0 3 3 3 3 3 3 2 1 4 3 4 0 2 2 1 1 1 1 1 0 4 3 1 1 0 2 2 0 0 1 1 3 3 1 0 0 1 0 0 2 3 2 2 0 0 0 0 2 4 4 3 3 3 2 1 0 0 3 0 0 0 1 0 0 0 0 0 0 
