#TS1
2 4 3 2 1 2 1 4 0 0 0 0 3 3 2 2 3 0 0 3 2 4 3 3 3 0 2 0 0 2 3 3 3 4 4 0 3 3 2 2 3 3 0 0 2 3 1 3 1 1 2 2 0 1 4 1 3 2 1 1 0 0 2 1 4 1 0 0 2 4 0 2 3 2 3 4 3 0 3 2 2 0 3 2 0 4 3 3 2 3 0 2 0 1 0 4 2 0 1 3 0 0 0 0 0 0 0 0 0 0 
2 1 3 2 1 2 2 1 1 2 1 0 4 3 2 2 3 0 0 1 4 3 3 4 3 0 2 0 2 2 1 2 3 3 1 0 3 4 1 3 3 3 0 0 2 3 3 2 1 1 2 0 0 1 3 1 3 3 2 1 0 1 3 3 3 2 0 0 3 3 0 1 3 4 0 4 3 0 3 1 4 0 2 2 0 2 3 3 1 2 0 3 0 0 0 4 3 0 1 3 0 0 0 0 0 0 0 0 0 0 
#TS2
2 0 3 4 1 0 1 0 1 3 2 2 3 3 2 0 2 0 4 1 2 3 3 0 0 2 1 3 1 2 2 0 1 0 0 0 0 3 0 3 0 3 1 0 2 2 4 0 1 2 4 2 1 3 0 4 3 3 2 1 0 1 3 0 3 2 4 3 3 3 0 0 3 1 0 4 3 0 3 1 4 0 0 3 0 0 1 3 0 3 0 3 0 0 0 4 3 3 4 0 0 0 1 0 0 0 0 0 0 0 
1 0 3 3 0 0 1 1 0 3 2 1 3 3 2 0 2 0 3 1 2 4 3 0 0 2 0 4 0 3 2 0 2 0 1 0 0 3 0 3 0 3 1 0 2 1 3 0 1 1 3 1 1 3 0 4 3 3 2 1 1 1 3 0 3 2 4 2 3 3 0 0 3 1 0 3 2 0 3 1 3 0 0 3 0 0 1 2 0 2 0 3 0 0 0 4 2 4 4 0 0 0 1 0 0 0 0 0 0 0 
#TS3
2 0 2 2 1 0 1 4 2 3 3 2 3 0 1 0 2 2 2 1 4 3 3 1 3 2 2 3 1 3 1 0 3 0 0 0 2 0 3 1 3 4 1 0 2 4 4 0 2 3 3 2 1 3 0 4 3 2 2 0 1 0 3 0 3 3 4 0 0 3 0 0 3 2 4 4 3 0 3 1 4 2 1 2 0 0 1 2 0 0 3 4 0 0 0 4 3 0 4 1 0 0 0 0 0 0 0 0 0 1 
1 0 3 2 1 0 1 4 3 2 3 2 3 0 1 0 3 1 2 1 2 3 3 1 2 2 3 3 0 4 1 0 3 0 0 0 3 0 3 1 3 3 2 0 2 4 4 0 2 2 3 2 1 4 0 4 3 2 1 0 1 0 3 0 4 3 4 0 0 2 0 0 3 2 3 3 3 1 3 1 4 2 1 2 0 1 1 3 0 0 3 3 0 0 0 4 4 0 4 1 0 0 0 0 0 0 0 0 0 1 
#TS4
1 0 3 3 0 1 1 1 1 3 3 1 2 2 2 0 2 0 3 1 2 3 3 0 1 1 2 4 4 2 2 0 1 0 0 0 0 3 2 2 0 3 1 0 2 2 4 0 1 2 3 2 1 4 0 4 3 3 3 1 0 2 3 0 3 2 4 2 3 3 0 0 3 1 0 3 3 0 2 1 4 0 1 2 0 1 1 1 1 3 2 3 0 0 0 4 4 4 4 0 0 0 1 0 0 0 0 0 0 0 
2 0 3 4 1 0 1 0 1 3 2 2 3 3 2 0 2 0 4 1 2 3 3 0 0 2 1 3 1 2 2 0 1 0 0 0 0 3 0 3 0 3 1 0 2 2 4 0 1 2 4 2 1 3 0 4 3 3 2 1 0 1 3 0 3 2 4 3 3 3 0 0 3 1 0 4 3 0 3 1 4 0 0 3 0 0 1 3 0 3 0 3 0 0 0 4 3 3 4 0 0 0 1 0 0 0 0 0 0 0 
#TS5
2 0 3 2 1 2 1 0 2 4 3 2 2 2 2 0 2 1 3 0 2 3 3 3 4 2 3 4 3 2 3 0 0 0 0 2 0 0 2 1 4 3 1 0 2 2 3 0 1 1 4 2 4 3 0 4 3 3 2 1 0 4 3 0 4 2 4 2 3 3 0 0 3 2 0 3 3 0 3 1 4 0 2 3 0 1 1 1 1 0 4 3 0 0 0 4 2 0 4 1 0 0 0 0 0 0 0 0 0 0 
2 0 3 2 1 2 1 0 2 3 3 2 2 2 2 0 2 1 3 0 2 4 3 2 4 2 3 3 2 2 2 0 0 0 0 2 0 0 4 1 3 3 1 0 2 3 4 0 2 1 3 2 4 4 0 4 3 3 2 1 0 3 2 0 3 2 4 3 3 3 0 0 3 2 0 4 3 0 3 1 4 0 2 3 0 1 1 1 1 0 4 3 0 0 0 4 3 0 3 1 0 0 0 0 0 0 0 0 0 0 
#TS6
3 4 4 3 1 0 1 1 1 4 3 3 2 1 2 0 3 0 1 0 2 4 3 1 2 3 1 4 0 4 2 2 3 0 1 0 2 0 3 3 3 3 0 0 2 3 4 0 2 2 3 2 1 3 0 4 0 3 1 0 1 1 3 0 3 2 4 1 3 3 0 0 3 2 0 4 3 4 3 1 4 0 4 2 3 0 0 0 0 3 2 3 3 1 1 4 3 3 4 1 1 0 0 0 0 0 0 0 0 0 
3 4 3 3 1 0 1 2 1 3 3 3 3 1 2 0 4 0 1 1 2 4 3 1 2 2 1 3 0 3 2 3 3 0 3 0 2 0 3 3 3 3 0 0 2 3 4 0 3 3 3 2 0 2 0 4 0 3 2 0 1 1 3 0 3 2 4 0 3 2 0 0 3 2 0 4 3 2 3 1 4 0 3 3 4 0 0 0 0 3 2 3 4 1 1 4 4 3 4 1 1 0 0 0 0 0 0 0 0 0 
#TS7
2 0 3 2 1 2 1 0 2 3 3 2 2 1 1 0 2 1 3 0 2 3 3 3 3 1 2 1 3 2 2 0 0 0 0 0 1 0 2 3 3 3 2 0 2 3 2 0 1 1 3 2 4 3 0 4 3 3 2 1 1 2 4 0 4 2 4 3 3 3 0 0 3 2 0 4 3 0 3 1 4 0 2 2 0 1 1 2 0 0 4 3 1 1 0 4 3 0 4 1 0 0 0 0 0 0 0 0 0 0 
2 0 3 2 2 1 1 0 2 3 3 2 2 1 2 0 2 1 3 0 2 3 3 2 3 2 2 2 3 2 2 0 0 0 0 0 1 0 3 1 3 3 1 0 2 3 4 0 2 1 3 2 4 3 0 4 3 3 2 0 1 3 3 0 3 2 4 3 3 3 0 0 3 2 0 4 3 0 3 1 4 0 2 1 0 1 1 2 0 0 4 3 0 0 0 4 3 0 4 0 0 0 0 0 0 0 0 0 0 0 
#TS8
3 0 3 2 1 1 1 0 2 3 3 1 2 2 2 0 2 0 1 0 2 3 3 2 2 1 2 3 3 4 2 1 2 0 0 0 2 0 3 1 3 3 1 0 2 3 4 0 1 3 3 1 1 2 0 4 3 3 2 1 1 2 2 0 3 2 4 0 3 3 0 0 3 2 0 4 3 1 3 0 4 0 3 2 0 1 2 3 0 0 3 3 1 1 0 4 2 0 3 2 0 0 0 0 0 0 0 0 0 0 
2 0 3 2 1 2 1 0 1 3 3 1 3 2 1 0 2 0 2 0 2 4 3 3 2 1 3 3 3 2 2 0 3 0 0 0 2 0 4 1 3 3 1 0 2 3 4 0 1 2 4 2 1 3 0 4 3 3 2 1 1 3 3 0 3 2 4 0 3 3 0 0 3 2 0 4 3 0 2 1 4 0 2 2 0 1 2 3 0 0 3 3 1 0 0 4 3 0 4 2 0 0 0 0 0 0 0 0 0 0 
#TS9
1 0 3 2 1 2 1 1 2 3 3 2 2 2 2 0 3 2 3 1 2 3 3 2 3 2 3 3 3 2 2 0 0 0 0 2 0 0 3 1 3 3 1 0 2 3 4 0 1 1 3 2 4 3 0 4 3 3 2 1 1 4 3 0 3 3 4 3 3 3 0 0 3 2 0 4 3 0 3 0 4 0 2 2 0 1 1 1 1 0 4 3 0 0 0 4 3 0 4 1 0 0 0 0 0 0 0 0 0 0 
1 0 3 1 1 3 1 1 2 3 3 2 3 2 2 0 3 2 3 1 2 3 3 2 4 2 2 3 3 2 2 0 1 0 0 2 0 0 3 1 3 3 1 0 2 3 4 0 1 2 3 2 4 3 0 4 4 3 2 1 1 4 3 0 4 2 4 3 3 3 0 0 3 2 1 4 3 0 3 1 4 0 2 2 0 1 1 1 1 0 4 4 0 0 0 4 2 1 4 1 0 0 0 0 0 0 0 0 0 0 
#TS10
1 0 3 3 1 2 1 1 1 2 3 2 2 2 2 0 2 1 3 2 2 3 3 0 3 2 2 2 3 1 2 0 0 0 0 0 0 2 3 2 1 3 1 0 2 3 3 0 1 1 3 1 2 3 0 4 3 3 2 1 0 3 3 0 3 2 4 3 3 4 0 0 3 2 0 4 3 0 4 1 4 0 1 2 0 1 1 1 3 1 3 3 0 0 0 4 3 3 4 0 0 0 1 0 0 0 0 0 0 0 
1 0 3 3 0 1 1 1 1 3 3 1 2 2 2 0 2 0 3 1 2 3 3 0 1 1 2 4 4 2 2 0 1 0 0 0 0 3 2 2 0 3 1 0 2 2 4 0 1 2 3 2 1 4 0 4 3 3 3 1 0 2 3 0 3 2 4 2 3 3 0 0 3 1 0 3 3 0 2 1 4 0 1 2 0 1 1 1 1 3 2 3 0 0 0 4 4 4 4 0 0 0 1 0 0 0 0 0 0 0 
#TS11
1 3 3 4 1 0 1 3 2 3 3 3 2 1 2 0 3 1 1 2 2 3 2 2 2 4 1 3 0 3 2 2 1 0 2 1 1 0 2 2 3 3 0 0 2 2 4 0 2 1 3 2 2 3 0 4 0 3 2 0 1 2 3 0 3 2 4 3 3 3 0 0 3 2 0 4 3 3 3 2 4 0 3 2 4 0 0 0 0 4 2 3 3 0 1 4 4 3 4 1 1 0 0 0 0 0 0 0 0 0 
1 3 4 4 1 0 1 2 2 3 3 2 2 1 1 0 3 0 1 1 2 3 3 1 2 4 1 4 0 4 3 2 2 0 2 0 1 0 2 3 3 3 0 0 2 2 4 0 3 1 3 2 1 3 0 4 0 3 1 0 1 2 3 0 3 2 4 2 3 3 0 0 3 2 0 4 3 4 2 2 4 0 4 2 4 0 0 0 0 2 1 3 3 1 1 4 3 4 4 1 1 0 0 0 0 0 0 0 0 0 
#TS12
1 0 3 1 1 3 0 1 0 3 1 0 3 1 3 2 3 2 1 1 2 3 3 2 3 1 3 3 0 3 1 2 3 1 0 1 1 0 4 1 3 0 1 0 2 3 4 0 3 2 3 2 0 0 0 4 4 3 2 1 0 0 3 0 3 2 3 2 3 3 0 0 3 2 0 3 3 0 3 0 4 0 0 3 2 3 4 3 3 0 4 0 0 0 0 4 4 0 2 3 0 0 0 0 0 0 0 0 1 0 
1 0 3 2 1 3 0 1 0 2 1 0 4 2 2 3 3 2 0 1 2 3 3 2 3 1 2 3 0 2 1 3 3 1 0 1 2 0 3 1 4 0 1 0 2 3 4 2 2 2 3 1 0 0 0 3 3 3 2 1 0 0 4 1 4 1 1 1 3 3 0 0 4 3 1 4 3 0 3 0 4 0 0 2 2 4 4 3 2 0 3 0 0 0 0 4 4 0 0 3 0 0 0 0 0 0 0 0 1 0 
#TS13
1 0 3 1 2 2 1 0 3 3 3 1 1 1 1 2 4 2 2 1 1 3 2 2 3 1 3 2 3 2 0 0 3 1 0 0 2 0 3 1 3 3 1 0 2 3 4 0 1 2 3 1 2 3 0 3 3 2 2 1 1 4 3 0 3 2 4 0 3 3 0 0 3 2 0 4 3 0 3 2 4 0 2 2 0 1 1 1 0 0 2 3 0 0 0 4 3 0 4 1 0 0 0 0 0 0 0 0 0 0 
1 0 3 1 1 2 1 0 2 3 3 2 1 1 1 2 3 1 3 1 2 2 3 2 3 1 3 3 4 2 1 0 2 0 0 0 3 0 2 1 3 3 1 0 2 3 4 0 2 2 3 2 2 3 0 4 3 3 2 1 1 4 3 0 3 2 4 1 3 3 0 0 3 2 0 3 3 0 3 2 4 0 2 3 0 1 1 2 0 0 4 3 0 0 0 4 2 0 4 1 0 0 0 0 0 0 0 0 0 0 
#TS14
1 0 3 1 0 2 1 1 4 4 3 3 0 1 0 0 2 1 0 1 2 3 3 2 2 3 2 3 0 4 2 2 3 0 0 0 1 0 1 3 3 3 0 0 2 0 4 0 0 2 0 2 0 2 0 4 3 3 1 1 1 3 3 0 4 2 4 2 3 4 0 0 4 0 0 4 3 0 3 1 4 0 2 2 0 1 1 2 2 0 2 1 0 0 4 0 4 3 4 1 0 0 0 0 1 0 0 0 0 0 
1 0 3 2 0 2 1 1 4 3 3 3 0 1 0 0 4 0 1 1 2 3 3 2 2 4 1 4 0 4 2 2 3 0 0 0 2 1 0 3 3 3 0 0 2 0 4 1 0 2 0 1 0 2 0 4 3 3 1 1 0 2 3 0 3 2 4 3 3 3 0 0 3 0 0 3 3 0 3 1 4 0 2 2 0 1 3 2 2 0 3 0 0 0 3 0 3 4 4 1 0 0 0 0 0 0 0 0 0 0 
#TS15
1 0 3 1 1 3 0 1 0 1 0 0 4 2 2 4 2 1 0 1 3 3 3 4 3 0 3 2 0 2 2 3 3 1 3 0 2 1 3 2 2 0 1 0 2 3 4 2 2 2 3 1 0 0 0 4 4 3 2 1 0 0 4 3 3 0 0 1 3 4 0 0 3 2 0 4 3 1 3 0 1 0 0 2 3 4 4 3 2 1 4 0 0 0 0 4 3 0 0 3 0 0 0 0 0 0 0 0 1 0 
1 0 3 1 1 3 0 1 0 1 0 0 4 2 2 3 4 0 0 1 3 3 2 4 3 0 2 0 0 2 1 3 4 1 1 0 2 2 2 3 2 0 1 0 1 3 3 3 2 1 3 1 0 0 0 4 4 3 2 2 0 0 3 4 3 1 0 1 3 4 0 0 3 2 0 4 3 2 3 0 1 0 0 2 3 4 4 3 2 1 4 0 0 0 0 4 3 0 0 3 0 0 0 0 0 0 0 0 1 0 
#TS16
1 2 2 1 2 0 1 1 3 3 3 0 2 2 3 2 3 1 0 4 2 4 3 0 0 0 4 0 1 3 1 2 2 4 0 0 1 0 3 1 3 3 0 0 2 2 4 0 1 3 4 2 0 2 2 1 3 3 3 0 1 4 3 0 3 1 1 2 1 3 0 0 3 1 1 4 3 0 1 1 4 0 2 3 0 1 0 3 0 0 4 3 0 0 0 4 2 0 4 1 0 0 0 0 0 0 0 0 0 0 
2 0 3 1 2 2 1 1 2 2 3 0 2 2 2 2 3 1 1 1 2 4 3 2 0 0 3 0 2 3 1 1 3 3 0 0 1 0 3 1 3 3 1 0 2 3 4 0 1 3 3 1 0 2 3 1 4 3 3 1 1 4 2 1 3 2 0 1 3 4 0 0 4 2 0 3 3 0 3 1 4 0 4 2 0 1 2 3 0 0 4 3 0 0 0 4 4 0 4 1 0 0 0 0 0 0 0 0 0 0 
#TS17
2 0 3 3 1 2 1 0 3 4 2 2 2 2 1 4 1 0 0 0 2 3 2 2 3 1 2 2 1 3 0 3 3 1 0 0 4 3 1 4 0 3 2 0 2 2 4 2 1 2 2 1 1 2 0 3 0 3 2 1 2 1 3 0 1 2 4 0 3 3 0 0 2 2 1 4 3 2 3 3 3 0 2 1 0 1 1 2 0 3 2 3 2 1 0 4 2 0 4 2 0 0 0 0 0 0 0 0 0 0 
3 0 3 2 1 2 0 0 4 3 2 2 2 2 0 3 1 0 0 0 2 3 2 3 3 1 2 3 2 3 1 1 3 1 0 0 3 3 0 4 0 3 1 0 2 2 3 1 1 2 2 1 1 2 0 4 0 3 2 1 2 1 3 0 3 3 4 0 3 3 0 0 3 2 0 4 3 2 2 3 4 0 3 2 0 1 2 2 0 3 2 3 1 1 0 4 3 0 4 2 0 0 0 0 0 0 0 0 0 0 
#TS18
1 3 3 1 1 3 1 4 0 1 0 0 4 4 2 2 2 2 1 3 2 3 3 2 3 0 3 3 0 3 1 4 4 3 0 1 2 1 2 2 3 3 0 0 2 3 3 2 1 1 3 2 0 0 4 1 3 3 1 1 1 0 3 0 3 2 2 0 2 3 0 2 4 3 3 4 3 0 4 1 4 0 2 2 0 4 3 3 3 1 3 3 0 0 0 4 3 0 2 3 0 1 0 0 0 0 0 0 0 0 
1 4 3 2 1 3 1 3 0 1 0 0 3 3 2 1 2 1 1 3 2 3 3 3 3 0 3 2 0 3 1 4 4 3 0 0 2 2 2 2 4 3 0 0 2 3 4 3 1 1 3 2 0 0 4 2 3 2 2 1 1 0 3 0 3 1 0 0 3 3 0 1 4 2 4 4 3 0 3 2 4 0 2 2 0 4 4 3 3 1 2 3 0 1 0 4 3 0 2 3 0 1 0 0 0 0 0 0 0 0 
#TS19
2 0 3 2 1 2 1 0 3 4 2 1 2 2 2 2 2 0 3 0 2 4 3 3 3 0 3 0 3 2 0 0 1 3 0 0 2 2 2 3 3 3 1 0 2 3 4 2 1 2 3 2 3 4 2 2 3 3 2 1 1 2 3 1 4 3 4 1 3 3 0 0 3 2 0 4 3 0 3 1 4 0 2 2 0 1 2 2 1 2 1 3 0 0 0 4 3 0 4 2 0 0 0 0 0 0 0 0 0 0 
2 0 3 2 1 2 1 0 3 3 2 2 2 1 2 2 2 0 3 0 2 3 3 2 3 0 3 0 3 2 0 0 1 3 0 0 1 2 2 3 3 3 1 0 2 2 4 1 1 2 3 2 3 3 2 1 3 3 1 1 1 1 3 0 3 3 4 2 3 3 0 0 3 2 0 4 3 0 3 1 4 0 2 2 0 1 3 3 1 2 1 3 0 0 0 4 2 0 4 2 0 0 0 0 0 0 0 0 0 0 
#TS20
1 4 3 2 1 3 1 3 0 1 0 0 3 3 2 1 2 1 1 3 2 3 3 3 3 0 3 2 0 3 1 4 4 3 0 0 2 2 2 2 4 3 0 0 2 3 4 3 1 1 3 2 0 0 4 2 3 2 2 1 1 0 3 0 3 1 0 0 3 3 0 1 4 2 4 4 3 0 3 2 4 0 2 2 0 4 4 3 3 1 2 3 0 1 0 4 3 0 2 3 0 1 0 0 0 0 0 0 0 0 
1 3 3 2 1 3 1 4 0 0 0 0 4 3 2 2 3 1 0 4 2 3 3 2 3 0 3 2 0 2 1 4 3 4 1 0 3 2 2 2 3 3 0 0 2 3 1 4 1 1 2 3 0 0 4 0 3 3 2 1 0 0 3 1 4 1 0 0 2 3 0 1 4 1 3 4 3 0 3 2 3 0 2 2 0 4 4 3 3 2 1 3 0 0 0 4 3 0 2 3 0 1 0 0 0 0 0 0 0 0 
#TS21
0 2 3 0 2 0 1 2 2 4 3 2 2 1 4 2 2 1 3 3 2 3 3 0 0 0 3 1 0 4 0 1 1 2 0 1 0 0 2 1 3 3 0 0 2 3 2 0 1 2 4 1 1 4 1 2 3 2 4 0 1 4 3 0 3 2 4 3 2 3 0 0 3 2 1 4 3 1 1 1 4 0 2 2 0 0 0 3 0 0 4 4 0 0 0 4 3 0 4 1 0 0 0 0 0 1 0 0 0 0 
0 1 3 0 1 1 1 2 2 4 3 2 2 2 3 2 3 0 3 3 2 3 2 0 0 0 3 1 0 3 1 3 0 3 0 0 0 0 2 1 3 3 0 0 1 3 3 0 1 1 4 2 0 3 2 2 3 2 4 0 1 4 3 0 3 2 4 3 2 3 0 0 3 2 1 4 3 1 3 1 4 0 2 3 0 1 0 3 0 0 4 3 0 0 0 4 3 0 4 1 0 0 0 0 0 1 0 0 0 0 
#TS22
1 0 3 2 4 0 0 0 2 4 3 2 0 1 1 3 3 0 1 2 2 0 0 0 0 0 3 0 0 2 0 2 3 1 0 1 1 0 2 1 3 3 0 0 2 3 4 1 0 2 2 4 1 3 2 0 3 2 2 1 1 4 3 0 3 4 4 1 3 3 0 0 3 3 1 4 3 0 1 2 4 0 4 1 0 1 3 0 0 3 0 3 0 0 0 2 4 0 4 1 0 0 0 0 0 0 0 0 0 0 
1 0 3 2 3 2 1 1 3 3 3 1 1 2 1 1 3 1 1 1 2 3 0 2 1 1 3 0 2 4 0 2 3 2 0 0 2 0 2 1 3 3 1 0 2 2 2 0 1 1 3 2 1 3 1 1 3 3 1 1 1 4 4 0 3 3 4 1 3 3 0 0 4 2 0 4 3 0 3 3 4 0 3 1 0 1 2 3 0 1 0 3 0 0 0 4 3 0 4 1 0 0 0 0 0 0 0 0 0 0 
#TS23
1 0 3 1 1 2 1 1 2 3 3 1 2 1 2 0 3 2 3 1 2 3 3 2 3 2 3 3 3 2 2 0 0 0 0 1 0 0 3 1 2 2 1 0 2 3 4 0 1 1 3 1 4 3 0 4 3 3 2 1 1 4 2 0 3 2 4 3 2 3 0 0 4 2 1 4 3 0 3 0 4 0 2 4 0 1 1 1 2 0 3 3 0 0 0 4 3 1 4 1 0 0 0 0 0 0 0 0 0 0 
1 0 3 2 1 2 1 0 2 3 3 2 2 2 2 0 3 2 3 1 2 3 3 2 3 2 4 3 3 2 2 0 0 0 0 2 0 0 4 1 3 3 1 0 2 3 4 0 1 1 3 2 4 3 0 4 4 3 2 1 1 4 4 0 3 2 4 3 3 3 0 0 2 2 1 4 3 0 2 0 4 0 2 2 0 1 1 1 2 0 3 3 0 0 0 4 4 1 4 1 0 0 0 0 0 0 0 0 0 0 
#TS24
1 3 3 2 1 1 1 2 2 3 3 3 3 1 2 0 2 2 3 1 2 2 3 2 3 2 3 3 3 1 2 0 0 0 0 2 0 0 2 0 3 3 0 0 2 3 2 0 2 1 3 2 4 3 0 4 1 3 2 0 1 4 3 0 3 2 4 3 3 3 0 0 2 2 0 4 3 0 3 1 4 0 3 3 2 1 1 0 2 2 3 3 2 0 2 4 4 3 4 1 1 0 0 0 0 0 0 0 0 0 
1 4 3 4 1 0 1 2 2 2 3 3 3 1 2 0 2 2 3 1 2 3 3 2 3 3 3 3 2 2 3 0 1 0 0 2 0 0 3 1 3 4 0 0 2 3 2 0 2 1 3 2 4 4 0 4 0 3 2 0 1 4 3 0 3 1 4 3 3 3 0 0 3 1 0 4 3 0 4 1 4 0 3 3 3 0 1 0 1 3 1 2 3 0 1 4 2 4 4 1 1 0 0 0 0 0 0 0 0 0 
#TS25
2 0 3 2 1 2 1 0 3 3 2 2 2 1 2 2 2 0 3 0 2 3 3 2 3 0 3 0 3 2 0 0 1 3 0 0 1 2 2 3 3 3 1 0 2 2 4 1 1 2 3 2 3 3 2 1 3 3 1 1 1 1 3 0 3 3 4 2 3 3 0 0 3 2 0 4 3 0 3 1 4 0 2 2 0 1 3 3 1 2 1 3 0 0 0 4 2 0 4 2 0 0 0 0 0 0 0 0 0 0 
2 0 3 2 1 2 1 1 2 4 3 2 2 2 2 2 2 0 3 0 2 3 3 3 4 1 3 0 3 2 0 0 0 1 0 0 1 1 2 3 4 3 1 0 2 2 3 1 1 1 4 2 3 3 2 2 3 3 2 1 0 1 3 0 3 2 4 2 3 3 0 0 3 2 0 4 3 0 3 1 4 0 2 3 0 0 1 2 2 1 1 2 0 0 0 4 4 0 4 1 0 0 0 0 0 0 0 0 0 0 
#TS26
1 0 3 1 0 2 1 1 3 4 2 4 0 1 0 0 4 2 1 1 2 3 3 1 2 4 3 3 1 4 3 2 1 0 0 0 0 0 0 1 4 3 0 0 2 1 4 1 0 2 0 1 1 2 0 4 3 3 1 1 1 3 3 0 3 2 4 2 3 3 0 0 3 0 1 4 3 0 3 1 4 0 2 2 0 1 2 2 2 0 3 1 0 0 3 0 4 4 4 1 0 0 0 0 1 0 0 0 0 0 
1 0 3 1 0 2 1 1 4 4 3 3 0 1 0 0 3 1 2 1 2 2 3 1 3 4 3 4 0 4 3 2 2 0 0 0 2 0 1 2 3 3 0 0 2 0 3 1 0 3 0 1 0 3 0 4 3 3 1 1 1 3 3 0 2 2 4 3 3 3 0 0 3 0 0 4 3 0 3 1 4 0 2 2 0 1 2 2 3 1 3 0 0 0 3 0 2 4 4 2 0 0 0 0 1 0 0 0 0 0 
#TS27
1 0 3 2 1 1 1 4 2 2 3 2 2 0 1 0 3 1 2 2 2 3 3 1 1 2 2 3 1 3 1 0 3 0 0 0 2 0 3 1 4 3 1 0 2 3 4 0 1 2 3 2 1 3 0 4 4 3 2 0 1 1 3 0 4 3 4 0 0 3 0 0 3 3 4 3 3 0 3 1 4 2 0 2 0 0 1 2 0 0 3 4 0 0 0 4 4 0 4 1 0 0 0 0 0 0 0 0 0 1 
2 0 2 2 1 0 1 4 2 3 3 2 3 0 1 0 2 2 2 1 4 3 3 1 3 2 2 3 1 3 1 0 3 0 0 0 2 0 3 1 3 4 1 0 2 4 4 0 2 3 3 2 1 3 0 4 3 2 2 0 1 0 3 0 3 3 4 0 0 3 0 0 3 2 4 4 3 0 3 1 4 2 1 2 0 0 1 2 0 0 3 4 0 0 0 4 3 0 4 1 0 0 0 0 0 0 0 0 0 1 
#TS28
3 0 3 2 1 2 1 0 2 4 3 2 1 1 0 0 2 0 3 0 2 4 3 2 2 2 2 2 3 3 2 0 2 0 0 0 3 0 1 3 3 3 2 0 2 1 4 0 1 2 1 2 2 3 0 4 3 3 2 1 1 3 3 0 3 1 4 1 3 3 0 0 4 3 1 3 3 0 3 1 4 0 2 2 0 1 2 1 1 0 3 3 0 0 0 4 3 0 4 2 0 0 0 0 0 0 0 0 0 0 
3 0 3 1 1 2 0 0 2 3 3 2 2 1 2 0 2 1 3 0 2 3 3 2 2 2 1 3 3 2 2 0 1 0 0 0 2 0 3 2 3 3 2 0 2 3 2 0 1 3 3 2 4 3 0 4 4 2 2 1 0 3 3 0 3 2 4 2 3 2 0 0 3 2 0 4 3 0 3 0 4 0 2 2 0 1 1 2 1 0 4 3 0 0 0 4 3 0 4 1 0 0 0 0 0 0 0 0 0 0 
#TS29
2 0 3 2 1 2 1 1 2 3 3 1 2 2 1 0 3 0 3 0 2 2 3 3 3 0 3 0 3 2 2 0 1 0 0 0 2 2 1 3 1 3 1 0 2 0 4 1 1 1 3 2 3 3 0 4 3 3 2 1 1 1 3 1 3 2 4 1 3 3 0 0 3 2 0 3 3 0 2 1 4 0 2 2 0 1 2 2 1 1 2 3 1 0 0 4 3 0 4 2 0 0 0 0 0 0 0 0 0 0 
2 0 3 2 1 2 1 0 2 4 2 2 2 2 1 0 3 0 3 0 2 3 3 3 3 0 3 0 3 2 2 0 1 0 0 0 2 2 0 3 2 3 1 0 2 0 4 1 1 2 3 2 4 3 0 4 3 2 2 1 1 2 2 0 4 2 4 3 3 3 0 0 3 2 0 4 3 1 3 1 4 0 2 3 0 1 1 2 1 1 2 3 0 0 0 4 3 0 4 1 0 0 0 0 0 0 0 0 0 0 
#TS30
2 0 3 2 1 2 1 0 2 2 3 2 2 2 1 1 3 0 3 0 2 3 3 3 3 2 2 3 3 2 2 0 2 0 0 0 2 1 0 3 1 3 1 0 2 0 4 0 1 2 3 2 4 3 0 4 3 3 3 1 1 1 3 0 4 2 4 2 3 3 0 0 3 2 0 4 3 1 3 1 4 0 2 2 0 1 1 3 0 1 2 3 0 0 0 4 2 0 4 1 0 0 0 0 0 0 0 0 0 0 
3 0 3 2 1 2 1 0 2 4 3 2 2 2 2 0 2 0 3 0 2 3 3 3 3 1 3 3 3 2 1 0 1 0 0 0 2 0 1 4 2 3 1 0 2 1 4 1 1 1 2 1 4 3 0 4 3 3 2 1 1 1 3 0 3 2 4 2 3 4 0 0 3 2 0 4 3 0 3 0 4 0 2 2 0 1 1 2 0 1 2 3 0 0 0 4 3 0 3 1 0 0 0 0 0 0 0 0 0 0 
#TS31
2 0 3 2 2 2 1 0 2 3 2 1 3 2 2 2 3 0 2 0 2 4 4 3 3 0 3 0 4 1 0 0 4 2 0 0 3 3 3 3 2 3 1 0 2 2 4 2 1 2 2 1 2 3 2 2 4 3 2 1 1 2 2 2 3 2 3 0 3 3 0 0 3 2 0 4 3 0 3 1 4 0 2 2 0 2 3 2 0 2 1 3 0 0 0 4 3 0 4 3 0 0 0 0 0 0 0 0 0 0 
2 0 3 2 1 2 1 0 3 4 2 1 2 2 2 2 2 0 3 0 2 4 3 3 3 0 3 0 3 2 0 0 1 3 0 0 2 2 2 3 3 3 1 0 2 3 4 2 1 2 3 2 3 4 2 2 3 3 2 1 1 2 3 1 4 3 4 1 3 3 0 0 3 2 0 4 3 0 3 1 4 0 2 2 0 1 2 2 1 2 1 3 0 0 0 4 3 0 4 2 0 0 0 0 0 0 0 0 0 0 
#TS32
1 2 3 0 2 0 1 2 1 3 3 0 2 2 2 2 3 0 0 3 2 2 3 0 0 0 3 0 0 4 0 3 1 4 0 0 1 0 4 1 3 3 0 0 1 3 3 0 1 3 4 1 0 2 3 1 3 3 4 0 1 4 3 0 4 2 2 3 2 3 0 0 3 2 1 4 3 1 2 0 4 0 3 3 0 1 0 4 0 0 3 4 0 1 0 4 2 1 4 1 0 0 0 0 0 1 0 0 0 0 
1 2 2 1 2 0 1 1 3 3 3 0 2 2 3 2 3 1 0 4 2 4 3 0 0 0 4 0 1 3 1 2 2 4 0 0 1 0 3 1 3 3 0 0 2 2 4 0 1 3 4 2 0 2 2 1 3 3 3 0 1 4 3 0 3 1 1 2 1 3 0 0 3 1 1 4 3 0 1 1 4 0 2 3 0 1 0 3 0 0 4 3 0 0 0 4 2 0 4 1 0 0 0 0 0 0 0 0 0 0 
#TS33
1 0 3 2 1 0 1 4 3 2 3 2 3 0 1 0 3 1 2 1 2 3 3 1 2 2 3 3 0 4 1 0 3 0 0 0 3 0 3 1 3 3 2 0 2 4 4 0 2 2 3 2 1 4 0 4 3 2 1 0 1 0 3 0 4 3 4 0 0 2 0 0 3 2 3 3 3 1 3 1 4 2 1 2 0 1 1 3 0 0 3 3 0 0 0 4 4 0 4 1 0 0 0 0 0 0 0 0 0 1 
1 0 3 2 1 0 1 4 2 3 3 2 3 0 1 0 3 1 2 2 2 3 3 1 2 2 1 4 0 3 2 2 3 0 0 0 3 0 3 1 3 3 1 0 3 3 4 0 1 3 3 2 0 3 0 4 3 3 2 0 1 0 3 0 3 2 4 0 1 4 0 0 3 2 4 3 4 1 3 1 4 2 0 2 0 0 1 3 0 0 3 3 0 0 0 4 4 0 4 1 0 0 0 0 0 0 0 0 0 0 
#TS34
2 0 3 1 2 2 1 1 2 2 3 0 2 2 2 2 3 1 1 1 2 4 3 2 0 0 3 0 2 3 1 1 3 3 0 0 1 0 3 1 3 3 1 0 2 3 4 0 1 3 3 1 0 2 3 1 4 3 3 1 1 4 2 1 3 2 0 1 3 4 0 0 4 2 0 3 3 0 3 1 4 0 4 2 0 1 2 3 0 0 4 3 0 0 0 4 4 0 4 1 0 0 0 0 0 0 0 0 0 0 
1 0 3 1 1 3 1 1 2 3 3 0 2 2 0 1 3 1 2 0 2 3 3 3 2 0 3 0 3 3 1 0 3 3 0 0 2 0 3 2 3 3 1 0 2 3 4 0 1 3 3 2 1 3 2 2 3 2 2 1 1 4 2 1 3 1 2 0 3 4 0 0 4 2 0 4 3 0 3 1 4 0 2 3 0 1 3 2 1 0 4 3 0 0 0 4 2 0 4 1 0 0 0 0 0 0 0 0 0 0 
#TS35
1 0 3 1 1 3 1 1 2 3 3 2 2 2 2 0 2 2 3 1 2 3 3 2 3 2 3 3 3 2 2 0 0 0 0 2 0 0 3 1 3 3 1 0 2 3 4 0 1 1 3 2 4 3 0 4 3 3 2 1 1 4 3 0 3 2 4 3 3 3 0 0 3 2 0 4 3 0 3 1 4 0 2 2 0 1 1 1 3 0 4 3 0 0 0 4 3 0 4 1 0 0 0 0 0 1 0 0 0 0 
1 1 3 1 1 2 1 1 2 4 2 2 2 2 2 0 2 1 3 3 2 3 3 0 3 1 3 3 3 2 2 0 0 2 0 1 0 0 3 0 3 4 1 0 2 4 4 0 1 1 3 3 2 4 0 4 3 2 3 0 1 4 3 0 3 2 4 3 3 3 0 0 3 2 1 4 3 0 2 1 4 0 2 2 0 1 0 1 3 0 4 4 0 0 0 4 3 0 4 1 0 0 0 0 0 1 0 0 0 0 
#TS36
0 1 3 0 1 1 1 2 2 4 3 2 2 2 3 2 3 0 3 3 2 3 2 0 0 0 3 1 0 3 1 3 0 3 0 0 0 0 2 1 3 3 0 0 1 3 3 0 1 1 4 2 0 3 2 2 3 2 4 0 1 4 3 0 3 2 4 3 2 3 0 0 3 2 1 4 3 1 3 1 4 0 2 3 0 1 0 3 0 0 4 3 0 0 0 4 3 0 4 1 0 0 0 0 0 1 0 0 0 0 
1 3 3 0 2 0 1 2 2 4 3 1 2 1 2 4 4 1 1 4 2 3 3 0 0 0 4 0 0 4 0 2 1 4 0 0 1 0 3 1 3 3 0 0 2 3 4 0 1 2 4 2 0 2 2 2 3 3 4 0 1 4 3 0 3 2 3 3 2 3 0 0 4 2 2 4 3 2 2 1 4 0 3 2 1 0 0 4 0 0 4 3 1 0 0 4 2 0 4 1 0 0 0 0 0 1 0 0 0 0 
#TS37
3 0 3 3 0 0 1 0 2 2 2 0 3 2 1 0 2 0 0 0 2 4 3 3 2 0 0 0 0 3 2 4 3 0 0 0 2 0 0 3 2 4 1 0 2 0 3 1 1 3 3 1 0 1 0 4 4 3 3 2 2 2 2 3 4 1 0 0 3 3 0 0 3 2 0 4 1 2 3 1 4 0 4 3 0 1 1 3 0 1 0 2 0 0 0 4 4 1 3 1 0 0 0 0 0 0 0 0 0 0 
3 0 3 3 0 1 1 0 2 2 3 1 3 2 1 0 3 0 0 0 2 3 3 4 3 0 1 0 1 4 2 2 3 0 0 0 2 0 1 3 3 4 1 0 2 0 4 1 1 3 3 1 1 2 0 4 3 3 2 1 1 1 3 1 3 2 2 0 4 3 0 0 3 2 0 3 2 2 3 2 4 0 3 2 0 1 2 3 0 0 2 3 0 0 0 4 3 0 4 2 0 0 0 0 0 0 0 0 0 0 
#TS38
1 0 3 1 2 3 1 1 0 4 2 0 3 3 2 1 2 2 1 2 2 3 2 1 1 1 1 3 0 3 3 3 3 0 0 0 2 0 3 0 3 3 0 0 2 3 4 0 1 2 3 4 0 2 0 4 3 4 4 1 1 4 3 0 3 3 2 0 3 3 0 0 3 3 4 4 3 0 2 0 4 0 1 2 0 1 1 1 4 0 4 3 3 0 4 4 0 1 3 1 0 0 0 1 0 0 0 0 0 0 
1 0 4 1 2 2 0 2 0 4 2 0 4 3 2 1 2 1 0 1 2 2 3 2 2 0 0 3 0 4 3 3 4 0 0 0 2 0 2 0 3 3 0 0 2 3 3 1 2 2 3 3 0 2 0 4 3 3 4 1 1 4 3 1 3 3 1 0 3 4 0 0 3 2 4 4 3 0 2 0 4 0 1 2 0 1 1 2 4 0 4 3 3 0 3 4 0 1 3 2 0 0 0 1 0 0 0 0 0 0 
#TS39
1 0 3 2 0 1 1 1 2 3 3 2 2 1 2 0 2 2 3 2 2 3 1 2 3 2 3 3 3 2 2 0 0 0 0 1 3 2 3 2 4 3 1 0 2 3 4 2 1 1 3 3 4 3 0 4 2 3 2 1 1 1 3 0 1 3 4 3 2 3 0 0 0 2 3 4 3 0 3 1 4 0 2 3 3 1 1 1 3 0 4 3 0 0 0 3 3 1 4 1 0 0 0 0 0 0 1 0 0 0 
1 0 3 2 0 1 1 1 1 3 3 2 1 1 2 0 1 2 3 2 2 3 0 2 3 2 1 4 3 2 1 0 0 0 0 0 3 3 3 3 4 3 1 0 2 3 2 2 1 1 3 4 4 3 0 4 0 3 2 1 1 0 3 0 0 3 4 3 4 3 0 0 0 2 3 4 3 0 3 1 4 0 2 2 3 1 1 1 1 1 3 4 0 0 0 4 3 1 4 1 0 0 0 0 0 0 1 0 0 0 
#TS40
1 0 3 2 1 2 1 0 2 3 3 2 2 2 2 0 3 2 3 1 2 3 3 2 3 2 4 3 3 2 2 0 0 0 0 2 0 0 4 1 3 3 1 0 2 3 4 0 1 1 3 2 4 3 0 4 4 3 2 1 1 4 4 0 3 2 4 3 3 3 0 0 2 2 1 4 3 0 2 0 4 0 2 2 0 1 1 1 2 0 3 3 0 0 0 4 4 1 4 1 0 0 0 0 0 0 0 0 0 0 
1 0 3 1 1 3 1 1 2 4 3 2 2 2 1 0 2 2 3 1 2 3 3 2 3 2 2 3 3 2 2 0 0 0 0 3 0 0 4 1 2 3 1 0 2 3 4 0 1 1 3 2 4 3 0 4 3 3 2 1 1 4 3 0 3 2 4 3 3 3 0 0 3 2 0 4 3 0 2 0 4 0 2 2 0 1 1 1 3 0 3 3 0 0 0 4 3 1 4 1 0 0 0 0 0 0 0 0 0 0 
#TS41
1 0 4 1 2 2 0 2 0 4 2 0 4 3 2 1 2 1 0 1 2 2 3 2 2 0 0 3 0 4 3 3 4 0 0 0 2 0 2 0 3 3 0 0 2 3 3 1 2 2 3 3 0 2 0 4 3 3 4 1 1 4 3 1 3 3 1 0 3 4 0 0 3 2 4 4 3 0 2 0 4 0 1 2 0 1 1 2 4 0 4 3 3 0 3 4 0 1 3 2 0 0 0 1 0 0 0 0 0 0 
1 0 3 1 2 3 1 1 0 3 2 0 4 4 2 1 2 2 0 1 2 3 3 1 2 0 0 3 0 3 3 3 4 0 0 0 3 0 3 1 3 3 0 0 2 3 3 0 1 2 3 3 0 2 0 4 3 3 3 1 1 4 2 2 4 3 0 0 4 3 0 0 3 3 4 4 3 0 2 0 4 0 0 3 0 2 3 1 4 0 4 3 4 0 4 4 0 1 4 2 0 0 0 1 0 0 0 0 0 0 
#TS42
1 0 3 1 1 2 1 0 3 3 3 2 2 1 2 0 2 1 3 0 2 3 3 3 3 1 1 3 3 2 2 0 0 0 0 1 0 0 2 1 3 3 1 0 2 3 4 0 1 1 3 2 4 3 0 4 3 3 2 1 1 4 3 0 3 2 4 3 3 3 0 0 3 2 0 4 3 0 3 1 4 0 2 3 0 1 1 2 1 0 4 3 0 0 0 3 3 0 4 1 0 0 0 0 0 0 0 0 0 0 
2 0 3 2 1 2 1 0 2 4 3 2 2 2 2 0 2 1 3 0 2 3 3 3 4 2 3 4 3 2 3 0 0 0 0 2 0 0 2 1 4 3 1 0 2 2 3 0 1 1 4 2 4 3 0 4 3 3 2 1 0 4 3 0 4 2 4 2 3 3 0 0 3 2 0 3 3 0 3 1 4 0 2 3 0 1 1 1 1 0 4 3 0 0 0 4 2 0 4 1 0 0 0 0 0 0 0 0 0 0 
#TS43
4 0 3 2 1 2 1 0 3 3 3 2 2 2 2 0 2 1 3 0 2 4 3 3 3 1 2 1 3 1 2 0 1 0 0 0 2 1 1 2 3 3 1 0 2 0 4 1 1 1 3 2 4 3 0 4 3 3 2 1 1 3 4 0 3 2 3 3 3 4 0 0 2 2 0 3 2 0 3 1 4 0 2 2 0 1 1 3 1 1 1 3 0 0 0 4 3 0 4 1 0 0 0 0 0 0 0 0 0 0 
3 0 3 2 1 2 1 0 2 3 3 1 2 2 2 0 3 1 3 0 2 3 3 2 3 2 2 2 3 2 3 0 0 0 0 0 1 0 1 3 3 3 1 0 2 1 4 0 1 1 3 2 4 3 0 4 3 3 2 1 0 1 2 0 3 3 4 3 3 3 0 0 2 2 0 4 3 0 3 1 4 0 2 3 0 1 1 2 1 1 2 3 0 0 0 4 3 0 4 1 0 0 0 0 0 0 0 0 0 0 
#TS44
2 0 2 2 1 1 1 0 2 4 3 2 3 2 2 0 2 0 3 0 2 3 3 2 3 2 1 3 3 2 2 0 1 0 0 1 1 0 2 1 2 3 1 0 2 3 4 0 1 1 3 2 4 4 0 4 3 3 1 1 0 2 3 0 3 2 3 3 2 3 0 0 3 2 1 4 3 0 3 1 4 0 3 2 0 1 1 1 0 0 4 3 0 0 0 4 4 0 4 1 0 0 0 0 0 0 0 0 0 0 
1 0 3 3 1 2 1 0 2 4 3 2 2 2 1 0 3 1 3 0 2 4 3 2 3 1 2 3 3 1 3 0 1 0 0 1 0 0 3 0 3 3 1 0 2 3 4 0 2 1 3 2 4 3 0 4 3 3 2 1 1 3 3 0 3 2 4 3 3 3 0 0 2 2 0 4 3 0 3 1 4 0 2 2 0 1 1 2 0 0 4 3 0 0 0 4 3 0 4 1 0 0 0 0 0 0 0 0 0 0 
#TS45
1 0 4 1 1 3 1 1 0 3 3 0 4 4 2 1 2 1 0 1 3 2 3 2 2 0 0 3 0 3 3 3 3 0 0 0 3 0 3 3 3 3 0 0 2 3 4 1 1 2 3 3 0 2 0 4 3 4 4 1 1 4 2 3 3 3 0 0 3 3 0 0 3 2 4 4 3 0 1 0 4 0 1 2 0 2 2 1 3 0 4 3 2 0 4 4 0 0 2 2 0 0 0 1 0 0 0 0 0 0 
1 0 3 1 1 3 1 1 0 3 3 0 4 3 2 1 2 1 0 2 2 3 2 1 2 0 0 2 0 3 4 3 3 0 0 0 3 0 3 2 3 3 0 0 2 3 4 0 1 3 3 2 0 1 0 4 4 3 4 1 1 4 2 4 3 3 0 0 3 3 0 0 3 2 4 4 3 0 1 0 4 0 1 2 0 2 3 2 4 0 4 3 3 0 3 4 0 1 4 2 0 0 0 0 0 0 0 0 0 0 
#TS46
3 0 3 3 0 0 1 0 2 4 2 1 2 1 2 1 0 0 0 1 2 3 0 2 3 1 1 2 0 3 0 3 3 1 0 0 4 4 2 3 1 3 1 0 2 2 2 3 1 1 1 3 1 2 0 3 0 4 2 1 1 0 3 0 0 3 4 1 3 3 0 0 0 2 4 3 3 3 3 4 2 0 4 2 3 1 1 3 0 3 2 3 1 1 0 4 3 0 3 2 0 0 0 0 0 0 0 0 0 0 
2 0 3 3 1 2 1 0 3 4 2 2 2 2 1 4 1 0 0 0 2 3 2 2 3 1 2 2 1 3 0 3 3 1 0 0 4 3 1 4 0 3 2 0 2 2 4 2 1 2 2 1 1 2 0 3 0 3 2 1 2 1 3 0 1 2 4 0 3 3 0 0 2 2 1 4 3 2 3 3 3 0 2 1 0 1 1 2 0 3 2 3 2 1 0 4 2 0 4 2 0 0 0 0 0 0 0 0 0 0 
#TS47
1 0 3 2 4 1 0 1 3 4 3 2 0 1 2 1 2 1 3 2 2 0 1 0 0 0 3 2 2 2 0 0 1 1 0 1 0 0 3 1 3 3 0 0 3 3 4 0 1 1 3 2 4 3 2 0 3 3 2 1 0 4 3 0 3 3 4 3 3 3 0 0 3 2 2 4 3 0 0 2 4 0 2 2 0 2 2 1 0 2 0 3 0 0 0 1 3 0 4 1 0 0 0 0 0 0 0 1 0 0 
1 0 3 1 3 0 0 0 1 4 3 2 1 1 2 1 2 1 3 1 2 0 1 0 0 0 4 1 1 2 0 0 1 1 0 1 0 0 2 1 3 3 0 0 2 3 4 0 1 1 3 3 4 3 2 0 4 3 2 1 1 4 3 0 3 3 4 3 3 3 0 0 4 2 1 4 3 0 0 2 4 0 3 2 0 1 1 1 0 3 0 2 0 0 0 1 3 0 3 1 0 0 0 0 0 0 0 1 0 0 
#TS48
2 0 3 2 0 1 1 0 2 4 1 2 1 1 2 2 0 0 0 1 2 4 0 2 3 2 1 3 0 4 0 2 2 1 1 0 4 4 3 4 1 3 1 0 2 3 1 2 0 1 2 2 1 2 1 4 0 3 2 1 0 0 3 0 0 2 4 1 3 4 0 0 0 3 4 3 3 1 3 4 3 0 3 4 4 1 1 2 0 3 1 3 0 0 0 4 3 0 4 1 0 0 0 0 0 0 1 0 0 0 
2 0 3 3 0 0 1 0 2 4 1 1 1 1 1 1 0 0 0 2 2 3 0 2 3 2 1 3 0 3 1 3 2 1 0 0 4 4 2 3 1 3 2 0 2 3 1 3 1 1 1 3 0 3 0 2 0 3 2 1 1 0 3 0 0 3 4 0 3 3 0 0 0 1 4 4 3 2 3 3 2 0 4 2 3 1 1 3 0 2 1 3 0 0 0 3 4 0 4 1 0 0 0 0 0 0 1 0 0 0 
#TS49
1 0 3 1 0 3 1 1 4 3 2 3 0 1 0 0 3 2 1 1 1 2 3 2 2 3 2 3 1 3 3 2 1 0 0 1 0 0 1 2 3 3 0 0 2 2 4 1 0 2 0 2 1 2 0 4 3 3 1 1 1 4 2 0 3 2 4 3 3 4 0 0 3 0 0 3 3 0 3 1 4 0 2 2 0 1 1 2 2 0 4 1 0 0 3 0 3 3 3 2 0 0 0 0 1 0 0 0 0 0 
1 0 3 1 0 2 1 1 3 4 2 4 0 1 0 0 4 2 1 1 2 3 3 1 2 4 3 3 1 4 3 2 1 0 0 0 0 0 0 1 4 3 0 0 2 1 4 1 0 2 0 1 1 2 0 4 3 3 1 1 1 3 3 0 3 2 4 2 3 3 0 0 3 0 1 4 3 0 3 1 4 0 2 2 0 1 2 2 2 0 3 1 0 0 3 0 4 4 4 1 0 0 0 0 1 0 0 0 0 0 
#TS50
1 4 3 4 1 0 1 2 2 2 3 3 3 1 2 0 2 2 3 1 2 3 3 2 3 3 3 3 2 2 3 0 1 0 0 2 0 0 3 1 3 4 0 0 2 3 2 0 2 1 3 2 4 4 0 4 0 3 2 0 1 4 3 0 3 1 4 3 3 3 0 0 3 1 0 4 3 0 4 1 4 0 3 3 3 0 1 0 1 3 1 2 3 0 1 4 2 4 4 1 1 0 0 0 0 0 0 0 0 0 
1 4 3 4 1 0 1 2 1 3 3 3 3 1 2 0 3 1 3 2 2 3 2 2 2 2 1 3 0 2 2 0 1 0 2 2 0 0 1 1 3 3 0 0 2 3 4 0 2 1 3 3 3 3 0 4 0 3 2 0 1 4 3 0 4 2 4 3 3 3 0 0 4 2 0 4 3 1 3 2 4 0 3 3 3 0 0 0 0 4 1 2 3 0 1 4 3 4 4 1 1 0 0 0 0 0 0 0 0 0 
#TS51
1 0 3 3 0 0 1 0 3 3 2 2 1 2 2 0 0 1 3 2 2 3 0 2 3 2 1 3 1 2 0 0 1 0 0 0 4 3 4 4 3 3 1 0 2 3 4 3 1 1 3 3 4 3 1 4 0 3 2 1 0 0 3 0 0 3 4 3 3 3 0 0 0 2 4 4 3 1 3 3 4 0 2 2 3 1 1 3 0 1 1 3 0 0 0 3 3 0 4 1 0 0 0 0 0 0 1 0 0 0 
2 0 3 2 0 1 1 0 2 4 2 2 1 1 2 0 0 0 3 2 2 3 0 1 3 2 2 3 0 3 0 0 1 1 0 0 3 4 3 2 2 3 1 0 2 3 0 3 0 1 3 3 4 3 1 4 0 4 3 1 0 0 3 0 0 3 4 3 3 3 0 0 0 2 4 4 3 1 3 4 4 0 4 2 3 1 1 3 0 2 1 3 0 0 0 4 4 1 4 1 0 0 0 0 0 0 1 0 0 0 
#TS52
1 0 3 1 1 2 1 4 2 3 3 2 2 0 2 0 2 2 3 2 2 3 3 2 3 1 3 3 2 2 1 0 0 0 0 3 0 0 4 1 4 3 2 0 2 3 4 0 1 1 3 2 2 3 0 4 3 3 2 0 1 2 3 0 3 3 4 3 1 3 0 0 4 2 2 4 3 0 3 2 4 1 0 2 0 1 1 1 3 0 4 3 0 0 0 4 4 0 4 1 0 0 0 0 0 0 0 0 0 1 
1 0 3 1 1 2 0 4 1 2 3 2 2 0 1 0 1 1 3 2 2 4 3 1 2 3 3 3 1 2 1 0 1 0 0 3 0 0 1 2 3 3 1 0 2 3 3 0 1 2 3 2 1 4 0 4 3 4 3 0 1 1 3 0 3 4 4 3 0 3 0 0 3 2 3 4 3 0 3 1 4 1 0 2 0 1 1 1 2 0 4 3 0 0 0 4 2 0 4 1 0 0 0 0 0 0 0 0 0 1 
#TS53
1 0 3 1 1 3 1 1 2 3 3 2 2 2 2 0 2 2 3 1 2 3 3 2 3 2 3 3 3 2 2 0 0 0 0 2 0 0 3 1 3 3 1 0 2 3 4 0 1 1 3 2 4 3 0 4 3 3 2 1 1 4 3 0 3 2 4 3 3 3 0 0 3 2 0 4 3 0 3 1 4 0 2 2 0 1 1 1 3 0 4 3 0 0 0 4 3 0 4 1 0 0 0 0 1 0 0 0 0 0 
1 0 3 1 0 3 1 1 2 3 3 3 1 2 2 0 3 1 3 1 1 3 3 2 3 2 2 3 1 2 2 0 0 0 0 1 0 0 3 1 4 3 0 0 2 3 4 0 1 1 3 2 4 3 0 4 3 3 1 1 1 4 3 0 3 2 4 3 3 3 0 0 3 1 0 4 3 0 3 1 4 0 2 3 0 1 1 1 4 0 4 1 0 0 2 0 3 2 4 1 0 0 0 0 1 0 0 0 0 0 
#TS54
3 0 3 1 1 2 1 1 2 3 3 1 2 3 1 1 2 1 3 0 2 4 3 3 3 0 3 0 3 2 0 0 2 3 0 0 2 0 4 2 3 3 1 0 2 3 2 0 2 3 3 2 2 3 2 1 3 3 2 1 1 4 3 1 3 2 4 0 3 3 0 0 3 2 0 4 3 0 3 1 4 0 2 2 0 1 1 2 2 0 4 3 0 0 0 4 2 0 4 1 0 0 0 0 0 0 0 0 0 0 
2 0 3 2 1 2 1 1 2 3 3 1 2 2 1 2 3 1 3 1 2 2 3 3 3 0 3 0 3 2 0 0 1 3 0 0 2 0 4 1 4 4 1 0 2 3 4 0 1 2 3 2 3 3 2 1 4 3 2 1 1 4 3 0 3 2 4 2 3 3 0 0 4 3 0 4 3 0 3 1 4 0 3 2 0 1 1 2 2 0 4 3 0 0 0 4 3 0 4 1 0 0 0 0 0 0 0 0 0 0 
#TS55
1 0 3 2 1 0 1 4 2 3 3 2 3 0 1 0 3 1 2 2 2 3 3 1 2 2 1 4 0 3 2 2 3 0 0 0 3 0 3 1 3 3 1 0 3 3 4 0 1 3 3 2 0 3 0 4 3 3 2 0 1 0 3 0 3 2 4 0 1 4 0 0 3 2 4 3 4 1 3 1 4 2 0 2 0 0 1 3 0 0 3 3 0 0 0 4 4 0 4 1 0 0 0 0 0 0 0 0 0 0 
2 0 2 2 1 1 1 1 2 2 3 1 2 1 2 0 2 1 1 1 2 3 3 2 1 2 2 3 2 4 2 1 2 0 0 0 3 0 4 1 3 3 1 0 2 3 3 0 1 2 3 1 0 3 0 4 3 3 2 0 1 4 3 0 3 2 4 0 3 2 0 0 3 2 1 4 3 0 3 1 4 0 2 2 0 1 2 3 0 0 4 3 0 0 0 4 4 0 4 1 0 0 0 0 0 0 0 0 0 0 
#TS56
1 0 4 1 1 3 1 1 2 3 3 2 2 2 2 0 4 2 3 2 2 3 3 2 3 1 3 3 3 2 2 0 0 0 0 1 1 0 3 1 3 3 1 0 2 3 4 0 2 1 4 2 4 3 0 4 3 3 2 1 1 4 3 0 4 1 4 3 3 3 0 0 4 3 1 4 3 0 3 1 4 0 2 2 0 1 1 2 1 0 4 3 0 0 0 4 3 0 4 1 0 0 0 0 0 0 0 0 0 0 
1 0 3 1 1 3 1 1 1 3 3 2 2 2 2 0 3 1 3 1 2 3 3 2 3 2 2 4 4 2 2 0 0 0 0 1 0 0 3 1 3 3 1 0 2 3 4 0 1 1 3 2 4 3 0 4 3 3 2 1 1 3 3 0 3 2 4 3 3 3 0 0 3 2 0 4 3 0 2 1 4 0 2 2 0 1 1 2 3 0 4 3 0 0 0 4 4 0 4 1 0 0 0 0 0 0 0 0 0 0 
#TS57
1 0 3 1 1 3 1 1 2 3 3 2 2 2 2 0 2 1 3 1 1 3 3 3 3 1 3 3 4 2 2 0 1 0 0 0 1 0 3 0 3 3 1 0 2 3 4 0 1 1 3 2 4 3 0 4 3 3 2 1 1 4 3 0 3 2 4 3 3 3 0 0 3 2 0 4 3 0 3 1 4 0 2 2 0 1 1 1 2 0 4 3 0 0 0 4 4 0 4 1 0 0 0 0 0 0 0 0 0 0 
1 0 3 1 1 3 1 0 2 3 3 2 2 2 2 0 2 2 3 1 1 3 3 2 3 3 3 3 3 2 2 0 0 0 0 1 0 0 3 1 3 3 1 0 2 3 4 0 1 1 3 2 4 3 0 4 3 3 2 1 1 4 3 0 3 2 4 3 3 3 0 0 3 2 0 4 3 0 3 1 4 0 2 3 0 1 2 2 3 0 4 3 0 0 0 4 4 0 4 1 0 0 0 0 0 0 0 0 0 0 
#TS58
3 0 3 1 4 1 0 0 2 4 3 2 0 2 2 2 2 1 3 1 2 0 1 0 0 0 4 0 1 3 0 0 1 1 0 1 0 0 4 2 3 3 0 0 2 3 4 0 1 1 3 4 4 3 2 0 3 3 2 1 0 4 3 0 3 3 4 3 3 3 0 0 3 3 1 4 3 0 1 2 4 0 2 2 0 1 1 0 0 3 0 3 0 0 0 2 3 0 4 1 0 0 0 0 0 0 0 1 0 0 
2 0 3 2 4 0 0 0 2 4 3 2 1 2 2 1 3 1 3 1 3 0 1 0 0 0 3 1 1 4 0 0 1 1 0 1 1 0 3 1 3 3 0 0 2 3 3 0 1 1 3 3 3 4 2 0 3 2 2 1 1 4 3 0 3 3 4 3 3 3 0 0 3 2 2 4 3 0 0 3 4 0 4 2 0 1 1 1 0 3 0 3 0 0 0 1 4 0 4 1 0 0 0 0 0 0 0 1 0 0 
#TS59
1 0 3 3 1 2 1 1 2 3 3 2 2 1 2 0 2 1 3 0 2 3 3 2 2 2 2 3 3 2 2 0 1 0 0 0 1 0 3 1 3 3 1 0 2 2 3 0 1 1 3 2 4 2 0 4 3 3 2 1 1 3 4 0 4 2 4 3 3 3 0 0 3 3 0 4 3 0 4 0 4 0 2 3 0 0 2 2 1 0 4 3 0 0 0 4 3 0 4 1 0 0 0 0 0 0 0 0 0 0 
1 0 3 2 1 2 1 0 2 4 3 2 2 2 2 0 3 1 3 0 2 3 3 2 2 2 3 3 3 2 2 0 0 0 0 0 1 0 4 1 3 3 1 0 2 3 4 0 1 1 3 2 4 3 0 4 4 3 2 1 0 2 3 0 3 2 4 3 3 3 0 0 3 2 0 3 3 0 3 0 4 0 2 3 0 1 1 2 1 0 4 3 0 0 0 4 2 0 4 1 0 0 0 0 0 0 0 0 0 0 
#TS60
2 0 2 3 1 1 1 0 2 3 3 2 2 2 1 0 2 0 1 0 2 3 3 3 3 0 2 0 1 3 2 1 3 0 0 0 2 0 1 3 3 3 1 0 2 1 4 0 1 3 3 2 1 3 0 4 4 2 2 1 1 1 3 0 3 2 4 0 3 3 0 0 3 2 0 4 3 0 3 1 4 0 3 3 0 1 1 3 0 0 3 3 2 1 0 4 3 0 4 2 0 0 0 0 0 0 0 0 0 0 
3 0 3 3 1 1 1 0 3 3 3 1 2 2 1 0 3 0 2 0 2 3 3 3 3 1 2 0 3 3 2 0 3 0 0 0 2 0 1 3 3 4 1 0 2 2 4 0 1 4 3 2 2 3 0 4 3 3 1 1 1 1 3 0 3 1 4 0 3 3 0 0 3 2 0 3 3 1 2 1 4 0 2 1 0 1 1 2 0 0 3 4 1 1 0 4 2 0 4 1 0 0 0 0 0 0 0 0 0 0 
#TS61
2 0 3 2 1 2 1 0 2 3 3 2 2 2 2 0 2 0 3 0 2 3 3 2 3 2 2 3 3 2 2 0 0 0 0 1 0 0 2 2 3 3 1 0 2 2 4 0 1 1 3 2 4 3 0 4 3 3 2 1 1 1 3 0 3 2 4 3 3 3 0 0 3 2 1 4 3 0 2 1 4 0 2 2 0 1 1 2 1 0 2 3 0 0 0 4 3 0 4 1 0 0 0 0 0 0 0 0 0 0 
2 0 3 2 1 3 1 0 2 4 3 2 2 2 2 0 3 1 3 0 2 4 3 2 3 2 2 3 3 2 3 0 0 0 0 2 0 0 4 2 3 3 1 0 2 3 3 0 1 1 3 2 4 3 0 4 3 3 1 1 1 2 3 0 3 2 4 3 3 4 0 0 3 2 0 4 3 0 1 1 3 0 2 3 0 1 1 2 1 0 2 3 0 0 0 4 2 0 4 1 0 0 0 0 0 0 0 0 0 0 
#TS62
1 0 3 2 0 2 1 1 4 3 3 3 0 1 0 0 4 0 1 1 2 3 3 2 2 4 1 4 0 4 2 2 3 0 0 0 2 1 0 3 3 3 0 0 2 0 4 1 0 2 0 1 0 2 0 4 3 3 1 1 0 2 3 0 3 2 4 3 3 3 0 0 3 0 0 3 3 0 3 1 4 0 2 2 0 1 3 2 2 0 3 0 0 0 3 0 3 4 4 1 0 0 0 0 0 0 0 0 0 0 
2 0 3 1 1 2 1 0 4 3 3 2 0 1 1 0 3 0 1 1 2 2 3 1 3 3 2 3 3 3 2 1 3 0 0 0 2 0 1 3 3 3 1 0 2 0 4 0 0 3 0 2 0 2 0 4 3 3 2 1 1 2 3 0 3 2 4 0 3 3 0 0 4 0 0 4 3 0 3 1 4 0 3 2 0 1 1 2 1 0 2 3 0 0 0 4 3 1 4 1 0 0 0 0 0 0 0 0 0 0 
#TS63
2 1 3 2 1 2 2 1 1 2 1 0 4 3 2 2 3 0 0 1 4 3 3 4 3 0 2 0 2 2 1 2 3 3 1 0 3 4 1 3 3 3 0 0 2 3 3 2 1 1 2 0 0 1 3 1 3 3 2 1 0 1 3 3 3 2 0 0 3 3 0 1 3 4 0 4 3 0 3 1 4 0 2 2 0 2 3 3 1 2 0 3 0 0 0 4 3 0 1 3 0 0 0 0 0 0 0 0 0 0 
1 0 3 1 1 2 1 0 2 4 1 1 4 3 2 2 3 0 1 0 3 3 3 4 4 0 3 0 3 2 1 1 3 3 0 0 3 3 2 3 2 3 0 0 2 3 4 2 1 1 2 1 0 2 2 1 3 3 2 1 0 2 3 2 3 2 1 0 3 3 0 0 3 1 0 4 3 1 3 1 3 0 2 3 0 2 3 2 0 3 1 3 0 0 0 4 3 0 2 3 0 0 0 0 0 0 0 0 0 0 
#TS64
1 0 3 1 0 2 1 1 2 3 2 2 0 2 2 0 2 2 3 1 2 3 3 2 3 4 3 3 0 3 2 0 0 0 0 1 0 0 3 0 4 3 0 0 2 3 2 0 0 1 3 2 4 3 0 4 4 4 1 1 1 4 2 0 3 1 4 3 3 4 0 0 3 1 0 4 3 0 3 1 4 0 2 3 0 1 1 1 3 0 4 0 0 1 3 0 4 3 4 1 0 0 0 0 1 0 0 0 0 0 
2 0 3 1 0 2 1 1 4 3 2 3 0 2 2 0 3 2 2 1 1 3 3 2 3 3 3 3 0 4 3 1 0 0 0 1 0 0 2 0 2 4 0 0 2 3 4 1 0 1 2 1 2 2 0 4 3 3 1 1 1 4 3 0 3 2 4 3 3 3 0 0 3 0 1 4 3 0 2 1 4 0 2 1 0 1 1 2 2 0 4 0 0 1 3 0 3 4 4 1 0 0 0 0 1 0 0 0 0 0 
#TS65
2 0 3 2 1 2 1 0 2 4 3 2 2 2 2 2 3 2 3 1 2 2 3 3 3 1 4 0 3 2 0 0 1 2 0 0 2 0 3 2 3 3 1 0 2 3 4 0 1 2 3 3 4 3 2 2 3 3 2 1 1 4 3 0 4 2 4 3 3 3 0 0 4 2 0 4 3 0 3 1 4 0 2 2 0 1 1 2 1 0 4 3 0 0 0 4 4 0 4 1 0 0 0 0 0 0 0 0 0 0 
2 0 3 1 1 2 1 1 2 4 3 2 2 2 1 2 3 1 3 0 2 3 3 3 3 1 4 1 3 2 0 0 1 2 0 0 1 0 3 1 3 3 1 0 2 3 4 0 1 1 3 2 4 4 2 2 3 3 2 1 0 4 3 0 3 2 4 3 3 4 0 0 3 3 0 4 3 0 3 1 4 0 2 3 0 0 1 2 1 0 4 4 0 0 0 4 2 0 4 1 0 0 0 0 0 0 0 0 0 0 
#TS66
2 0 3 2 1 1 1 0 2 4 3 2 2 1 1 0 2 0 3 0 2 3 3 3 3 1 1 0 2 2 2 0 2 0 0 0 2 0 2 2 3 3 1 0 2 3 4 0 1 2 3 2 3 3 0 4 3 3 2 1 1 3 3 0 3 2 4 2 3 3 0 0 3 2 0 4 3 1 3 1 4 0 2 2 0 1 1 2 0 0 4 3 0 0 0 4 2 0 4 1 0 0 0 0 0 0 0 0 0 0 
2 0 3 2 1 2 1 0 2 3 3 2 2 1 1 0 2 1 3 0 2 3 3 3 3 1 2 1 3 2 2 0 0 0 0 0 1 0 2 3 3 3 2 0 2 3 2 0 1 1 3 2 4 3 0 4 3 3 2 1 1 2 4 0 4 2 4 3 3 3 0 0 3 2 0 4 3 0 3 1 4 0 2 2 0 1 1 2 0 0 4 3 1 1 0 4 3 0 4 1 0 0 0 0 0 0 0 0 0 0 
#TS67
2 0 4 1 1 1 1 4 2 2 3 2 2 0 2 0 3 1 3 2 2 4 3 1 2 3 3 3 2 2 2 0 3 0 0 0 2 0 3 0 3 3 1 0 2 3 4 0 1 3 3 2 1 3 0 4 3 3 1 0 1 1 3 0 4 3 4 0 0 4 0 0 3 1 4 4 3 0 3 1 4 2 1 2 0 1 1 2 0 0 3 3 0 0 0 4 3 0 4 1 0 0 0 0 0 0 0 0 0 1 
2 0 3 1 1 1 1 4 2 2 3 2 2 0 2 0 3 1 2 1 2 3 3 1 2 2 2 3 2 2 1 0 3 0 0 0 2 0 2 1 3 3 1 0 2 3 4 0 1 3 3 2 1 4 0 4 4 3 2 0 1 0 3 0 3 3 4 0 0 3 0 0 2 2 4 4 3 0 3 1 4 2 0 2 0 0 1 3 0 0 3 3 0 0 0 4 4 0 4 1 0 0 0 0 0 0 0 0 0 1 
#TS68
2 0 3 1 1 3 1 0 3 3 3 2 3 2 2 0 3 2 3 1 2 4 3 2 3 2 2 3 4 2 2 0 0 0 0 1 0 0 3 1 3 3 1 0 2 3 4 1 1 1 3 2 4 3 0 4 4 2 2 1 1 4 3 0 3 2 4 3 3 3 0 0 3 1 0 3 3 0 3 1 4 0 2 2 0 1 1 2 1 0 4 4 0 0 0 4 3 0 4 1 0 0 0 0 0 0 0 0 0 0 
1 0 3 2 1 2 1 1 2 3 3 2 2 2 2 0 3 2 3 1 2 3 3 2 3 2 3 3 3 2 2 0 0 0 0 2 0 0 3 1 3 3 1 0 2 3 4 0 1 1 3 2 4 3 0 4 3 3 2 1 1 4 3 0 3 3 4 3 3 3 0 0 3 2 0 4 3 0 3 0 4 0 2 2 0 1 1 1 1 0 4 3 0 0 0 4 3 0 4 1 0 0 0 0 0 0 0 0 0 0 
#TS69
2 0 3 4 1 0 1 0 0 3 1 1 3 3 2 0 3 0 2 1 2 3 4 0 0 2 0 3 0 3 3 2 1 0 0 0 0 3 1 3 0 3 2 0 3 0 3 0 1 2 4 2 0 3 0 4 3 3 3 1 1 1 4 0 3 2 4 1 3 3 0 0 3 0 0 4 1 0 3 1 4 0 0 0 0 0 1 3 0 3 0 3 0 0 0 4 3 4 4 0 0 0 1 0 0 0 0 0 0 0 
3 0 3 3 1 0 1 0 1 3 1 1 4 3 2 0 2 0 1 1 3 3 3 0 1 1 0 4 0 3 2 3 1 0 1 0 1 3 0 3 0 3 2 0 2 0 4 0 1 2 4 2 0 2 0 4 3 3 3 1 1 1 3 0 3 2 4 0 3 3 0 0 3 0 0 3 0 0 3 1 3 0 1 2 0 0 0 3 0 2 0 3 0 0 0 4 3 4 4 0 0 0 1 0 0 0 0 0 0 0 
#TS70
1 0 3 1 1 3 1 1 0 3 3 0 4 3 2 1 2 1 0 2 2 3 2 1 2 0 0 2 0 3 4 3 3 0 0 0 3 0 3 2 3 3 0 0 2 3 4 0 1 3 3 2 0 1 0 4 4 3 4 1 1 4 2 4 3 3 0 0 3 3 0 0 3 2 4 4 3 0 1 0 4 0 1 2 0 2 3 2 4 0 4 3 3 0 3 4 0 1 4 2 0 0 0 0 0 0 0 0 0 0 
1 0 4 1 2 3 1 1 2 3 3 0 4 3 2 0 3 1 0 1 2 3 3 2 3 0 1 1 2 4 2 2 2 0 0 0 3 0 3 1 3 3 1 0 2 3 4 0 1 3 2 1 0 2 0 4 3 4 2 1 1 4 1 3 3 1 0 0 3 3 0 0 4 2 1 4 3 0 3 0 4 0 2 3 0 1 2 2 2 0 4 3 1 0 1 4 1 0 4 2 0 0 0 0 0 0 0 0 0 0 
#TS71
1 0 3 1 1 3 1 1 1 3 3 2 2 2 2 0 2 1 3 1 2 3 3 2 3 2 3 3 3 2 2 0 0 0 0 0 1 0 4 0 3 3 1 0 2 3 3 0 2 1 3 2 4 3 0 4 3 3 2 1 1 4 4 0 2 2 4 3 2 3 0 0 3 2 1 3 3 0 3 2 4 0 3 3 0 1 1 2 0 0 4 3 0 0 0 3 2 0 4 0 0 0 0 0 0 0 0 0 0 0 
2 0 3 1 1 3 1 0 3 3 3 2 3 2 2 0 3 2 3 1 2 4 3 2 3 2 2 3 4 2 2 0 0 0 0 1 0 0 3 1 3 3 1 0 2 3 4 1 1 1 3 2 4 3 0 4 4 2 2 1 1 4 3 0 3 2 4 3 3 3 0 0 3 1 0 3 3 0 3 1 4 0 2 2 0 1 1 2 1 0 4 4 0 0 0 4 3 0 4 1 0 0 0 0 0 0 0 0 0 0 
#TS72
2 0 4 2 1 2 1 0 3 3 3 2 2 2 2 0 3 0 3 0 2 3 3 3 4 1 1 3 3 2 2 0 0 0 0 1 0 0 2 3 3 3 1 0 2 2 2 0 1 1 3 2 4 3 0 4 3 3 2 1 0 2 2 0 3 1 4 3 3 3 0 0 4 1 0 4 3 0 3 1 4 0 2 2 0 0 1 1 1 0 1 2 0 1 0 4 3 0 4 1 0 0 0 0 0 0 0 0 0 0 
2 0 3 2 1 2 1 0 2 3 3 2 2 2 2 0 2 0 3 0 2 3 3 2 3 2 2 3 3 2 2 0 0 0 0 1 0 0 2 2 3 3 1 0 2 2 4 0 1 1 3 2 4 3 0 4 3 3 2 1 1 1 3 0 3 2 4 3 3 3 0 0 3 2 1 4 3 0 2 1 4 0 2 2 0 1 1 2 1 0 2 3 0 0 0 4 3 0 4 1 0 0 0 0 0 0 0 0 0 0 
#TS73
2 0 3 2 1 2 1 1 2 3 3 1 2 2 2 0 3 2 3 1 2 3 3 2 3 1 3 2 3 2 2 0 0 0 0 0 1 0 2 0 3 3 1 0 2 3 4 0 1 1 3 3 4 3 0 4 3 3 2 1 1 4 3 0 3 2 4 3 3 3 0 0 3 3 0 4 3 0 3 1 4 0 2 2 0 1 1 1 0 0 4 3 0 0 0 4 3 0 4 1 0 0 0 0 0 0 0 0 0 0 
1 0 3 2 1 3 1 1 2 3 3 2 2 2 2 0 2 2 3 1 2 3 3 3 3 2 3 3 3 2 2 0 0 0 0 0 0 0 3 2 3 3 2 0 2 3 4 0 2 1 3 2 4 3 0 4 3 3 3 1 1 4 2 0 3 2 4 3 3 3 0 0 3 3 0 4 3 0 3 1 4 0 3 2 0 1 1 1 1 0 4 3 0 0 0 4 3 0 4 1 0 0 0 0 0 0 0 0 0 0 
#TS74
1 0 3 1 1 3 1 1 2 3 3 2 2 2 2 0 2 2 3 1 2 3 3 2 3 2 3 3 3 2 2 0 0 0 0 2 0 0 3 1 3 3 1 0 2 3 4 0 1 1 3 2 4 3 0 4 3 3 2 1 1 4 3 0 3 2 4 3 3 3 0 0 3 2 0 4 3 0 3 1 4 0 2 2 0 1 1 1 3 0 4 3 0 0 0 4 3 0 4 1 1 0 0 0 0 0 0 0 0 0 
1 3 3 2 1 1 1 2 2 3 3 3 3 1 2 0 2 2 3 1 2 2 3 2 3 2 3 3 3 1 2 0 0 0 0 2 0 0 2 0 3 3 0 0 2 3 2 0 2 1 3 2 4 3 0 4 1 3 2 0 1 4 3 0 3 2 4 3 3 3 0 0 2 2 0 4 3 0 3 1 4 0 3 3 2 1 1 0 2 2 3 3 2 0 2 4 4 3 4 1 1 0 0 0 0 0 0 0 0 0 
#TS75
1 0 3 1 0 3 1 1 2 3 3 3 1 2 2 0 3 1 3 1 1 3 3 2 3 2 2 3 1 2 2 0 0 0 0 1 0 0 3 1 4 3 0 0 2 3 4 0 1 1 3 2 4 3 0 4 3 3 1 1 1 4 3 0 3 2 4 3 3 3 0 0 3 1 0 4 3 0 3 1 4 0 2 3 0 1 1 1 4 0 4 1 0 0 2 0 3 2 4 1 0 0 0 0 1 0 0 0 0 0 
1 0 3 1 0 2 1 1 2 3 2 2 0 2 2 0 2 2 3 1 2 3 3 2 3 4 3 3 0 3 2 0 0 0 0 1 0 0 3 0 4 3 0 0 2 3 2 0 0 1 3 2 4 3 0 4 4 4 1 1 1 4 2 0 3 1 4 3 3 4 0 0 3 1 0 4 3 0 3 1 4 0 2 3 0 1 1 1 3 0 4 0 0 1 3 0 4 3 4 1 0 0 0 0 1 0 0 0 0 0 
#TS76
1 0 4 1 2 3 1 1 2 3 3 2 3 2 2 1 3 2 3 1 2 3 2 3 3 2 3 3 4 2 2 0 0 0 0 0 2 0 3 1 3 3 1 0 2 3 4 0 1 1 3 2 4 3 0 4 3 3 3 1 1 4 3 0 3 2 4 3 3 3 0 0 3 3 0 3 4 0 3 1 4 0 2 2 0 1 1 2 2 0 4 3 0 0 0 4 2 0 4 1 0 0 0 0 0 0 0 0 0 0 
1 0 3 1 1 3 1 0 2 3 3 2 2 2 2 1 3 2 3 1 1 3 3 2 4 2 3 3 4 2 2 0 1 0 0 0 1 0 3 1 3 3 1 0 2 3 2 0 1 1 4 2 4 3 0 4 3 3 2 1 1 4 3 0 3 2 3 3 3 3 0 0 3 1 0 4 4 0 4 1 4 0 2 2 0 1 1 3 2 0 4 4 0 0 0 4 3 0 4 1 0 0 0 0 0 0 0 0 0 0 
#TS77
2 0 3 2 2 1 1 0 2 3 3 2 2 1 2 0 2 1 3 0 2 3 3 2 3 2 2 2 3 2 2 0 0 0 0 0 1 0 3 1 3 3 1 0 2 3 4 0 2 1 3 2 4 3 0 4 3 3 2 0 1 3 3 0 3 2 4 3 3 3 0 0 3 2 0 4 3 0 3 1 4 0 2 1 0 1 1 2 0 0 4 3 0 0 0 4 3 0 4 0 0 0 0 0 0 0 0 0 0 0 
2 0 2 2 1 1 1 0 2 4 3 2 3 2 2 0 2 0 3 0 2 3 3 2 3 2 1 3 3 2 2 0 1 0 0 1 1 0 2 1 2 3 1 0 2 3 4 0 1 1 3 2 4 4 0 4 3 3 1 1 0 2 3 0 3 2 3 3 2 3 0 0 3 2 1 4 3 0 3 1 4 0 3 2 0 1 1 1 0 0 4 3 0 0 0 4 4 0 4 1 0 0 0 0 0 0 0 0 0 0 
#TS78
1 0 3 1 1 2 1 0 2 4 1 1 4 3 2 2 3 0 1 0 3 3 3 4 4 0 3 0 3 2 1 1 3 3 0 0 3 3 2 3 2 3 0 0 2 3 4 2 1 1 2 1 0 2 2 1 3 3 2 1 0 2 3 2 3 2 1 0 3 3 0 0 3 1 0 4 3 1 3 1 3 0 2 3 0 2 3 2 0 3 1 3 0 0 0 4 3 0 2 3 0 0 0 0 0 0 0 0 0 0 
2 0 3 2 2 2 1 0 2 3 2 1 3 2 2 2 3 0 2 0 2 4 4 3 3 0 3 0 4 1 0 0 4 2 0 0 3 3 3 3 2 3 1 0 2 2 4 2 1 2 2 1 2 3 2 2 4 3 2 1 1 2 2 2 3 2 3 0 3 3 0 0 3 2 0 4 3 0 3 1 4 0 2 2 0 2 3 2 0 2 1 3 0 0 0 4 3 0 4 3 0 0 0 0 0 0 0 0 0 0 
#TS79
2 0 3 2 1 2 1 1 2 3 3 2 2 1 2 1 3 2 3 1 2 3 3 3 3 2 3 3 3 2 0 0 1 1 0 0 3 0 2 1 3 3 2 0 2 2 4 0 2 2 3 2 4 3 0 4 3 3 2 1 1 4 3 0 3 2 4 3 3 2 0 0 3 2 0 4 3 0 4 1 4 0 3 2 0 1 1 2 1 0 4 3 0 0 0 4 3 0 4 1 0 0 0 0 0 0 0 0 0 0 
1 0 4 1 2 3 1 1 2 3 3 2 3 2 2 1 3 2 3 1 2 3 2 3 3 2 3 3 4 2 2 0 0 0 0 0 2 0 3 1 3 3 1 0 2 3 4 0 1 1 3 2 4 3 0 4 3 3 3 1 1 4 3 0 3 2 4 3 3 3 0 0 3 3 0 3 4 0 3 1 4 0 2 2 0 1 1 2 2 0 4 3 0 0 0 4 2 0 4 1 0 0 0 0 0 0 0 0 0 0 
#TS80
2 4 3 3 1 0 1 2 1 3 3 3 3 1 1 0 3 0 1 0 2 3 3 1 2 2 1 3 0 4 1 2 3 0 1 0 2 0 2 3 3 3 0 0 2 3 4 0 2 2 3 1 1 2 0 4 0 3 2 0 1 1 3 0 3 2 4 0 3 3 0 0 3 2 0 4 3 2 3 1 4 0 3 3 4 1 0 0 0 2 2 3 4 1 2 4 3 3 4 1 1 0 0 0 0 0 0 0 0 0 
1 4 3 3 1 0 0 2 2 3 3 2 2 1 1 0 4 0 0 1 2 3 3 2 2 2 0 2 0 4 2 3 3 0 1 0 2 0 2 3 3 4 0 0 2 3 4 0 2 3 3 2 1 2 0 4 0 3 2 0 1 2 3 0 3 1 4 1 3 3 0 0 3 2 0 4 3 2 3 1 4 0 3 2 4 1 0 0 0 3 2 2 4 2 2 4 4 3 4 2 0 0 0 0 0 0 0 0 0 0 
#TS81
2 0 3 2 1 2 1 1 2 4 3 2 2 2 2 2 2 0 3 0 2 3 3 3 4 1 3 0 3 2 0 0 0 1 0 0 1 1 2 3 4 3 1 0 2 2 3 1 1 1 4 2 3 3 2 2 3 3 2 1 0 1 3 0 3 2 4 2 3 3 0 0 3 2 0 4 3 0 3 1 4 0 2 3 0 0 1 2 2 1 1 2 0 0 0 4 4 0 4 1 0 0 0 0 0 0 0 0 0 0 
3 0 2 3 1 1 1 0 2 3 2 2 3 2 2 2 2 0 3 0 2 4 3 2 3 1 3 2 3 2 0 0 0 1 0 1 0 1 2 4 3 3 2 0 2 2 4 1 1 1 3 1 4 4 1 3 3 3 2 1 0 1 3 0 3 2 4 3 3 2 0 0 3 2 0 4 3 0 2 1 4 0 2 2 0 1 1 2 1 1 1 3 0 0 0 4 4 0 4 1 0 0 0 0 0 0 0 0 0 0 
#TS82
2 0 3 2 1 2 1 1 2 3 3 1 2 2 1 2 3 1 3 1 2 2 3 3 3 0 3 0 3 2 0 0 1 3 0 0 2 0 4 1 4 4 1 0 2 3 4 0 1 2 3 2 3 3 2 1 4 3 2 1 1 4 3 0 3 2 4 2 3 3 0 0 4 3 0 4 3 0 3 1 4 0 3 2 0 1 1 2 2 0 4 3 0 0 0 4 3 0 4 1 0 0 0 0 0 0 0 0 0 0 
2 0 3 2 1 2 1 0 2 4 3 2 2 2 2 2 3 2 3 1 2 2 3 3 3 1 4 0 3 2 0 0 1 2 0 0 2 0 3 2 3 3 1 0 2 3 4 0 1 2 3 3 4 3 2 2 3 3 2 1 1 4 3 0 4 2 4 3 3 3 0 0 4 2 0 4 3 0 3 1 4 0 2 2 0 1 1 2 1 0 4 3 0 0 0 4 4 0 4 1 0 0 0 0 0 0 0 0 0 0 
#TS83
3 0 3 1 1 1 1 1 2 3 3 2 3 2 2 0 2 0 0 0 2 3 3 2 3 2 0 3 2 3 2 2 2 0 0 0 3 0 3 2 3 3 0 0 2 3 4 0 1 2 3 1 1 2 0 4 3 3 2 1 1 2 3 0 3 2 4 0 3 3 0 0 3 2 1 4 3 1 3 1 4 0 3 2 0 1 2 3 0 0 3 3 2 1 0 4 2 1 4 1 0 0 0 0 0 0 0 0 0 0 
3 0 3 2 1 1 1 0 2 3 3 1 2 2 2 0 2 0 1 0 2 3 3 2 2 1 2 3 3 4 2 1 2 0 0 0 2 0 3 1 3 3 1 0 2 3 4 0 1 3 3 1 1 2 0 4 3 3 2 1 1 2 2 0 3 2 4 0 3 3 0 0 3 2 0 4 3 1 3 0 4 0 3 2 0 1 2 3 0 0 3 3 1 1 0 4 2 0 3 2 0 0 0 0 0 0 0 0 0 0 
#TS84
4 0 3 4 1 0 1 0 0 2 2 0 4 3 2 0 3 0 0 0 2 2 3 0 0 0 0 3 0 4 2 4 2 0 1 0 1 3 0 4 0 3 1 0 2 0 2 0 1 1 3 1 0 1 0 4 4 3 2 4 1 0 3 1 3 0 1 0 3 3 0 0 3 1 0 4 0 0 3 1 4 0 0 2 0 1 1 4 0 2 0 3 0 0 0 4 3 4 4 0 0 0 1 0 0 0 0 0 0 0 
4 0 3 3 1 0 1 0 1 1 2 0 4 3 2 0 3 0 0 1 2 3 3 0 1 0 0 1 0 3 2 4 2 0 2 0 1 3 0 4 0 3 1 0 1 0 4 0 1 1 3 1 0 2 0 4 3 4 3 4 1 1 4 1 3 0 0 0 3 3 0 0 3 2 0 4 0 0 3 1 4 0 0 2 0 1 1 4 0 2 0 3 0 0 0 4 3 4 3 0 0 0 1 0 0 0 0 0 0 0 
#TS85
1 0 3 2 0 1 1 0 3 4 2 2 1 1 2 0 0 1 3 2 2 3 0 2 3 3 1 3 2 2 1 0 1 0 0 0 3 3 3 3 3 3 1 0 2 3 3 2 1 1 3 3 4 3 0 3 0 3 2 1 0 0 3 0 0 4 4 3 3 3 0 0 0 2 4 4 3 1 3 2 4 0 3 1 3 0 1 2 0 1 1 3 0 0 0 4 4 0 4 1 0 0 0 0 0 0 1 0 0 0 
1 0 3 3 0 0 1 0 3 3 2 2 1 2 2 0 0 1 3 2 2 3 0 2 3 2 1 3 1 2 0 0 1 0 0 0 4 3 4 4 3 3 1 0 2 3 4 3 1 1 3 3 4 3 1 4 0 3 2 1 0 0 3 0 0 3 4 3 3 3 0 0 0 2 4 4 3 1 3 3 4 0 2 2 3 1 1 3 0 1 1 3 0 0 0 3 3 0 4 1 0 0 0 0 0 0 1 0 0 0 
#TS86
2 0 3 2 1 2 1 0 1 3 3 1 3 2 1 0 2 0 2 0 2 4 3 3 2 1 3 3 3 2 2 0 3 0 0 0 2 0 4 1 3 3 1 0 2 3 4 0 1 2 4 2 1 3 0 4 3 3 2 1 1 3 3 0 3 2 4 0 3 3 0 0 3 2 0 4 3 0 2 1 4 0 2 2 0 1 2 3 0 0 3 3 1 0 0 4 3 0 4 2 0 0 0 0 0 0 0 0 0 0 
1 0 4 2 1 1 1 0 2 3 2 1 2 2 1 0 2 1 3 0 2 2 3 3 3 1 3 3 3 2 2 0 1 0 0 0 2 0 3 1 3 3 1 0 2 3 3 0 1 2 3 1 4 3 0 4 3 3 2 1 1 4 3 0 3 2 4 1 3 3 0 0 3 2 0 4 3 0 3 1 3 0 2 2 0 1 1 2 0 0 3 4 0 1 0 4 3 0 3 1 0 0 0 0 0 0 0 0 0 0 
#TS87
1 0 4 2 1 2 0 0 0 1 0 0 4 2 2 3 3 0 0 0 2 3 3 3 4 0 1 0 0 2 1 3 3 1 3 0 3 2 2 3 1 0 1 0 2 3 2 3 2 1 3 0 0 0 0 4 3 2 2 1 0 0 3 3 4 2 0 1 3 4 0 0 3 1 0 4 3 2 3 0 0 0 0 3 3 4 4 4 1 2 3 0 2 1 0 4 2 0 0 3 0 0 0 0 0 0 0 0 0 0 
2 0 4 2 1 2 0 0 2 1 1 0 4 2 2 1 2 0 0 0 2 3 3 3 3 0 2 0 3 1 1 2 3 1 2 0 2 3 2 3 0 2 1 0 2 2 4 1 1 1 3 0 0 1 0 4 3 3 2 1 2 1 2 3 3 2 0 0 3 2 0 0 3 2 0 4 3 2 3 1 2 0 1 2 1 3 3 4 1 2 4 3 1 1 0 4 3 0 0 4 0 0 0 0 0 0 0 0 0 0 
#TS88
3 0 3 2 1 2 1 0 2 4 3 2 2 2 2 0 2 0 3 0 2 3 3 3 3 1 3 3 3 2 1 0 1 0 0 0 2 0 1 4 2 3 1 0 2 1 4 1 1 1 2 1 4 3 0 4 3 3 2 1 1 1 3 0 3 2 4 2 3 4 0 0 3 2 0 4 3 0 3 0 4 0 2 2 0 1 1 2 0 1 2 3 0 0 0 4 3 0 3 1 0 0 0 0 0 0 0 0 0 0 
3 0 3 3 1 2 1 0 2 4 3 2 2 2 2 0 2 0 3 0 2 3 3 2 3 2 3 3 3 2 2 0 1 0 0 0 2 0 2 3 3 3 1 0 2 1 4 0 1 1 3 2 3 3 0 4 3 2 2 1 1 1 3 0 4 2 4 3 3 3 0 0 2 2 0 4 3 0 3 1 4 0 2 2 0 1 1 2 1 0 2 3 0 0 0 4 2 0 4 1 0 0 0 0 0 0 0 0 0 0 
#TS89
1 0 3 1 0 2 1 1 4 4 3 3 0 1 0 0 3 1 2 1 2 2 3 1 3 4 3 4 0 4 3 2 2 0 0 0 2 0 1 2 3 3 0 0 2 0 3 1 0 3 0 1 0 3 0 4 3 3 1 1 1 3 3 0 2 2 4 3 3 3 0 0 3 0 0 4 3 0 3 1 4 0 2 2 0 1 2 2 3 1 3 0 0 0 3 0 2 4 4 2 0 0 0 0 1 0 0 0 0 0 
1 0 3 1 0 3 1 1 4 4 2 3 0 1 0 0 2 1 1 1 2 3 3 2 2 4 3 3 1 3 2 1 2 0 0 0 1 0 0 2 3 3 0 0 2 0 4 1 0 3 0 1 1 2 0 3 3 3 0 1 1 2 3 0 3 2 4 2 3 3 0 0 4 0 0 4 3 0 3 1 4 0 2 3 0 1 1 2 3 0 2 0 0 0 4 0 3 4 4 1 0 0 0 0 1 0 0 0 0 0 
#TS90
1 0 3 2 1 1 0 1 2 4 3 2 1 2 2 0 2 2 3 2 2 0 3 0 4 1 2 3 3 2 1 0 0 0 0 3 0 0 3 1 3 3 1 0 2 3 4 0 1 1 3 3 4 3 1 2 3 2 2 1 0 4 3 0 4 3 4 2 3 3 0 0 3 2 1 4 3 0 1 0 4 0 2 3 0 1 3 0 2 2 3 3 0 1 0 2 4 0 4 1 0 0 0 0 0 0 0 1 0 0 
1 0 3 1 3 1 0 1 2 4 3 2 1 2 2 0 3 1 3 1 2 0 3 0 1 0 3 3 3 2 0 0 1 0 0 2 0 0 3 1 3 3 1 0 2 3 4 0 1 1 3 4 4 3 2 1 4 3 2 1 1 4 4 0 3 3 4 3 3 3 0 0 4 3 2 4 3 0 0 1 4 0 2 2 0 1 3 0 1 3 1 3 0 0 0 2 3 0 4 1 0 0 0 0 0 0 0 1 0 0 
#TS91
2 0 3 2 1 2 1 0 3 3 3 2 2 2 2 0 2 1 3 1 2 2 3 3 3 1 2 1 3 2 2 0 1 0 0 1 1 0 3 1 3 3 1 0 2 2 4 0 1 1 3 2 4 4 0 4 3 3 2 1 1 3 3 0 3 2 4 3 3 3 0 0 3 2 0 4 3 0 3 1 4 0 2 2 0 1 1 1 1 0 3 3 0 0 0 4 2 0 4 1 0 0 0 0 0 0 0 0 0 0 
2 0 3 1 1 2 1 0 2 3 3 2 2 2 2 0 3 1 3 1 1 3 3 3 4 2 3 2 3 2 2 0 0 0 0 0 0 0 2 1 3 3 1 0 2 3 4 0 1 1 3 2 4 3 0 4 3 3 2 1 1 2 3 0 3 2 4 3 3 3 0 0 3 2 0 4 3 0 3 1 4 0 1 2 0 1 1 2 2 0 4 3 0 1 0 4 3 0 4 1 0 0 0 0 0 0 0 0 0 0 
#TS92
1 0 3 1 1 2 1 0 3 3 1 0 3 2 1 0 3 0 1 0 2 3 3 3 4 0 2 0 3 1 1 1 3 0 2 0 3 2 0 4 0 3 1 0 2 2 3 3 1 2 3 0 1 2 0 4 3 3 3 1 2 1 2 3 3 2 1 0 3 3 0 0 3 2 0 4 2 1 3 1 4 0 2 3 0 2 3 3 1 1 2 2 1 1 0 4 4 0 1 4 0 0 0 0 0 0 0 0 0 0 
2 0 3 2 1 2 1 0 2 3 1 1 3 2 1 0 3 0 2 0 2 3 3 2 4 0 2 0 3 1 2 0 3 0 1 0 3 3 0 4 1 3 1 0 2 1 4 1 1 2 3 1 2 3 0 4 3 3 2 1 1 1 3 2 3 2 4 0 3 3 0 0 3 2 0 4 3 1 2 1 4 0 2 2 0 2 2 2 1 2 2 4 0 1 0 4 2 0 4 3 0 0 0 0 0 0 0 0 0 0 
#TS93
1 1 3 1 1 2 1 1 2 4 2 2 2 2 2 0 2 1 3 3 2 3 3 0 3 1 3 3 3 2 2 0 0 2 0 1 0 0 3 0 3 4 1 0 2 4 4 0 1 1 3 3 2 4 0 4 3 2 3 0 1 4 3 0 3 2 4 3 3 3 0 0 3 2 1 4 3 0 2 1 4 0 2 2 0 1 0 1 3 0 4 4 0 0 0 4 3 0 4 1 0 0 0 0 0 1 0 0 0 0 
0 2 4 1 2 2 1 1 2 4 3 2 3 2 2 1 3 1 3 4 2 3 3 0 2 1 4 3 3 2 2 0 0 3 0 1 0 0 3 1 3 3 0 0 4 3 4 0 1 2 4 2 2 3 0 4 3 3 4 0 1 4 3 0 3 2 4 3 2 3 0 0 3 2 1 4 3 0 1 1 4 0 1 2 0 1 0 1 2 0 4 3 0 0 0 4 3 0 4 1 0 0 0 0 0 1 0 0 0 0 
#TS94
1 0 3 1 1 2 0 4 1 2 3 2 2 0 1 0 1 1 3 2 2 4 3 1 2 3 3 3 1 2 1 0 1 0 0 3 0 0 1 2 3 3 1 0 2 3 3 0 1 2 3 2 1 4 0 4 3 4 3 0 1 1 3 0 3 4 4 3 0 3 0 0 3 2 3 4 3 0 3 1 4 1 0 2 0 1 1 1 2 0 4 3 0 0 0 4 2 0 4 1 0 0 0 0 0 0 0 0 0 1 
1 0 3 1 2 1 1 4 2 2 3 4 3 0 2 0 2 1 3 2 2 3 3 1 2 4 2 3 2 2 1 0 2 0 0 2 1 0 3 1 3 3 1 0 2 3 2 0 1 1 3 2 1 3 0 4 3 3 2 0 1 0 3 0 3 3 4 1 0 3 0 0 3 1 4 4 3 0 4 1 4 2 1 2 0 1 1 1 0 0 4 3 0 0 0 4 3 0 4 1 0 0 0 0 0 0 0 0 0 1 
#TS95
1 3 3 2 1 3 1 4 0 0 0 0 4 3 2 2 3 1 0 4 2 3 3 2 3 0 3 2 0 2 1 4 3 4 1 0 3 2 2 2 3 3 0 0 2 3 1 4 1 1 2 3 0 0 4 0 3 3 2 1 0 0 3 1 4 1 0 0 2 3 0 1 4 1 3 4 3 0 3 2 3 0 2 2 0 4 4 3 3 2 1 3 0 0 0 4 3 0 2 3 0 1 0 0 0 0 0 0 0 0 
1 3 3 2 1 2 1 4 0 0 0 0 4 3 3 2 3 0 0 3 2 3 3 3 3 0 3 0 0 2 2 4 4 3 3 0 2 3 3 3 3 3 0 0 2 3 4 3 1 1 2 2 0 0 4 1 3 3 1 1 0 0 2 1 3 1 0 0 1 3 0 2 3 1 3 4 3 0 3 1 3 0 2 2 0 4 4 3 2 2 1 3 0 0 0 4 2 0 2 4 0 1 0 0 0 0 0 0 0 0 
#TS96
3 0 3 3 1 1 1 0 3 3 3 1 2 2 1 0 3 0 2 0 2 3 3 3 3 1 2 0 3 3 2 0 3 0 0 0 2 0 1 3 3 4 1 0 2 2 4 0 1 4 3 2 2 3 0 4 3 3 1 1 1 1 3 0 3 1 4 0 3 3 0 0 3 2 0 3 3 1 2 1 4 0 2 1 0 1 1 2 0 0 3 4 1 1 0 4 2 0 4 1 0 0 0 0 0 0 0 0 0 0 
2 0 3 2 1 1 1 0 2 4 3 2 2 1 1 0 2 0 3 0 2 3 3 3 3 1 1 0 2 2 2 0 2 0 0 0 2 0 2 2 3 3 1 0 2 3 4 0 1 2 3 2 3 3 0 4 3 3 2 1 1 3 3 0 3 2 4 2 3 3 0 0 3 2 0 4 3 1 3 1 4 0 2 2 0 1 1 2 0 0 4 3 0 0 0 4 2 0 4 1 0 0 0 0 0 0 0 0 0 0 
#TS97
3 0 2 3 1 1 1 0 2 3 2 2 3 2 2 2 2 0 3 0 2 4 3 2 3 1 3 2 3 2 0 0 0 1 0 1 0 1 2 4 3 3 2 0 2 2 4 1 1 1 3 1 4 4 1 3 3 3 2 1 0 1 3 0 3 2 4 3 3 2 0 0 3 2 0 4 3 0 2 1 4 0 2 2 0 1 1 2 1 1 1 3 0 0 0 4 4 0 4 1 0 0 0 0 0 0 0 0 0 0 
1 0 3 2 1 2 1 0 3 4 3 2 2 1 2 1 2 0 3 0 2 4 3 2 3 2 3 3 2 2 0 0 1 1 0 1 0 0 2 3 3 3 1 0 2 2 4 1 1 2 3 2 4 3 0 3 3 3 2 1 1 1 3 0 2 2 4 3 3 3 0 0 3 2 0 4 3 0 3 1 4 0 2 2 0 1 1 3 1 1 2 3 0 0 0 4 3 0 4 1 0 0 0 0 0 0 0 0 0 0 
#TS98
2 4 3 1 1 3 1 4 0 0 0 0 4 4 2 2 3 0 0 3 2 3 3 4 3 0 3 0 0 2 2 4 4 4 3 0 2 3 2 2 3 3 0 0 2 3 3 3 1 1 2 2 0 0 3 2 3 3 2 1 0 0 3 1 4 1 0 0 2 2 0 2 3 2 3 4 3 0 3 1 3 0 2 1 0 4 4 3 2 2 0 3 0 0 0 4 3 0 1 4 0 1 0 0 0 0 0 0 0 0 
2 4 3 2 1 2 1 4 0 0 0 0 3 3 2 2 3 0 0 3 2 4 3 3 3 0 2 0 0 2 3 3 3 4 4 0 3 3 2 2 3 3 0 0 2 3 1 3 1 1 2 2 0 1 4 1 3 2 1 1 0 0 2 1 4 1 0 0 2 4 0 2 3 2 3 4 3 0 3 2 2 0 3 2 0 4 3 3 2 3 0 2 0 1 0 4 2 0 1 3 0 0 0 0 0 0 0 0 0 0 
#TS99
1 3 3 0 2 0 1 2 2 4 3 1 2 1 2 4 4 1 1 4 2 3 3 0 0 0 4 0 0 4 0 2 1 4 0 0 1 0 3 1 3 3 0 0 2 3 4 0 1 2 4 2 0 2 2 2 3 3 4 0 1 4 3 0 3 2 3 3 2 3 0 0 4 2 2 4 3 2 2 1 4 0 3 2 1 0 0 4 0 0 4 3 1 0 0 4 2 0 4 1 0 0 0 0 0 1 0 0 0 0 
1 2 3 0 2 0 1 2 1 3 3 0 2 2 2 2 3 0 0 3 2 2 3 0 0 0 3 0 0 4 0 3 1 4 0 0 1 0 4 1 3 3 0 0 1 3 3 0 1 3 4 1 0 2 3 1 3 3 4 0 1 4 3 0 4 2 2 3 2 3 0 0 3 2 1 4 3 1 2 0 4 0 3 3 0 1 0 4 0 0 3 4 0 1 0 4 2 1 4 1 0 0 0 0 0 1 0 0 0 0 
#TS100
1 3 3 2 1 2 1 4 0 0 0 0 4 3 3 2 3 0 0 3 2 3 3 3 3 0 3 0 0 2 2 4 4 3 3 0 2 3 3 3 3 3 0 0 2 3 4 3 1 1 2 2 0 0 4 1 3 3 1 1 0 0 2 1 3 1 0 0 1 3 0 2 3 1 3 4 3 0 3 1 3 0 2 2 0 4 4 3 2 2 1 3 0 0 0 4 2 0 2 4 0 1 0 0 0 0 0 0 0 0 
2 4 3 1 1 3 1 4 0 0 0 0 4 4 2 2 3 0 0 3 2 3 3 4 3 0 3 0 0 2 2 4 4 4 3 0 2 3 2 2 3 3 0 0 2 3 3 3 1 1 2 2 0 0 3 2 3 3 2 1 0 0 3 1 4 1 0 0 2 2 0 2 3 2 3 4 3 0 3 1 3 0 2 1 0 4 4 3 2 2 0 3 0 0 0 4 3 0 1 4 0 1 0 0 0 0 0 0 0 0 
#TS101
1 0 3 1 3 4 1 1 0 4 3 1 3 2 2 1 2 2 2 2 4 2 3 1 1 1 2 3 0 4 3 2 2 0 0 1 0 0 3 1 3 3 0 0 2 3 4 0 1 1 3 3 0 3 0 4 3 3 4 1 1 4 3 0 4 3 4 2 3 3 0 0 3 2 4 3 3 0 2 0 4 0 1 2 0 1 1 1 3 0 4 3 2 0 3 4 1 1 4 1 0 0 0 1 0 0 0 0 0 0 
1 0 3 1 3 3 1 1 0 4 2 1 4 4 2 1 2 2 2 1 2 3 3 1 2 1 1 3 0 4 3 3 3 0 0 0 1 0 3 1 3 3 0 0 2 3 4 0 1 2 3 4 0 3 0 4 3 4 4 1 1 4 3 0 3 3 4 1 3 3 0 0 2 2 4 4 3 0 1 0 4 0 0 2 0 1 1 1 3 0 4 3 3 0 4 4 1 1 4 1 0 0 0 1 0 0 0 0 0 0 
#TS102
1 0 3 1 1 3 1 1 1 3 4 2 2 1 2 0 3 2 3 1 2 3 3 2 3 2 3 3 3 2 2 0 0 0 0 1 0 0 3 1 3 3 1 0 2 3 4 0 1 2 3 2 4 3 0 4 3 3 2 1 1 4 4 0 3 2 4 3 3 4 0 0 4 2 0 4 3 0 3 1 4 0 2 2 0 1 1 1 3 0 3 3 0 0 0 4 3 0 4 1 0 0 0 0 0 0 0 0 0 0 
1 0 4 2 1 3 1 1 2 4 3 2 2 2 2 0 2 2 3 2 1 4 3 2 3 2 3 3 3 2 2 0 0 0 0 2 0 0 3 1 3 4 1 0 1 3 4 0 2 1 4 2 4 4 0 4 4 3 2 0 1 4 3 0 3 2 4 3 3 4 0 0 4 2 1 4 3 0 3 1 4 0 3 2 0 1 1 3 2 0 4 3 0 0 0 4 3 0 4 1 0 0 0 0 0 0 0 0 0 0 
#TS103
1 0 3 2 1 3 1 1 2 3 3 2 2 2 2 0 2 2 3 1 2 3 3 3 3 2 3 3 3 2 2 0 0 0 0 0 0 0 3 2 3 3 2 0 2 3 4 0 2 1 3 2 4 3 0 4 3 3 3 1 1 4 2 0 3 2 4 3 3 3 0 0 3 3 0 4 3 0 3 1 4 0 3 2 0 1 1 1 1 0 4 3 0 0 0 4 3 0 4 1 0 0 0 0 0 0 0 0 0 0 
1 0 4 1 1 3 1 1 2 3 3 2 2 2 2 0 4 2 3 2 2 3 3 2 3 1 3 3 3 2 2 0 0 0 0 1 1 0 3 1 3 3 1 0 2 3 4 0 2 1 4 2 4 3 0 4 3 3 2 1 1 4 3 0 4 1 4 3 3 3 0 0 4 3 1 4 3 0 3 1 4 0 2 2 0 1 1 2 1 0 4 3 0 0 0 4 3 0 4 1 0 0 0 0 0 0 0 0 0 0 
#TS104
2 0 3 1 1 2 1 1 2 4 3 2 2 2 1 2 3 1 3 0 2 3 3 3 3 1 4 1 3 2 0 0 1 2 0 0 1 0 3 1 3 3 1 0 2 3 4 0 1 1 3 2 4 4 2 2 3 3 2 1 0 4 3 0 3 2 4 3 3 4 0 0 3 3 0 4 3 0 3 1 4 0 2 3 0 0 1 2 1 0 4 4 0 0 0 4 2 0 4 1 0 0 0 0 0 0 0 0 0 0 
1 0 3 1 1 2 1 1 2 4 3 2 2 2 2 2 2 2 3 1 2 3 3 3 3 2 3 3 3 2 0 0 0 1 0 0 1 0 3 1 4 3 1 0 2 3 4 0 1 1 3 2 4 3 0 3 3 3 2 1 1 3 2 0 3 1 4 3 3 3 0 0 2 2 0 4 3 0 3 1 3 0 2 2 0 1 1 2 1 0 4 3 0 0 0 4 4 0 4 1 0 0 0 0 0 0 0 0 0 0 
#TS105
2 0 3 2 4 0 0 1 2 4 3 2 1 1 2 2 2 1 2 2 2 0 1 0 0 0 3 0 0 4 0 2 2 1 0 1 1 0 2 2 3 3 0 0 2 3 4 0 0 1 3 3 1 3 2 0 3 3 2 1 1 4 3 0 3 3 4 2 3 3 0 0 4 3 2 3 3 0 0 2 4 0 4 2 0 1 3 1 0 3 0 3 0 0 0 2 4 0 4 1 0 0 0 0 0 0 0 1 0 0 
1 0 3 2 4 0 0 0 2 4 3 2 0 1 1 3 3 0 1 2 2 0 0 0 0 0 3 0 0 2 0 2 3 1 0 1 1 0 2 1 3 3 0 0 2 3 4 1 0 2 2 4 1 3 2 0 3 2 2 1 1 4 3 0 3 4 4 1 3 3 0 0 3 3 1 4 3 0 1 2 4 0 4 1 0 1 3 0 0 3 0 3 0 0 0 2 4 0 4 1 0 0 0 0 0 0 0 0 0 0 
#TS106
1 0 3 1 2 3 1 1 0 4 3 2 3 2 2 1 2 2 3 2 2 2 2 1 3 2 3 3 0 3 3 1 1 0 0 1 0 0 2 1 3 3 0 0 2 3 3 0 2 1 3 2 2 3 0 4 3 3 3 1 1 4 3 0 3 3 4 3 3 4 0 0 3 2 3 4 3 0 2 0 4 0 0 2 0 1 1 1 3 0 4 3 3 0 3 4 0 0 4 1 0 0 0 1 0 0 0 0 0 0 
1 0 3 1 3 4 1 1 0 4 3 1 3 2 2 1 2 2 2 2 4 2 3 1 1 1 2 3 0 4 3 2 2 0 0 1 0 0 3 1 3 3 0 0 2 3 4 0 1 1 3 3 0 3 0 4 3 3 4 1 1 4 3 0 4 3 4 2 3 3 0 0 3 2 4 3 3 0 2 0 4 0 1 2 0 1 1 1 3 0 4 3 2 0 3 4 1 1 4 1 0 0 0 1 0 0 0 0 0 0 
#TS107
1 0 4 1 1 3 0 1 0 3 1 2 2 1 2 2 3 2 2 1 2 3 3 2 3 2 3 3 0 3 1 1 2 0 0 1 0 0 2 1 3 0 2 0 2 3 4 0 2 1 3 2 0 1 0 4 4 3 2 2 0 0 3 0 3 2 4 3 3 3 0 0 4 2 0 3 3 0 3 0 4 0 0 2 2 2 3 3 3 0 4 0 0 0 0 4 4 0 3 2 0 0 0 0 0 0 0 0 1 0 
1 0 3 1 1 3 0 1 0 3 1 0 3 1 3 2 3 2 1 1 2 3 3 2 3 1 3 3 0 3 1 2 3 1 0 1 1 0 4 1 3 0 1 0 2 3 4 0 3 2 3 2 0 0 0 4 4 3 2 1 0 0 3 0 3 2 3 2 3 3 0 0 3 2 0 3 3 0 3 0 4 0 0 3 2 3 4 3 3 0 4 0 0 0 0 4 4 0 2 3 0 0 0 0 0 0 0 0 1 0 
#TS108
1 0 3 1 2 1 1 4 2 2 3 4 3 0 2 0 2 1 3 2 2 3 3 1 2 4 2 3 2 2 1 0 2 0 0 2 1 0 3 1 3 3 1 0 2 3 2 0 1 1 3 2 1 3 0 4 3 3 2 0 1 0 3 0 3 3 4 1 0 3 0 0 3 1 4 4 3 0 4 1 4 2 1 2 0 1 1 1 0 0 4 3 0 0 0 4 3 0 4 1 0 0 0 0 0 0 0 0 0 1 
1 0 3 1 1 1 1 4 1 3 3 2 2 0 1 0 3 1 2 2 2 3 3 1 2 3 2 3 2 3 1 0 3 0 0 1 1 0 3 1 3 3 1 0 2 3 4 0 1 2 3 2 1 3 0 4 3 3 1 0 1 1 4 0 4 3 4 1 1 3 0 0 3 2 4 4 3 0 3 2 4 1 1 2 0 1 1 2 0 0 3 3 0 0 0 4 3 0 4 1 0 0 0 0 0 0 0 0 0 1 
#TS109
3 0 3 3 0 1 1 0 2 2 3 1 3 2 1 0 3 0 0 0 2 3 3 4 3 0 1 0 1 4 2 2 3 0 0 0 2 0 1 3 3 4 1 0 2 0 4 1 1 3 3 1 1 2 0 4 3 3 2 1 1 1 3 1 3 2 2 0 4 3 0 0 3 2 0 3 2 2 3 2 4 0 3 2 0 1 2 3 0 0 2 3 0 0 0 4 3 0 4 2 0 0 0 0 0 0 0 0 0 0 
3 0 3 3 1 1 1 0 2 3 3 1 2 2 1 0 3 0 0 0 2 3 3 3 3 0 3 0 1 3 2 2 2 0 0 0 2 0 1 3 3 3 1 0 2 1 4 1 1 2 2 1 0 2 0 4 3 3 2 1 0 1 3 1 3 2 4 0 3 3 0 0 3 2 0 4 2 2 2 1 4 0 3 3 0 1 2 3 0 0 3 3 1 1 0 4 3 0 4 2 0 0 0 0 0 0 0 0 0 0 
#TS110
3 0 3 3 1 1 1 0 2 3 3 1 2 2 1 0 3 0 0 0 2 3 3 3 3 0 3 0 1 3 2 2 2 0 0 0 2 0 1 3 3 3 1 0 2 1 4 1 1 2 2 1 0 2 0 4 3 3 2 1 0 1 3 1 3 2 4 0 3 3 0 0 3 2 0 4 2 2 2 1 4 0 3 3 0 1 2 3 0 0 3 3 1 1 0 4 3 0 4 2 0 0 0 0 0 0 0 0 0 0 
2 0 2 3 1 1 1 0 2 3 3 2 2 2 1 0 2 0 1 0 2 3 3 3 3 0 2 0 1 3 2 1 3 0 0 0 2 0 1 3 3 3 1 0 2 1 4 0 1 3 3 2 1 3 0 4 4 2 2 1 1 1 3 0 3 2 4 0 3 3 0 0 3 2 0 4 3 0 3 1 4 0 3 3 0 1 1 3 0 0 3 3 2 1 0 4 3 0 4 2 0 0 0 0 0 0 0 0 0 0 
#TS111
1 0 3 1 1 3 1 0 2 4 3 1 2 2 2 0 2 1 3 0 2 3 3 3 3 0 3 0 4 2 2 0 2 0 0 0 2 0 3 1 3 3 1 0 2 3 3 0 1 2 2 2 2 3 0 4 3 3 2 1 1 4 3 1 3 2 3 0 4 4 0 0 4 3 0 4 3 0 3 0 4 0 2 3 0 1 2 2 2 0 3 4 0 0 0 4 3 0 4 1 0 0 0 0 0 0 0 0 0 0 
1 0 2 2 1 2 1 0 2 3 3 1 2 2 1 0 1 1 3 0 2 4 3 3 4 0 2 0 3 2 2 0 1 0 0 0 2 0 2 2 3 3 1 0 2 3 4 0 1 2 3 2 3 3 0 4 3 3 2 1 1 4 3 1 3 2 4 1 4 3 0 0 3 1 0 4 3 0 3 1 3 0 2 2 0 1 1 2 2 0 4 3 0 0 0 4 3 0 4 1 0 0 0 0 0 0 0 0 0 0 
#TS112
2 0 3 2 1 2 1 1 2 3 3 2 2 2 2 0 3 1 3 1 2 3 3 2 3 1 3 2 3 2 2 0 1 0 0 0 3 0 3 1 3 3 2 0 2 3 4 0 1 2 3 1 3 3 0 4 3 3 2 1 1 4 4 0 4 3 4 1 3 3 0 0 3 2 0 3 3 0 3 0 4 0 2 3 0 1 1 2 1 0 4 2 0 1 0 4 4 0 4 1 0 0 0 0 0 0 0 0 0 0 
2 0 3 2 1 3 1 0 2 3 3 2 2 2 2 0 3 1 3 1 2 4 3 2 3 1 1 3 3 2 2 0 1 0 0 0 2 0 3 0 3 3 1 0 2 3 4 0 1 1 2 2 4 3 0 4 3 3 2 1 1 3 3 0 3 2 4 3 3 3 0 0 3 2 0 4 3 0 3 0 4 0 2 2 0 1 1 1 2 0 4 3 0 0 0 4 3 0 3 1 0 0 0 0 0 0 0 0 0 0 
#TS113
3 4 3 3 1 0 1 2 1 3 3 3 3 1 2 0 4 0 1 1 2 4 3 1 2 2 1 3 0 3 2 3 3 0 3 0 2 0 3 3 3 3 0 0 2 3 4 0 3 3 3 2 0 2 0 4 0 3 2 0 1 1 3 0 3 2 4 0 3 2 0 0 3 2 0 4 3 2 3 1 4 0 3 3 4 0 0 0 0 3 2 3 4 1 1 4 4 3 4 1 1 0 0 0 0 0 0 0 0 0 
2 4 3 3 1 0 1 2 1 3 3 3 3 1 1 0 3 0 1 0 2 3 3 1 2 2 1 3 0 4 1 2 3 0 1 0 2 0 2 3 3 3 0 0 2 3 4 0 2 2 3 1 1 2 0 4 0 3 2 0 1 1 3 0 3 2 4 0 3 3 0 0 3 2 0 4 3 2 3 1 4 0 3 3 4 1 0 0 0 2 2 3 4 1 2 4 3 3 4 1 1 0 0 0 0 0 0 0 0 0 
#TS114
1 0 3 2 3 2 1 1 3 3 3 1 1 2 1 1 3 1 1 1 2 3 0 2 1 1 3 0 2 4 0 2 3 2 0 0 2 0 2 1 3 3 1 0 2 2 2 0 1 1 3 2 1 3 1 1 3 3 1 1 1 4 4 0 3 3 4 1 3 3 0 0 4 2 0 4 3 0 3 3 4 0 3 1 0 1 2 3 0 1 0 3 0 0 0 4 3 0 4 1 0 0 0 0 0 0 0 0 0 0 
1 0 3 1 2 2 1 0 3 3 3 2 1 1 1 1 3 1 1 1 2 3 2 2 2 1 3 2 3 3 0 0 3 2 0 0 2 0 2 1 3 3 1 0 2 3 2 0 1 3 2 2 1 3 1 3 3 3 2 1 1 4 3 0 4 1 4 0 3 3 0 0 2 2 0 4 3 0 3 3 4 0 2 2 0 1 1 3 0 0 1 3 0 0 0 4 4 0 4 1 0 0 0 0 0 0 0 0 0 0 
#TS115
1 0 3 1 1 3 0 1 0 1 0 0 4 2 2 3 4 0 0 1 3 3 2 4 3 0 2 0 0 2 1 3 4 1 1 0 2 2 2 3 2 0 1 0 1 3 3 3 2 1 3 1 0 0 0 4 4 3 2 2 0 0 3 4 3 1 0 1 3 4 0 0 3 2 0 4 3 2 3 0 1 0 0 2 3 4 4 3 2 1 4 0 0 0 0 4 3 0 0 3 0 0 0 0 0 0 0 0 1 0 
1 0 3 1 1 3 0 0 0 1 0 0 4 2 1 4 3 0 0 0 2 3 3 3 3 0 1 0 0 2 1 3 4 0 2 0 2 2 2 2 2 0 2 0 0 3 4 2 1 1 3 0 0 0 0 3 4 3 1 2 0 0 4 4 3 1 0 1 3 3 0 0 2 2 0 4 3 1 3 0 0 0 0 3 3 3 4 3 1 2 3 0 1 1 0 4 3 0 0 4 0 0 0 0 0 0 0 0 1 0 
#TS116
1 4 3 3 1 0 0 2 2 3 3 2 2 1 1 0 4 0 0 1 2 3 3 2 2 2 0 2 0 4 2 3 3 0 1 0 2 0 2 3 3 4 0 0 2 3 4 0 2 3 3 2 1 2 0 4 0 3 2 0 1 2 3 0 3 1 4 1 3 3 0 0 3 2 0 4 3 2 3 1 4 0 3 2 4 1 0 0 0 3 2 2 4 2 2 4 4 3 4 2 0 0 0 0 0 0 0 0 0 0 
2 2 3 2 1 1 1 1 2 3 3 1 2 2 0 0 4 0 0 0 2 3 3 2 2 3 0 4 0 4 2 3 3 0 1 0 2 0 2 4 3 3 0 0 2 3 3 0 1 2 3 1 1 1 0 4 2 2 2 1 0 1 3 0 3 2 4 0 3 3 0 0 3 2 0 3 3 2 3 1 4 0 2 3 0 0 1 3 0 1 2 3 3 1 0 4 3 1 4 1 0 0 0 0 0 0 0 0 0 0 
#TS117
1 0 4 1 2 4 1 1 1 4 3 1 3 2 2 1 2 2 3 2 2 3 3 1 3 2 2 3 0 2 2 0 1 0 0 2 0 0 2 0 4 3 0 0 2 3 4 0 1 1 3 2 2 3 0 4 3 3 3 1 1 4 3 0 4 3 4 3 2 3 0 0 3 1 3 4 4 0 3 0 4 0 1 2 0 1 1 1 3 0 4 3 1 0 2 4 0 1 4 1 0 0 0 1 0 0 0 0 0 0 
1 0 3 1 2 3 1 1 0 4 3 2 3 2 2 1 2 2 3 2 2 2 2 1 3 2 3 3 0 3 3 1 1 0 0 1 0 0 2 1 3 3 0 0 2 3 3 0 2 1 3 2 2 3 0 4 3 3 3 1 1 4 3 0 3 3 4 3 3 4 0 0 3 2 3 4 3 0 2 0 4 0 0 2 0 1 1 1 3 0 4 3 3 0 3 4 0 0 4 1 0 0 0 1 0 0 0 0 0 0 
#TS118
2 0 3 3 0 0 1 0 2 3 2 3 1 1 2 0 0 0 3 1 2 3 0 2 3 2 2 3 0 3 0 1 1 0 0 0 4 4 3 2 2 3 1 0 2 3 1 2 1 1 3 3 4 3 1 4 0 3 2 1 0 0 4 0 0 4 4 3 3 3 0 0 0 2 4 4 3 1 3 4 4 0 3 4 3 0 1 3 0 2 1 2 0 0 0 3 2 0 4 1 0 0 0 0 0 0 1 0 0 0 
1 0 4 3 0 0 1 0 2 3 2 2 1 2 1 1 0 0 2 2 2 3 0 2 3 2 1 3 0 4 0 2 1 1 0 0 4 4 3 3 2 3 1 0 2 3 3 3 1 1 3 4 2 2 1 3 0 3 2 1 0 0 3 0 0 3 4 2 3 3 0 0 1 2 3 4 3 1 3 3 2 0 3 2 3 0 1 3 0 2 1 3 0 0 0 3 4 0 4 1 0 0 0 0 0 0 1 0 0 0 
#TS119
2 0 3 1 1 2 1 0 2 3 3 1 3 2 1 0 2 1 2 0 2 3 3 2 3 1 1 3 3 3 2 1 3 0 0 0 3 0 2 1 3 3 1 0 2 3 4 0 1 3 3 1 1 3 0 4 3 3 2 1 1 4 3 0 3 2 4 0 3 4 0 0 4 2 0 4 3 0 3 0 4 0 3 2 0 1 1 2 0 0 4 3 0 0 0 4 4 0 4 1 0 0 0 0 0 0 0 0 0 0 
1 0 3 2 1 2 1 0 2 3 3 1 2 2 2 0 3 1 2 1 2 3 3 2 3 1 2 3 3 2 2 0 3 0 0 0 3 0 3 1 3 3 1 0 2 3 4 0 1 3 3 2 2 3 0 4 3 3 2 1 1 4 3 0 3 2 4 0 3 3 0 0 3 3 1 4 3 0 3 1 4 0 2 2 0 1 1 2 0 0 4 3 0 0 0 4 3 0 4 1 0 0 0 0 0 0 0 0 0 0 
#TS120
2 0 3 2 1 2 1 0 3 4 3 2 2 2 2 1 2 0 4 0 2 3 2 2 3 1 3 3 3 2 1 0 0 1 0 1 0 0 2 3 3 3 1 0 2 2 3 0 1 1 3 2 3 3 0 3 3 3 1 1 0 1 1 0 3 2 4 3 3 3 0 0 2 3 0 4 3 0 3 1 4 0 2 3 0 1 1 1 0 0 2 3 0 0 0 4 3 0 4 1 0 0 0 0 0 0 0 0 0 0 
2 0 3 3 0 2 1 0 3 4 3 2 2 1 2 0 2 0 3 0 2 3 3 2 3 2 3 4 3 2 1 0 0 0 0 1 0 0 2 2 2 3 1 0 2 2 4 0 1 1 3 2 4 3 0 3 3 3 2 1 0 2 3 0 3 2 4 3 3 3 0 0 4 2 0 4 3 0 3 1 4 0 3 1 0 1 1 2 1 0 2 3 0 0 0 4 4 0 4 1 0 0 0 0 0 0 0 0 0 0 
#TS121
2 0 3 1 1 2 1 0 2 3 3 2 2 2 2 0 3 1 3 1 1 3 3 3 4 2 3 2 3 2 2 0 0 0 0 0 0 0 2 1 3 3 1 0 2 3 4 0 1 1 3 2 4 3 0 4 3 3 2 1 1 2 3 0 3 2 4 3 3 3 0 0 3 2 0 4 3 0 3 1 4 0 1 2 0 1 1 2 2 0 4 3 0 1 0 4 3 0 4 1 0 0 0 0 0 0 0 0 0 0 
1 0 3 1 1 2 1 0 3 3 3 2 2 1 2 0 2 1 3 0 2 3 3 3 3 1 1 3 3 2 2 0 0 0 0 1 0 0 2 1 3 3 1 0 2 3 4 0 1 1 3 2 4 3 0 4 3 3 2 1 1 4 3 0 3 2 4 3 3 3 0 0 3 2 0 4 3 0 3 1 4 0 2 3 0 1 1 2 1 0 4 3 0 0 0 3 3 0 4 1 0 0 0 0 0 0 0 0 0 0 
#TS122
1 0 3 2 0 1 1 1 1 3 3 2 1 1 2 0 1 2 3 2 2 3 0 2 3 2 1 4 3 2 1 0 0 0 0 0 3 3 3 3 4 3 1 0 2 3 2 2 1 1 3 4 4 3 0 4 0 3 2 1 1 0 3 0 0 3 4 3 4 3 0 0 0 2 3 4 3 0 3 1 4 0 2 2 3 1 1 1 1 1 3 4 0 0 0 4 3 1 4 1 0 0 0 0 0 0 1 0 0 0 
1 0 3 2 0 1 1 0 3 4 2 2 1 1 2 0 0 1 3 2 2 3 0 2 3 3 1 3 2 2 1 0 1 0 0 0 3 3 3 3 3 3 1 0 2 3 3 2 1 1 3 3 4 3 0 3 0 3 2 1 0 0 3 0 0 4 4 3 3 3 0 0 0 2 4 4 3 1 3 2 4 0 3 1 3 0 1 2 0 1 1 3 0 0 0 4 4 0 4 1 0 0 0 0 0 0 1 0 0 0 
#TS123
0 1 4 0 2 0 1 2 2 3 3 2 2 1 2 3 3 2 3 3 2 3 3 0 0 0 3 1 0 2 0 0 1 3 0 1 0 0 2 1 3 3 0 0 2 3 4 0 1 2 3 2 2 3 1 2 3 2 4 0 1 4 3 0 3 2 4 3 2 3 0 0 4 2 1 4 3 0 1 1 4 0 2 1 0 0 0 2 0 0 4 4 0 0 0 4 3 0 4 1 0 0 0 0 0 1 0 0 0 0 
0 2 3 0 2 0 1 2 2 4 3 2 2 1 4 2 2 1 3 3 2 3 3 0 0 0 3 1 0 4 0 1 1 2 0 1 0 0 2 1 3 3 0 0 2 3 2 0 1 2 4 1 1 4 1 2 3 2 4 0 1 4 3 0 3 2 4 3 2 3 0 0 3 2 1 4 3 1 1 1 4 0 2 2 0 0 0 3 0 0 4 4 0 0 0 4 3 0 4 1 0 0 0 0 0 1 0 0 0 0 
#TS124
2 0 2 2 1 1 1 1 2 2 3 1 2 1 2 0 2 1 1 1 2 3 3 2 1 2 2 3 2 4 2 1 2 0 0 0 3 0 4 1 3 3 1 0 2 3 3 0 1 2 3 1 0 3 0 4 3 3 2 0 1 4 3 0 3 2 4 0 3 2 0 0 3 2 1 4 3 0 3 1 4 0 2 2 0 1 2 3 0 0 4 3 0 0 0 4 4 0 4 1 0 0 0 0 0 0 0 0 0 0 
2 0 3 1 1 2 1 0 2 3 3 1 3 2 1 0 2 1 2 0 2 3 3 2 3 1 1 3 3 3 2 1 3 0 0 0 3 0 2 1 3 3 1 0 2 3 4 0 1 3 3 1 1 3 0 4 3 3 2 1 1 4 3 0 3 2 4 0 3 4 0 0 4 2 0 4 3 0 3 0 4 0 3 2 0 1 1 2 0 0 4 3 0 0 0 4 4 0 4 1 0 0 0 0 0 0 0 0 0 0 
#TS125
1 0 3 2 1 2 1 0 2 3 3 1 2 2 2 0 3 1 2 1 2 3 3 2 3 1 2 3 3 2 2 0 3 0 0 0 3 0 3 1 3 3 1 0 2 3 4 0 1 3 3 2 2 3 0 4 3 3 2 1 1 4 3 0 3 2 4 0 3 3 0 0 3 3 1 4 3 0 3 1 4 0 2 2 0 1 1 2 0 0 4 3 0 0 0 4 3 0 4 1 0 0 0 0 0 0 0 0 0 0 
2 0 3 2 1 2 1 1 2 3 3 2 2 2 2 0 3 1 3 1 2 3 3 2 3 1 3 2 3 2 2 0 1 0 0 0 3 0 3 1 3 3 2 0 2 3 4 0 1 2 3 1 3 3 0 4 3 3 2 1 1 4 4 0 4 3 4 1 3 3 0 0 3 2 0 3 3 0 3 0 4 0 2 3 0 1 1 2 1 0 4 2 0 1 0 4 4 0 4 1 0 0 0 0 0 0 0 0 0 0 
#TS126
1 0 3 2 4 1 0 1 2 4 3 2 1 2 2 1 2 1 3 2 1 0 2 0 0 0 3 3 3 2 0 0 1 1 0 1 0 0 3 2 3 3 0 0 2 3 3 0 1 1 3 3 4 3 3 1 3 3 2 1 1 4 3 0 3 3 4 3 3 4 0 0 3 3 2 4 3 0 0 1 4 0 2 2 0 1 3 1 0 3 0 2 0 0 0 1 3 0 4 1 0 0 0 0 0 0 0 1 0 0 
1 0 3 2 4 1 0 1 3 4 3 2 0 1 2 1 2 1 3 2 2 0 1 0 0 0 3 2 2 2 0 0 1 1 0 1 0 0 3 1 3 3 0 0 3 3 4 0 1 1 3 2 4 3 2 0 3 3 2 1 0 4 3 0 3 3 4 3 3 3 0 0 3 2 2 4 3 0 0 2 4 0 2 2 0 2 2 1 0 2 0 3 0 0 0 1 3 0 4 1 0 0 0 0 0 0 0 1 0 0 
#TS127
1 0 3 1 1 2 1 0 2 3 3 2 1 1 1 2 3 1 3 1 2 2 3 2 3 1 3 3 4 2 1 0 2 0 0 0 3 0 2 1 3 3 1 0 2 3 4 0 2 2 3 2 2 3 0 4 3 3 2 1 1 4 3 0 3 2 4 1 3 3 0 0 3 2 0 3 3 0 3 2 4 0 2 3 0 1 1 2 0 0 4 3 0 0 0 4 2 0 4 1 0 0 0 0 0 0 0 0 0 0 
2 0 3 2 1 2 1 1 2 3 3 2 2 1 2 1 3 2 3 1 2 3 3 3 3 2 3 3 3 2 0 0 1 1 0 0 3 0 2 1 3 3 2 0 2 2 4 0 2 2 3 2 4 3 0 4 3 3 2 1 1 4 3 0 3 2 4 3 3 2 0 0 3 2 0 4 3 0 4 1 4 0 3 2 0 1 1 2 1 0 4 3 0 0 0 4 3 0 4 1 0 0 0 0 0 0 0 0 0 0 
#TS128
1 0 3 1 1 3 0 1 0 1 1 0 4 2 2 3 2 2 0 1 2 3 3 2 3 0 3 2 0 3 2 3 3 1 2 0 1 1 3 2 3 0 2 0 2 3 4 2 2 1 3 1 0 0 0 4 3 3 3 1 0 0 3 2 3 0 0 2 3 3 0 0 3 2 0 4 3 1 2 0 2 0 0 3 4 3 4 3 2 1 4 0 0 0 0 4 4 0 0 3 0 0 0 0 0 0 0 0 1 0 
1 0 3 1 1 3 0 1 0 1 0 0 4 2 2 4 2 1 0 1 3 3 3 4 3 0 3 2 0 2 2 3 3 1 3 0 2 1 3 2 2 0 1 0 2 3 4 2 2 2 3 1 0 0 0 4 4 3 2 1 0 0 4 3 3 0 0 1 3 4 0 0 3 2 0 4 3 1 3 0 1 0 0 2 3 4 4 3 2 1 4 0 0 0 0 4 3 0 0 3 0 0 0 0 0 0 0 0 1 0 
#TS129
1 0 4 2 1 1 1 0 2 3 2 1 2 2 1 0 2 1 3 0 2 2 3 3 3 1 3 3 3 2 2 0 1 0 0 0 2 0 3 1 3 3 1 0 2 3 3 0 1 2 3 1 4 3 0 4 3 3 2 1 1 4 3 0 3 2 4 1 3 3 0 0 3 2 0 4 3 0 3 1 3 0 2 2 0 1 1 2 0 0 3 4 0 1 0 4 3 0 3 1 0 0 0 0 0 0 0 0 0 0 
1 0 3 2 1 2 1 0 2 3 3 2 2 1 2 0 2 2 3 1 2 3 3 3 4 1 3 2 3 2 3 0 0 0 0 0 1 0 3 0 3 3 1 0 2 3 4 0 1 2 3 2 4 3 0 4 3 3 2 1 1 4 3 0 3 2 4 2 3 3 0 0 3 2 0 4 3 0 3 1 4 0 2 3 0 2 1 2 0 0 4 2 0 0 0 4 2 0 4 1 0 0 0 0 0 0 0 0 0 0 
#TS130
2 0 3 2 0 1 1 0 2 4 2 2 1 1 2 0 0 0 3 2 2 3 0 1 3 2 2 3 0 3 0 0 1 1 0 0 3 4 3 2 2 3 1 0 2 3 0 3 0 1 3 3 4 3 1 4 0 4 3 1 0 0 3 0 0 3 4 3 3 3 0 0 0 2 4 4 3 1 3 4 4 0 4 2 3 1 1 3 0 2 1 3 0 0 0 4 4 1 4 1 0 0 0 0 0 0 1 0 0 0 
2 0 3 3 0 0 1 0 2 3 2 3 1 1 2 0 0 0 3 1 2 3 0 2 3 2 2 3 0 3 0 1 1 0 0 0 4 4 3 2 2 3 1 0 2 3 1 2 1 1 3 3 4 3 1 4 0 3 2 1 0 0 4 0 0 4 4 3 3 3 0 0 0 2 4 4 3 1 3 4 4 0 3 4 3 0 1 3 0 2 1 2 0 0 0 3 2 0 4 1 0 0 0 0 0 0 1 0 0 0 
#TS131
1 3 3 1 2 4 1 4 0 4 3 2 3 3 2 0 2 2 3 2 2 3 3 2 3 2 3 3 0 3 1 1 1 1 0 2 0 0 3 1 3 3 1 0 2 2 4 1 1 1 3 4 2 2 4 3 4 3 2 1 0 1 3 0 3 2 4 3 3 3 0 3 4 2 4 4 3 0 3 1 4 0 2 3 0 3 1 1 3 0 4 3 0 0 0 4 3 0 4 1 0 1 0 0 0 0 0 0 0 0 
1 4 3 1 1 3 1 4 0 3 0 1 4 2 2 1 1 2 2 3 1 3 3 2 3 2 3 2 0 4 1 2 2 1 0 2 0 0 3 1 3 3 1 0 2 3 4 1 1 1 2 2 0 1 4 2 3 2 2 0 1 0 3 0 3 2 4 2 2 3 0 2 3 2 3 4 3 0 2 1 4 0 2 1 0 3 3 2 3 0 4 3 0 0 0 4 2 1 4 2 0 1 0 0 0 0 0 0 0 0 
#TS132
2 0 3 1 0 2 1 1 4 3 2 3 0 2 2 0 3 2 2 1 1 3 3 2 3 3 3 3 0 4 3 1 0 0 0 1 0 0 2 0 2 4 0 0 2 3 4 1 0 1 2 1 2 2 0 4 3 3 1 1 1 4 3 0 3 2 4 3 3 3 0 0 3 0 1 4 3 0 2 1 4 0 2 1 0 1 1 2 2 0 4 0 0 1 3 0 3 4 4 1 0 0 0 0 1 0 0 0 0 0 
1 0 3 1 0 2 1 1 3 3 2 3 0 2 1 0 3 2 2 1 0 4 3 2 3 4 3 3 0 3 3 3 1 0 0 2 0 0 0 1 3 3 0 0 2 3 4 1 0 2 2 2 1 3 0 4 3 3 1 1 1 4 3 0 3 2 4 3 3 3 0 0 3 1 0 4 3 0 2 1 4 0 3 2 0 1 1 2 2 0 4 1 0 0 2 0 3 3 3 1 0 0 0 0 1 0 0 0 0 0 
#TS133
1 0 3 1 1 3 1 1 2 3 3 2 2 2 2 0 2 2 3 1 2 3 3 2 3 2 3 3 3 2 2 0 0 0 0 2 0 0 3 1 3 3 1 0 2 3 4 0 1 1 3 2 4 3 0 4 3 3 2 1 1 4 3 0 3 2 4 3 3 3 0 0 3 2 0 4 3 0 3 1 4 0 2 2 0 1 1 1 3 0 4 3 0 0 0 4 3 0 4 1 0 0 0 1 0 0 0 0 0 0 
1 0 4 1 2 4 1 1 1 4 3 1 3 2 2 1 2 2 3 2 2 3 3 1 3 2 2 3 0 2 2 0 1 0 0 2 0 0 2 0 4 3 0 0 2 3 4 0 1 1 3 2 2 3 0 4 3 3 3 1 1 4 3 0 4 3 4 3 2 3 0 0 3 1 3 4 4 0 3 0 4 0 1 2 0 1 1 1 3 0 4 3 1 0 2 4 0 1 4 1 0 0 0 1 0 0 0 0 0 0 
#TS134
1 0 3 1 3 0 0 0 1 4 3 2 1 1 2 1 2 1 3 1 2 0 1 0 0 0 4 1 1 2 0 0 1 1 0 1 0 0 2 1 3 3 0 0 2 3 4 0 1 1 3 3 4 3 2 0 4 3 2 1 1 4 3 0 3 3 4 3 3 3 0 0 4 2 1 4 3 0 0 2 4 0 3 2 0 1 1 1 0 3 0 2 0 0 0 1 3 0 3 1 0 0 0 0 0 0 0 1 0 0 
3 0 3 1 4 1 0 0 2 4 3 2 0 2 2 2 2 1 3 1 2 0 1 0 0 0 4 0 1 3 0 0 1 1 0 1 0 0 4 2 3 3 0 0 2 3 4 0 1 1 3 4 4 3 2 0 3 3 2 1 0 4 3 0 3 3 4 3 3 3 0 0 3 3 1 4 3 0 1 2 4 0 2 2 0 1 1 0 0 3 0 3 0 0 0 2 3 0 4 1 0 0 0 0 0 0 0 1 0 0 
#TS135
0 2 3 0 1 0 1 2 2 4 3 2 2 2 4 3 3 1 3 4 2 2 3 0 0 0 4 1 2 1 0 0 0 3 0 1 0 0 3 1 3 3 0 0 2 3 3 0 1 3 3 1 2 3 1 4 4 3 4 0 1 4 3 0 4 2 4 3 2 3 0 0 3 2 1 4 3 0 1 1 4 0 2 2 0 0 0 3 0 0 4 4 0 0 0 4 3 0 4 1 0 0 0 0 0 1 0 0 0 0 
0 1 4 0 2 0 1 2 2 3 3 2 2 1 2 3 3 2 3 3 2 3 3 0 0 0 3 1 0 2 0 0 1 3 0 1 0 0 2 1 3 3 0 0 2 3 4 0 1 2 3 2 2 3 1 2 3 2 4 0 1 4 3 0 3 2 4 3 2 3 0 0 4 2 1 4 3 0 1 1 4 0 2 1 0 0 0 2 0 0 4 4 0 0 0 4 3 0 4 1 0 0 0 0 0 1 0 0 0 0 
#TS136
1 0 3 1 0 2 1 1 3 3 2 3 0 2 1 0 3 2 2 1 0 4 3 2 3 4 3 3 0 3 3 3 1 0 0 2 0 0 0 1 3 3 0 0 2 3 4 1 0 2 2 2 1 3 0 4 3 3 1 1 1 4 3 0 3 2 4 3 3 3 0 0 3 1 0 4 3 0 2 1 4 0 3 2 0 1 1 2 2 0 4 1 0 0 2 0 3 3 3 1 0 0 0 0 1 0 0 0 0 0 
1 0 3 1 0 3 1 1 4 3 2 3 0 1 0 0 3 2 1 1 1 2 3 2 2 3 2 3 1 3 3 2 1 0 0 1 0 0 1 2 3 3 0 0 2 2 4 1 0 2 0 2 1 2 0 4 3 3 1 1 1 4 2 0 3 2 4 3 3 4 0 0 3 0 0 3 3 0 3 1 4 0 2 2 0 1 1 2 2 0 4 1 0 0 3 0 3 3 3 2 0 0 0 0 1 0 0 0 0 0 
#TS137
4 0 4 3 0 0 1 0 0 2 1 0 3 3 2 0 3 0 0 0 2 3 3 0 2 0 1 1 0 3 2 3 2 0 1 0 1 3 0 4 0 3 1 0 2 0 4 0 1 4 3 1 0 2 0 4 3 3 3 4 1 2 3 2 2 0 0 0 3 3 0 0 2 0 0 4 0 0 3 1 4 0 0 2 0 1 1 3 0 3 0 3 0 0 0 4 4 3 3 0 0 0 0 0 0 0 0 0 0 0 
3 0 3 3 0 0 1 0 2 2 2 0 3 2 1 0 2 0 0 0 2 4 3 3 2 0 0 0 0 3 2 4 3 0 0 0 2 0 0 3 2 4 1 0 2 0 3 1 1 3 3 1 0 1 0 4 4 3 3 2 2 2 2 3 4 1 0 0 3 3 0 0 3 2 0 4 1 2 3 1 4 0 4 3 0 1 1 3 0 1 0 2 0 0 0 4 4 1 3 1 0 0 0 0 0 0 0 0 0 0 
#TS138
1 0 3 1 0 3 1 1 4 4 2 3 0 1 0 0 2 1 1 1 2 3 3 2 2 4 3 3 1 3 2 1 2 0 0 0 1 0 0 2 3 3 0 0 2 0 4 1 0 3 0 1 1 2 0 3 3 3 0 1 1 2 3 0 3 2 4 2 3 3 0 0 4 0 0 4 3 0 3 1 4 0 2 3 0 1 1 2 3 0 2 0 0 0 4 0 3 4 4 1 0 0 0 0 1 0 0 0 0 0 
1 0 3 1 0 2 1 1 4 4 3 3 0 1 0 0 2 1 0 1 2 3 3 2 2 3 2 3 0 4 2 2 3 0 0 0 1 0 1 3 3 3 0 0 2 0 4 0 0 2 0 2 0 2 0 4 3 3 1 1 1 3 3 0 4 2 4 2 3 4 0 0 4 0 0 4 3 0 3 1 4 0 2 2 0 1 1 2 2 0 2 1 0 0 4 0 4 3 4 1 0 0 0 0 1 0 0 0 0 0 
#TS139
1 0 2 2 1 2 1 0 2 3 3 1 2 2 1 0 1 1 3 0 2 4 3 3 4 0 2 0 3 2 2 0 1 0 0 0 2 0 2 2 3 3 1 0 2 3 4 0 1 2 3 2 3 3 0 4 3 3 2 1 1 4 3 1 3 2 4 1 4 3 0 0 3 1 0 4 3 0 3 1 3 0 2 2 0 1 1 2 2 0 4 3 0 0 0 4 3 0 4 1 0 0 0 0 0 0 0 0 0 0 
3 0 3 2 1 2 1 0 2 3 3 2 2 2 1 0 3 0 3 0 2 3 3 3 4 0 1 0 3 2 2 0 1 0 0 0 2 0 3 3 4 3 1 0 2 3 4 0 1 2 3 2 4 3 0 4 3 2 2 1 1 4 3 0 3 2 4 3 3 3 0 0 3 2 0 3 3 0 2 1 4 0 3 2 0 2 1 2 2 0 3 3 0 0 0 4 3 0 4 1 0 0 0 0 0 0 0 0 0 0 
#TS140
2 0 3 2 1 2 1 0 2 4 2 2 2 2 1 0 3 0 3 0 2 3 3 3 3 0 3 0 3 2 2 0 1 0 0 0 2 2 0 3 2 3 1 0 2 0 4 1 1 2 3 2 4 3 0 4 3 2 2 1 1 2 2 0 4 2 4 3 3 3 0 0 3 2 0 4 3 1 3 1 4 0 2 3 0 1 1 2 1 1 2 3 0 0 0 4 3 0 4 1 0 0 0 0 0 0 0 0 0 0 
4 0 3 2 1 2 1 0 3 3 3 2 2 2 2 0 2 1 3 0 2 4 3 3 3 1 2 1 3 1 2 0 1 0 0 0 2 1 1 2 3 3 1 0 2 0 4 1 1 1 3 2 4 3 0 4 3 3 2 1 1 3 4 0 3 2 3 3 3 4 0 0 2 2 0 3 2 0 3 1 4 0 2 2 0 1 1 3 1 1 1 3 0 0 0 4 3 0 4 1 0 0 0 0 0 0 0 0 0 0 
#TS141
0 2 4 1 2 2 1 1 2 4 3 2 3 2 2 1 3 1 3 4 2 3 3 0 2 1 4 3 3 2 2 0 0 3 0 1 0 0 3 1 3 3 0 0 4 3 4 0 1 2 4 2 2 3 0 4 3 3 4 0 1 4 3 0 3 2 4 3 2 3 0 0 3 2 1 4 3 0 1 1 4 0 1 2 0 1 0 1 2 0 4 3 0 0 0 4 3 0 4 1 0 0 0 0 0 1 0 0 0 0 
0 2 3 0 3 0 1 3 3 4 3 2 2 2 3 1 2 1 3 4 2 3 3 0 1 0 3 2 3 2 0 0 0 2 0 1 0 0 3 1 3 3 0 0 2 3 4 0 1 2 4 1 1 3 1 4 4 3 4 0 1 4 3 0 3 2 4 3 2 3 0 1 3 2 1 4 3 0 1 1 4 0 2 1 0 1 0 3 0 0 4 3 0 0 0 4 2 0 4 1 0 0 0 0 0 1 0 0 0 0 
#TS142
1 0 4 1 2 3 1 1 2 3 3 0 4 3 2 0 3 1 0 1 2 3 3 2 3 0 1 1 2 4 2 2 2 0 0 0 3 0 3 1 3 3 1 0 2 3 4 0 1 3 2 1 0 2 0 4 3 4 2 1 1 4 1 3 3 1 0 0 3 3 0 0 4 2 1 4 3 0 3 0 4 0 2 3 0 1 2 2 2 0 4 3 1 0 1 4 1 0 4 2 0 0 0 0 0 0 0 0 0 0 
2 0 3 1 1 2 1 0 3 3 3 1 4 2 1 0 2 1 1 1 3 3 3 3 2 0 3 0 3 2 2 1 3 0 0 0 3 0 2 2 3 4 1 0 2 3 4 0 1 3 3 1 0 2 0 4 4 3 2 1 1 3 2 3 3 2 2 0 4 3 0 0 3 2 0 3 3 0 3 1 4 0 2 2 0 1 3 2 2 0 3 3 0 0 0 4 3 0 3 2 0 0 0 0 0 0 0 0 0 0 
#TS143
1 0 3 1 4 0 0 1 2 4 3 2 1 1 2 2 2 0 3 1 2 0 1 0 0 0 4 0 0 3 0 1 1 2 0 0 0 0 2 1 3 2 0 0 2 3 4 0 0 2 3 3 2 3 2 0 3 3 2 1 1 3 3 0 3 3 4 3 3 3 0 0 3 2 1 4 3 0 2 2 4 0 2 1 0 1 1 1 0 3 0 3 0 0 0 2 3 0 4 1 0 0 0 0 0 0 0 1 0 0 
2 0 3 2 4 0 0 1 2 4 3 2 1 1 2 2 2 1 2 2 2 0 1 0 0 0 3 0 0 4 0 2 2 1 0 1 1 0 2 2 3 3 0 0 2 3 4 0 0 1 3 3 1 3 2 0 3 3 2 1 1 4 3 0 3 3 4 2 3 3 0 0 4 3 2 3 3 0 0 2 4 0 4 2 0 1 3 1 0 3 0 3 0 0 0 2 4 0 4 1 0 0 0 0 0 0 0 1 0 0 
#TS144
1 0 3 1 1 3 1 0 2 3 3 2 2 2 2 0 2 2 3 1 1 3 3 2 3 3 3 3 3 2 2 0 0 0 0 1 0 0 3 1 3 3 1 0 2 3 4 0 1 1 3 2 4 3 0 4 3 3 2 1 1 4 3 0 3 2 4 3 3 3 0 0 3 2 0 4 3 0 3 1 4 0 2 3 0 1 2 2 3 0 4 3 0 0 0 4 4 0 4 1 0 0 0 0 0 0 0 0 0 0 
1 0 3 1 1 2 1 1 2 3 3 1 2 1 2 0 3 2 3 1 2 3 3 2 3 2 3 3 3 2 2 0 0 0 0 1 0 0 3 1 2 2 1 0 2 3 4 0 1 1 3 1 4 3 0 4 3 3 2 1 1 4 2 0 3 2 4 3 2 3 0 0 4 2 1 4 3 0 3 0 4 0 2 4 0 1 1 1 2 0 3 3 0 0 0 4 3 1 4 1 0 0 0 0 0 0 0 0 0 0 
#TS145
3 0 3 2 1 2 1 0 2 3 3 2 2 2 1 0 3 0 3 0 2 3 3 3 4 0 1 0 3 2 2 0 1 0 0 0 2 0 3 3 4 3 1 0 2 3 4 0 1 2 3 2 4 3 0 4 3 2 2 1 1 4 3 0 3 2 4 3 3 3 0 0 3 2 0 3 3 0 2 1 4 0 3 2 0 2 1 2 2 0 3 3 0 0 0 4 3 0 4 1 0 0 0 0 0 0 0 0 0 0 
2 0 3 2 1 2 1 0 3 3 3 2 2 2 2 0 2 1 3 1 2 2 3 3 3 1 2 1 3 2 2 0 1 0 0 1 1 0 3 1 3 3 1 0 2 2 4 0 1 1 3 2 4 4 0 4 3 3 2 1 1 3 3 0 3 2 4 3 3 3 0 0 3 2 0 4 3 0 3 1 4 0 2 2 0 1 1 1 1 0 3 3 0 0 0 4 2 0 4 1 0 0 0 0 0 0 0 0 0 0 
#TS146
2 0 3 3 0 0 1 0 2 4 1 1 1 1 1 1 0 0 0 2 2 3 0 2 3 2 1 3 0 3 1 3 2 1 0 0 4 4 2 3 1 3 2 0 2 3 1 3 1 1 1 3 0 3 0 2 0 3 2 1 1 0 3 0 0 3 4 0 3 3 0 0 0 1 4 4 3 2 3 3 2 0 4 2 3 1 1 3 0 2 1 3 0 0 0 3 4 0 4 1 0 0 0 0 0 0 1 0 0 0 
3 0 3 3 0 0 1 0 2 4 2 1 2 1 2 1 0 0 0 1 2 3 0 2 3 1 1 2 0 3 0 3 3 1 0 0 4 4 2 3 1 3 1 0 2 2 2 3 1 1 1 3 1 2 0 3 0 4 2 1 1 0 3 0 0 3 4 1 3 3 0 0 0 2 4 3 3 3 3 4 2 0 4 2 3 1 1 3 0 3 2 3 1 1 0 4 3 0 3 2 0 0 0 0 0 0 0 0 0 0 
#TS147
2 0 3 2 1 3 1 0 2 3 3 2 2 2 2 0 3 1 3 1 2 4 3 2 3 1 1 3 3 2 2 0 1 0 0 0 2 0 3 0 3 3 1 0 2 3 4 0 1 1 2 2 4 3 0 4 3 3 2 1 1 3 3 0 3 2 4 3 3 3 0 0 3 2 0 4 3 0 3 0 4 0 2 2 0 1 1 1 2 0 4 3 0 0 0 4 3 0 3 1 0 0 0 0 0 0 0 0 0 0 
1 0 3 1 1 3 1 1 2 3 3 2 2 2 2 0 2 1 3 1 1 3 3 3 3 1 3 3 4 2 2 0 1 0 0 0 1 0 3 0 3 3 1 0 2 3 4 0 1 1 3 2 4 3 0 4 3 3 2 1 1 4 3 0 3 2 4 3 3 3 0 0 3 2 0 4 3 0 3 1 4 0 2 2 0 1 1 1 2 0 4 3 0 0 0 4 4 0 4 1 0 0 0 0 0 0 0 0 0 0 
#TS148
1 0 3 1 1 3 0 1 1 3 2 2 2 1 2 1 2 2 2 1 1 3 3 3 3 2 3 4 0 2 2 0 1 0 0 2 0 0 2 1 3 1 1 0 2 3 4 0 1 1 4 2 1 1 0 4 3 3 2 1 0 1 3 0 4 2 4 3 3 3 0 0 3 2 0 3 3 0 3 0 4 0 1 1 1 2 1 1 3 0 4 0 0 0 0 4 3 0 4 1 0 0 0 0 0 0 0 0 1 0 
1 0 4 1 1 3 0 1 0 3 1 2 2 1 2 2 3 2 2 1 2 3 3 2 3 2 3 3 0 3 1 1 2 0 0 1 0 0 2 1 3 0 2 0 2 3 4 0 2 1 3 2 0 1 0 4 4 3 2 2 0 0 3 0 3 2 4 3 3 3 0 0 4 2 0 3 3 0 3 0 4 0 0 2 2 2 3 3 3 0 4 0 0 0 0 4 4 0 3 2 0 0 0 0 0 0 0 0 1 0 
#TS149
1 2 3 1 1 3 1 3 1 4 2 2 2 2 2 0 2 2 3 3 2 3 3 1 3 2 2 3 0 2 1 0 0 0 0 1 0 0 3 0 3 3 1 0 2 3 3 0 1 1 3 3 2 2 3 4 2 3 2 1 1 0 4 0 3 2 4 3 3 3 0 1 3 1 3 4 3 0 3 1 4 0 2 2 0 2 1 1 3 0 4 3 0 0 0 4 3 0 4 1 0 1 0 0 0 0 0 0 0 0 
1 3 3 1 2 4 1 4 0 4 3 2 3 3 2 0 2 2 3 2 2 3 3 2 3 2 3 3 0 3 1 1 1 1 0 2 0 0 3 1 3 3 1 0 2 2 4 1 1 1 3 4 2 2 4 3 4 3 2 1 0 1 3 0 3 2 4 3 3 3 0 3 4 2 4 4 3 0 3 1 4 0 2 3 0 3 1 1 3 0 4 3 0 0 0 4 3 0 4 1 0 1 0 0 0 0 0 0 0 0 
#TS150
1 0 3 1 3 1 0 1 2 4 3 2 1 2 2 0 3 1 3 1 2 0 3 0 1 0 3 3 3 2 0 0 1 0 0 2 0 0 3 1 3 3 1 0 2 3 4 0 1 1 3 4 4 3 2 1 4 3 2 1 1 4 4 0 3 3 4 3 3 3 0 0 4 3 2 4 3 0 0 1 4 0 2 2 0 1 3 0 1 3 1 3 0 0 0 2 3 0 4 1 0 0 0 0 0 0 0 1 0 0 
1 0 3 2 4 1 0 1 2 4 3 2 1 2 2 1 2 1 3 2 1 0 2 0 0 0 3 3 3 2 0 0 1 1 0 1 0 0 3 2 3 3 0 0 2 3 3 0 1 1 3 3 4 3 3 1 3 3 2 1 1 4 3 0 3 3 4 3 3 4 0 0 3 3 2 4 3 0 0 1 4 0 2 2 0 1 3 1 0 3 0 2 0 0 0 1 3 0 4 1 0 0 0 0 0 0 0 1 0 0 
#TS151
4 0 3 4 1 0 1 0 1 3 2 0 3 3 2 0 4 0 0 1 4 3 3 0 0 0 0 3 0 3 2 3 2 0 2 0 1 3 0 3 0 3 1 0 1 1 4 0 1 2 3 2 0 2 0 4 3 3 3 3 0 1 3 0 3 3 2 0 3 3 0 0 4 0 0 4 0 0 3 1 4 0 0 2 0 0 1 3 0 2 0 3 0 0 0 4 4 4 4 0 0 0 1 0 0 0 0 0 0 0 
4 0 3 4 1 0 1 0 0 2 2 0 4 3 2 0 3 0 0 0 2 2 3 0 0 0 0 3 0 4 2 4 2 0 1 0 1 3 0 4 0 3 1 0 2 0 2 0 1 1 3 1 0 1 0 4 4 3 2 4 1 0 3 1 3 0 1 0 3 3 0 0 3 1 0 4 0 0 3 1 4 0 0 2 0 1 1 4 0 2 0 3 0 0 0 4 3 4 4 0 0 0 1 0 0 0 0 0 0 0 
#TS152
1 0 3 1 1 3 1 1 2 3 3 2 2 2 2 0 2 2 3 1 2 3 3 2 3 2 3 3 3 2 2 0 0 0 0 2 0 0 3 1 3 3 1 0 2 3 4 0 1 1 3 2 4 3 0 4 3 3 2 1 1 4 3 0 3 2 4 3 3 3 0 0 3 2 0 4 3 0 3 1 4 0 2 2 0 1 1 1 3 0 4 3 0 0 0 4 3 0 4 1 0 0 0 0 0 0 0 0 1 0 
1 0 3 1 1 3 0 1 1 3 2 2 2 1 2 1 2 2 2 1 1 3 3 3 3 2 3 4 0 2 2 0 1 0 0 2 0 0 2 1 3 1 1 0 2 3 4 0 1 1 4 2 1 1 0 4 3 3 2 1 0 1 3 0 4 2 4 3 3 3 0 0 3 2 0 3 3 0 3 0 4 0 1 1 1 2 1 1 3 0 4 0 0 0 0 4 3 0 4 1 0 0 0 0 0 0 0 0 1 0 
#TS153
2 0 4 3 0 2 1 0 3 3 3 2 2 2 2 0 3 0 3 0 2 4 3 2 3 2 2 3 3 2 2 0 0 0 0 0 1 0 1 2 3 3 1 0 2 1 4 0 1 1 3 2 4 3 0 4 3 3 2 1 1 2 3 0 3 2 4 3 2 3 0 0 3 2 0 4 3 0 2 1 4 0 2 2 0 1 1 3 1 0 2 3 0 0 0 4 3 0 4 1 0 0 0 0 0 0 0 0 0 0 
3 0 3 2 1 2 1 0 2 4 3 2 2 2 2 0 3 1 3 0 2 4 3 2 4 2 2 3 3 2 3 0 0 0 0 1 1 0 2 2 3 3 2 0 2 2 4 0 1 1 3 1 4 3 0 4 3 3 2 1 1 2 3 0 4 2 4 3 3 3 0 0 3 2 1 4 3 0 3 2 4 0 2 3 0 1 1 1 1 0 3 3 0 1 0 4 2 1 4 1 0 0 0 0 0 0 0 0 0 0 
#TS154
3 0 3 3 1 0 1 0 1 3 1 1 4 3 2 0 2 0 1 1 3 3 3 0 1 1 0 4 0 3 2 3 1 0 1 0 1 3 0 3 0 3 2 0 2 0 4 0 1 2 4 2 0 2 0 4 3 3 3 1 1 1 3 0 3 2 4 0 3 3 0 0 3 0 0 3 0 0 3 1 3 0 1 2 0 0 0 3 0 2 0 3 0 0 0 4 3 4 4 0 0 0 1 0 0 0 0 0 0 0 
4 0 3 4 1 0 1 0 1 3 2 0 3 3 2 0 4 0 0 1 4 3 3 0 0 0 0 3 0 3 2 3 2 0 2 0 1 3 0 3 0 3 1 0 1 1 4 0 1 2 3 2 0 2 0 4 3 3 3 3 0 1 3 0 3 3 2 0 3 3 0 0 4 0 0 4 0 0 3 1 4 0 0 2 0 0 1 3 0 2 0 3 0 0 0 4 4 4 4 0 0 0 1 0 0 0 0 0 0 0 
#TS155
2 0 3 1 1 2 1 0 4 3 3 2 0 1 1 0 3 0 1 1 2 2 3 1 3 3 2 3 3 3 2 1 3 0 0 0 2 0 1 3 3 3 1 0 2 0 4 0 0 3 0 2 0 2 0 4 3 3 2 1 1 2 3 0 3 2 4 0 3 3 0 0 4 0 0 4 3 0 3 1 4 0 3 2 0 1 1 2 1 0 2 3 0 0 0 4 3 1 4 1 0 0 0 0 0 0 0 0 0 0 
1 0 3 2 1 2 1 0 3 3 3 1 1 1 0 0 3 0 2 0 2 4 3 2 3 2 1 3 3 3 2 0 3 0 0 0 2 0 1 3 3 3 1 0 2 1 4 0 0 3 0 2 1 3 0 4 3 3 1 1 0 1 3 0 3 2 4 0 3 3 0 0 3 2 0 3 3 0 3 1 4 0 2 2 0 1 1 1 0 0 3 3 0 0 0 4 3 0 4 1 0 0 0 0 0 0 0 0 0 0 
#TS156
3 0 3 2 1 2 0 0 4 3 2 2 2 2 0 3 1 0 0 0 2 3 2 3 3 1 2 3 2 3 1 1 3 1 0 0 3 3 0 4 0 3 1 0 2 2 3 1 1 2 2 1 1 2 0 4 0 3 2 1 2 1 3 0 3 3 4 0 3 3 0 0 3 2 0 4 3 2 2 3 4 0 3 2 0 1 2 2 0 3 2 3 1 1 0 4 3 0 4 2 0 0 0 0 0 0 0 0 0 0 
2 0 3 2 1 2 1 1 3 3 2 2 2 2 0 1 2 0 1 0 2 3 3 2 3 1 3 3 3 2 0 1 3 0 0 0 2 3 0 3 1 3 1 0 2 0 4 1 0 2 2 1 1 2 0 4 1 3 3 1 2 1 3 0 3 3 4 0 3 3 0 0 3 2 0 4 2 2 3 2 4 0 2 3 0 2 2 2 0 1 3 4 2 1 0 4 3 0 4 2 0 0 0 0 0 0 0 0 0 0 
#TS157
1 0 3 1 1 3 1 1 2 3 3 2 2 2 2 0 2 2 3 1 2 3 3 2 3 2 3 3 3 2 2 0 0 0 0 2 0 0 3 1 3 3 1 0 2 3 4 0 1 1 3 2 4 3 0 4 3 3 2 1 1 4 3 0 3 2 4 3 3 3 0 0 3 2 0 4 3 0 3 1 4 0 2 2 0 1 1 1 3 0 4 3 0 0 0 4 3 0 4 1 0 0 0 0 0 0 0 1 0 0 
1 0 3 2 1 1 0 1 2 4 3 2 1 2 2 0 2 2 3 2 2 0 3 0 4 1 2 3 3 2 1 0 0 0 0 3 0 0 3 1 3 3 1 0 2 3 4 0 1 1 3 3 4 3 1 2 3 2 2 1 0 4 3 0 4 3 4 2 3 3 0 0 3 2 1 4 3 0 1 0 4 0 2 3 0 1 3 0 2 2 3 3 0 1 0 2 4 0 4 1 0 0 0 0 0 0 0 1 0 0 
#TS158
1 0 3 1 1 3 1 1 2 3 3 0 2 2 0 1 3 1 2 0 2 3 3 3 2 0 3 0 3 3 1 0 3 3 0 0 2 0 3 2 3 3 1 0 2 3 4 0 1 3 3 2 1 3 2 2 3 2 2 1 1 4 2 1 3 1 2 0 3 4 0 0 4 2 0 4 3 0 3 1 4 0 2 3 0 1 3 2 1 0 4 3 0 0 0 4 2 0 4 1 0 0 0 0 0 0 0 0 0 0 
3 0 3 1 1 2 1 1 2 3 3 1 2 3 1 1 2 1 3 0 2 4 3 3 3 0 3 0 3 2 0 0 2 3 0 0 2 0 4 2 3 3 1 0 2 3 2 0 2 3 3 2 2 3 2 1 3 3 2 1 1 4 3 1 3 2 4 0 3 3 0 0 3 2 0 4 3 0 3 1 4 0 2 2 0 1 1 2 2 0 4 3 0 0 0 4 2 0 4 1 0 0 0 0 0 0 0 0 0 0 
#TS159
2 0 3 2 1 2 1 0 2 3 1 1 3 2 1 0 3 0 2 0 2 3 3 2 4 0 2 0 3 1 2 0 3 0 1 0 3 3 0 4 1 3 1 0 2 1 4 1 1 2 3 1 2 3 0 4 3 3 2 1 1 1 3 2 3 2 4 0 3 3 0 0 3 2 0 4 3 1 2 1 4 0 2 2 0 2 2 2 1 2 2 4 0 1 0 4 2 0 4 3 0 0 0 0 0 0 0 0 0 0 
2 0 3 2 1 2 1 1 2 3 3 1 2 2 1 0 3 0 3 0 2 2 3 3 3 0 3 0 3 2 2 0 1 0 0 0 2 2 1 3 1 3 1 0 2 0 4 1 1 1 3 2 3 3 0 4 3 3 2 1 1 1 3 1 3 2 4 1 3 3 0 0 3 2 0 3 3 0 2 1 4 0 2 2 0 1 2 2 1 1 2 3 1 0 0 4 3 0 4 2 0 0 0 0 0 0 0 0 0 0 
#TS160
1 0 3 1 1 1 1 4 1 3 3 2 2 0 1 0 3 1 2 2 2 3 3 1 2 3 2 3 2 3 1 0 3 0 0 1 1 0 3 1 3 3 1 0 2 3 4 0 1 2 3 2 1 3 0 4 3 3 1 0 1 1 4 0 4 3 4 1 1 3 0 0 3 2 4 4 3 0 3 2 4 1 1 2 0 1 1 2 0 0 3 3 0 0 0 4 3 0 4 1 0 0 0 0 0 0 0 0 0 1 
2 0 4 1 1 1 1 4 2 2 3 2 2 0 2 0 3 1 3 2 2 4 3 1 2 3 3 3 2 2 2 0 3 0 0 0 2 0 3 0 3 3 1 0 2 3 4 0 1 3 3 2 1 3 0 4 3 3 1 0 1 1 3 0 4 3 4 0 0 4 0 0 3 1 4 4 3 0 3 1 4 2 1 2 0 1 1 2 0 0 3 3 0 0 0 4 3 0 4 1 0 0 0 0 0 0 0 0 0 1 
#TS161
1 0 3 1 3 3 1 1 0 4 2 1 4 4 2 1 2 2 2 1 2 3 3 1 2 1 1 3 0 4 3 3 3 0 0 0 1 0 3 1 3 3 0 0 2 3 4 0 1 2 3 4 0 3 0 4 3 4 4 1 1 4 3 0 3 3 4 1 3 3 0 0 2 2 4 4 3 0 1 0 4 0 0 2 0 1 1 1 3 0 4 3 3 0 4 4 1 1 4 1 0 0 0 1 0 0 0 0 0 0 
1 0 3 1 2 3 1 1 0 4 2 0 3 3 2 1 2 2 1 2 2 3 2 1 1 1 1 3 0 3 3 3 3 0 0 0 2 0 3 0 3 3 0 0 2 3 4 0 1 2 3 4 0 2 0 4 3 4 4 1 1 4 3 0 3 3 2 0 3 3 0 0 3 3 4 4 3 0 2 0 4 0 1 2 0 1 1 1 4 0 4 3 3 0 4 4 0 1 3 1 0 0 0 1 0 0 0 0 0 0 
#TS162
2 4 2 4 1 0 1 2 2 3 3 4 3 1 2 0 3 1 3 1 2 3 2 2 2 3 2 3 0 3 2 1 1 0 1 1 0 0 2 3 2 3 0 0 2 2 2 0 2 1 3 2 4 4 0 4 0 3 2 0 1 4 3 0 4 2 4 3 4 3 0 0 3 2 0 3 3 2 3 1 4 0 4 4 4 0 0 0 0 4 1 2 3 1 2 4 3 4 4 1 1 0 0 0 0 0 0 0 0 0 
1 3 3 4 1 0 1 3 2 3 3 3 2 1 2 0 3 1 1 2 2 3 2 2 2 4 1 3 0 3 2 2 1 0 2 1 1 0 2 2 3 3 0 0 2 2 4 0 2 1 3 2 2 3 0 4 0 3 2 0 1 2 3 0 3 2 4 3 3 3 0 0 3 2 0 4 3 3 3 2 4 0 3 2 4 0 0 0 0 4 2 3 3 0 1 4 4 3 4 1 1 0 0 0 0 0 0 0 0 0 
#TS163
1 0 4 3 0 0 1 0 2 3 2 2 1 2 1 1 0 0 2 2 2 3 0 2 3 2 1 3 0 4 0 2 1 1 0 0 4 4 3 3 2 3 1 0 2 3 3 3 1 1 3 4 2 2 1 3 0 3 2 1 0 0 3 0 0 3 4 2 3 3 0 0 1 2 3 4 3 1 3 3 2 0 3 2 3 0 1 3 0 2 1 3 0 0 0 3 4 0 4 1 0 0 0 0 0 0 1 0 0 0 
2 0 3 2 0 1 1 0 2 4 1 2 1 1 2 2 0 0 0 1 2 4 0 2 3 2 1 3 0 4 0 2 2 1 1 0 4 4 3 4 1 3 1 0 2 3 1 2 0 1 2 2 1 2 1 4 0 3 2 1 0 0 3 0 0 2 4 1 3 4 0 0 0 3 4 3 3 1 3 4 3 0 3 4 4 1 1 2 0 3 1 3 0 0 0 4 3 0 4 1 0 0 0 0 0 0 1 0 0 0 
#TS164
1 4 3 1 1 3 1 4 0 2 0 0 4 3 2 1 2 2 2 2 2 3 3 2 3 1 3 3 0 3 1 4 4 2 0 1 0 0 2 1 3 3 0 0 2 3 4 2 1 1 2 2 0 1 4 2 3 2 2 1 1 0 3 0 3 2 4 1 2 3 0 2 4 2 3 3 3 0 3 1 4 0 3 2 0 3 3 2 3 0 4 3 0 0 0 4 3 0 4 2 0 1 0 0 0 0 0 0 0 0 
1 3 3 1 1 3 1 4 0 1 0 0 4 4 2 2 2 2 1 3 2 3 3 2 3 0 3 3 0 3 1 4 4 3 0 1 2 1 2 2 3 3 0 0 2 3 3 2 1 1 3 2 0 0 4 1 3 3 1 1 1 0 3 0 3 2 2 0 2 3 0 2 4 3 3 4 3 0 4 1 4 0 2 2 0 4 3 3 3 1 3 3 0 0 0 4 3 0 2 3 0 1 0 0 0 0 0 0 0 0 
#TS165
2 0 3 1 1 1 1 4 2 2 3 2 2 0 2 0 3 1 2 1 2 3 3 1 2 2 2 3 2 2 1 0 3 0 0 0 2 0 2 1 3 3 1 0 2 3 4 0 1 3 3 2 1 4 0 4 4 3 2 0 1 0 3 0 3 3 4 0 0 3 0 0 2 2 4 4 3 0 3 1 4 2 0 2 0 0 1 3 0 0 3 3 0 0 0 4 4 0 4 1 0 0 0 0 0 0 0 0 0 1 
1 0 3 2 1 1 1 4 2 2 3 2 2 0 1 0 3 1 2 2 2 3 3 1 1 2 2 3 1 3 1 0 3 0 0 0 2 0 3 1 4 3 1 0 2 3 4 0 1 2 3 2 1 3 0 4 4 3 2 0 1 1 3 0 4 3 4 0 0 3 0 0 3 3 4 3 3 0 3 1 4 2 0 2 0 0 1 2 0 0 3 4 0 0 0 4 4 0 4 1 0 0 0 0 0 0 0 0 0 1 
#TS166
2 0 3 2 1 2 1 1 3 3 2 2 2 2 0 1 2 0 1 0 2 3 3 2 3 1 3 3 3 2 0 1 3 0 0 0 2 3 0 3 1 3 1 0 2 0 4 1 0 2 2 1 1 2 0 4 1 3 3 1 2 1 3 0 3 3 4 0 3 3 0 0 3 2 0 4 2 2 3 2 4 0 2 3 0 2 2 2 0 1 3 4 2 1 0 4 3 0 4 2 0 0 0 0 0 0 0 0 0 0 
3 0 3 2 1 2 1 0 3 4 2 2 2 1 1 1 2 0 3 0 2 3 3 2 3 1 3 3 3 2 1 0 3 0 0 0 2 1 0 3 0 3 1 0 2 0 4 1 1 1 3 1 2 3 0 4 2 3 2 1 3 1 2 0 3 2 4 0 3 4 0 0 4 2 0 3 2 1 2 2 4 0 2 3 0 1 2 2 0 2 2 3 2 1 0 4 3 0 3 1 0 0 0 0 0 0 0 0 0 0 
#TS167
1 0 3 2 1 2 1 0 2 2 3 2 2 1 2 2 2 2 3 0 2 3 3 2 3 2 4 3 3 2 0 0 1 0 0 1 0 0 4 1 3 2 2 0 2 3 2 0 1 1 3 2 4 3 0 4 3 3 2 1 1 4 4 0 3 2 4 3 3 3 0 0 4 2 0 4 3 0 3 1 4 0 3 2 0 1 1 1 1 0 4 3 0 0 0 4 3 0 4 1 0 0 0 0 0 0 0 0 0 0 
1 0 3 1 1 2 1 1 2 3 3 2 2 2 2 1 3 2 3 1 2 3 3 2 3 2 4 3 3 2 1 0 0 0 0 1 0 0 3 0 3 3 3 0 2 3 4 0 1 2 3 2 4 3 0 4 3 3 2 1 1 4 3 0 3 2 4 3 3 4 0 0 3 2 1 4 3 0 3 1 4 0 2 2 0 0 1 1 1 0 3 3 0 0 0 4 4 0 4 1 0 0 0 0 0 0 0 0 0 0 
#TS168
1 0 3 1 1 3 1 1 2 3 3 2 2 2 2 0 2 2 3 1 2 3 3 2 3 2 3 3 3 2 2 0 0 0 0 2 0 0 3 1 3 3 1 0 2 3 4 0 1 1 3 2 4 3 0 4 3 3 2 1 1 4 3 0 3 2 4 3 3 3 0 0 3 2 0 4 3 0 3 1 4 0 2 2 0 1 1 1 3 0 4 3 0 0 0 4 3 0 4 1 0 0 0 0 0 0 0 0 0 0 
1 0 3 1 1 3 1 1 2 3 3 2 2 2 2 0 2 2 3 1 2 3 3 2 3 2 3 3 3 2 2 0 0 0 0 2 0 0 3 1 3 3 1 0 2 3 4 0 1 1 3 2 4 3 0 4 3 3 2 1 1 4 3 0 3 2 4 3 3 3 0 0 3 2 0 4 3 0 3 1 4 0 2 2 0 1 1 1 3 0 4 3 0 0 0 4 3 0 4 1 0 0 0 0 0 0 0 0 0 0 
#TS169
1 0 3 1 1 2 1 1 2 4 3 2 2 2 2 2 2 2 3 1 2 3 3 3 3 2 3 3 3 2 0 0 0 1 0 0 1 0 3 1 4 3 1 0 2 3 4 0 1 1 3 2 4 3 0 3 3 3 2 1 1 3 2 0 3 1 4 3 3 3 0 0 2 2 0 4 3 0 3 1 3 0 2 2 0 1 1 2 1 0 4 3 0 0 0 4 4 0 4 1 0 0 0 0 0 0 0 0 0 0 
1 0 3 2 1 2 1 0 2 2 3 2 2 1 2 2 2 2 3 0 2 3 3 2 3 2 4 3 3 2 0 0 1 0 0 1 0 0 4 1 3 2 2 0 2 3 2 0 1 1 3 2 4 3 0 4 3 3 2 1 1 4 4 0 3 2 4 3 3 3 0 0 4 2 0 4 3 0 3 1 4 0 3 2 0 1 1 1 1 0 4 3 0 0 0 4 3 0 4 1 0 0 0 0 0 0 0 0 0 0 
#TS170
1 0 3 1 1 2 1 1 2 3 3 2 2 2 2 1 3 2 3 1 2 3 3 2 3 2 4 3 3 2 1 0 0 0 0 1 0 0 3 0 3 3 3 0 2 3 4 0 1 2 3 2 4 3 0 4 3 3 2 1 1 4 3 0 3 2 4 3 3 4 0 0 3 2 1 4 3 0 3 1 4 0 2 2 0 0 1 1 1 0 3 3 0 0 0 4 4 0 4 1 0 0 0 0 0 0 0 0 0 0 
1 0 2 2 1 3 1 1 2 3 3 2 3 2 2 0 2 2 3 1 2 3 3 2 3 2 4 3 4 2 1 0 0 0 0 2 0 0 4 1 3 3 1 0 2 3 3 0 1 1 3 2 4 3 0 4 4 3 2 1 1 4 4 0 3 2 4 3 3 3 0 0 3 2 1 4 3 0 3 2 4 0 2 2 0 1 1 2 2 0 4 3 0 0 0 4 4 1 4 1 0 0 0 0 0 0 0 0 0 0 
#TS171
1 0 3 2 1 2 1 0 2 4 3 2 2 2 2 0 3 1 3 0 2 3 3 2 2 2 3 3 3 2 2 0 0 0 0 0 1 0 4 1 3 3 1 0 2 3 4 0 1 1 3 2 4 3 0 4 4 3 2 1 0 2 3 0 3 2 4 3 3 3 0 0 3 2 0 3 3 0 3 0 4 0 2 3 0 1 1 2 1 0 4 3 0 0 0 4 2 0 4 1 0 0 0 0 0 0 0 0 0 0 
1 0 3 1 1 3 1 1 1 3 3 2 2 2 2 0 2 1 3 1 2 3 3 2 3 2 3 3 3 2 2 0 0 0 0 0 1 0 4 0 3 3 1 0 2 3 3 0 2 1 3 2 4 3 0 4 3 3 2 1 1 4 4 0 2 2 4 3 2 3 0 0 3 2 1 3 3 0 3 2 4 0 3 3 0 1 1 2 0 0 4 3 0 0 0 3 2 0 4 0 0 0 0 0 0 0 0 0 0 0 
#TS172
0 2 3 0 3 0 1 3 3 4 3 2 2 2 3 1 2 1 3 4 2 3 3 0 1 0 3 2 3 2 0 0 0 2 0 1 0 0 3 1 3 3 0 0 2 3 4 0 1 2 4 1 1 3 1 4 4 3 4 0 1 4 3 0 3 2 4 3 2 3 0 1 3 2 1 4 3 0 1 1 4 0 2 1 0 1 0 3 0 0 4 3 0 0 0 4 2 0 4 1 0 0 0 0 0 1 0 0 0 0 
0 2 3 0 1 0 1 2 2 4 3 2 2 2 4 3 3 1 3 4 2 2 3 0 0 0 4 1 2 1 0 0 0 3 0 1 0 0 3 1 3 3 0 0 2 3 3 0 1 3 3 1 2 3 1 4 4 3 4 0 1 4 3 0 4 2 4 3 2 3 0 0 3 2 1 4 3 0 1 1 4 0 2 2 0 0 0 3 0 0 4 4 0 0 0 4 3 0 4 1 0 0 0 0 0 1 0 0 0 0 
#TS173
1 0 3 2 1 3 0 1 0 2 1 0 4 2 2 3 3 2 0 1 2 3 3 2 3 1 2 3 0 2 1 3 3 1 0 1 2 0 3 1 4 0 1 0 2 3 4 2 2 2 3 1 0 0 0 3 3 3 2 1 0 0 4 1 4 1 1 1 3 3 0 0 4 3 1 4 3 0 3 0 4 0 0 2 2 4 4 3 2 0 3 0 0 0 0 4 4 0 0 3 0 0 0 0 0 0 0 0 1 0 
1 0 3 1 1 3 0 1 0 1 1 0 4 2 2 3 2 2 0 1 2 3 3 2 3 0 3 2 0 3 2 3 3 1 2 0 1 1 3 2 3 0 2 0 2 3 4 2 2 1 3 1 0 0 0 4 3 3 3 1 0 0 3 2 3 0 0 2 3 3 0 0 3 2 0 4 3 1 2 0 2 0 0 3 4 3 4 3 2 1 4 0 0 0 0 4 4 0 0 3 0 0 0 0 0 0 0 0 1 0 
#TS174
1 0 3 1 1 3 1 1 2 3 3 2 2 2 2 0 2 2 3 1 2 3 3 2 3 2 3 3 3 2 2 0 0 0 0 2 0 0 3 1 3 3 1 0 2 3 4 0 1 1 3 2 4 3 0 4 3 3 2 1 1 4 3 0 3 2 4 3 3 3 0 0 3 2 0 4 3 0 3 1 4 0 2 2 0 1 1 1 3 0 4 3 0 0 0 4 3 0 4 1 0 0 0 0 0 0 1 0 0 0 
1 0 3 2 0 1 1 1 2 3 3 2 2 1 2 0 2 2 3 2 2 3 1 2 3 2 3 3 3 2 2 0 0 0 0 1 3 2 3 2 4 3 1 0 2 3 4 2 1 1 3 3 4 3 0 4 2 3 2 1 1 1 3 0 1 3 4 3 2 3 0 0 0 2 3 4 3 0 3 1 4 0 2 3 3 1 1 1 3 0 4 3 0 0 0 3 3 1 4 1 0 0 0 0 0 0 1 0 0 0 
#TS175
1 3 4 4 1 0 1 2 2 3 3 2 2 1 1 0 3 0 1 1 2 3 3 1 2 4 1 4 0 4 3 2 2 0 2 0 1 0 2 3 3 3 0 0 2 2 4 0 3 1 3 2 1 3 0 4 0 3 1 0 1 2 3 0 3 2 4 2 3 3 0 0 3 2 0 4 3 4 2 2 4 0 4 2 4 0 0 0 0 2 1 3 3 1 1 4 3 4 4 1 1 0 0 0 0 0 0 0 0 0 
3 4 4 3 1 0 1 1 1 4 3 3 2 1 2 0 3 0 1 0 2 4 3 1 2 3 1 4 0 4 2 2 3 0 1 0 2 0 3 3 3 3 0 0 2 3 4 0 2 2 3 2 1 3 0 4 0 3 1 0 1 1 3 0 3 2 4 1 3 3 0 0 3 2 0 4 3 4 3 1 4 0 4 2 3 0 0 0 0 3 2 3 3 1 1 4 3 3 4 1 1 0 0 0 0 0 0 0 0 0 
#TS176
1 0 3 2 1 2 0 1 0 1 0 0 4 1 2 4 2 0 0 0 2 3 3 3 4 0 2 0 0 2 1 3 4 1 2 0 2 2 3 4 1 0 1 0 0 3 1 3 2 1 2 0 0 0 1 4 3 3 2 2 0 0 3 3 4 1 0 1 3 3 0 0 2 2 0 4 3 2 3 0 0 0 0 3 3 4 4 4 1 1 2 0 0 0 0 4 2 0 0 3 0 0 0 0 0 0 0 0 1 0 
1 0 4 2 1 2 0 0 0 1 0 0 4 2 2 3 3 0 0 0 2 3 3 3 4 0 1 0 0 2 1 3 3 1 3 0 3 2 2 3 1 0 1 0 2 3 2 3 2 1 3 0 0 0 0 4 3 2 2 1 0 0 3 3 4 2 0 1 3 4 0 0 3 1 0 4 3 2 3 0 0 0 0 3 3 4 4 4 1 2 3 0 2 1 0 4 2 0 0 3 0 0 0 0 0 0 0 0 0 0 
#TS177
2 2 3 2 1 1 1 1 2 3 3 1 2 2 0 0 4 0 0 0 2 3 3 2 2 3 0 4 0 4 2 3 3 0 1 0 2 0 2 4 3 3 0 0 2 3 3 0 1 2 3 1 1 1 0 4 2 2 2 1 0 1 3 0 3 2 4 0 3 3 0 0 3 2 0 3 3 2 3 1 4 0 2 3 0 0 1 3 0 1 2 3 3 1 0 4 3 1 4 1 0 0 0 0 0 0 0 0 0 0 
3 0 3 1 1 1 1 1 2 3 3 2 3 2 2 0 2 0 0 0 2 3 3 2 3 2 0 3 2 3 2 2 2 0 0 0 3 0 3 2 3 3 0 0 2 3 4 0 1 2 3 1 1 2 0 4 3 3 2 1 1 2 3 0 3 2 4 0 3 3 0 0 3 2 1 4 3 1 3 1 4 0 3 2 0 1 2 3 0 0 3 3 2 1 0 4 2 1 4 1 0 0 0 0 0 0 0 0 0 0 
#TS178
3 0 3 2 1 2 1 0 2 3 3 1 2 2 2 0 3 1 3 0 2 3 3 2 3 2 2 2 3 2 3 0 0 0 0 0 1 0 1 3 3 3 1 0 2 1 4 0 1 1 3 2 4 3 0 4 3 3 2 1 0 1 2 0 3 3 4 3 3 3 0 0 2 2 0 4 3 0 3 1 4 0 2 3 0 1 1 2 1 1 2 3 0 0 0 4 3 0 4 1 0 0 0 0 0 0 0 0 0 0 
2 0 4 2 1 2 1 0 3 3 3 2 2 2 2 0 3 0 3 0 2 3 3 3 4 1 1 3 3 2 2 0 0 0 0 1 0 0 2 3 3 3 1 0 2 2 2 0 1 1 3 2 4 3 0 4 3 3 2 1 0 2 2 0 3 1 4 3 3 3 0 0 4 1 0 4 3 0 3 1 4 0 2 2 0 0 1 1 1 0 1 2 0 1 0 4 3 0 4 1 0 0 0 0 0 0 0 0 0 0 
#TS179
1 0 3 1 1 3 1 1 2 3 3 2 2 2 2 0 2 2 3 1 2 3 3 2 3 2 3 3 3 2 2 0 0 0 0 2 0 0 3 1 3 3 1 0 2 3 4 0 1 1 3 2 4 3 0 4 3 3 2 1 1 4 3 0 3 2 4 3 3 3 0 0 3 2 0 4 3 0 3 1 4 0 2 2 0 1 1 1 3 0 4 3 0 0 0 4 3 0 4 1 0 1 0 0 0 0 0 0 0 0 
1 2 3 1 1 3 1 3 1 4 2 2 2 2 2 0 2 2 3 3 2 3 3 1 3 2 2 3 0 2 1 0 0 0 0 1 0 0 3 0 3 3 1 0 2 3 3 0 1 1 3 3 2 2 3 4 2 3 2 1 1 0 4 0 3 2 4 3 3 3 0 1 3 1 3 4 3 0 3 1 4 0 2 2 0 2 1 1 3 0 4 3 0 0 0 4 3 0 4 1 0 1 0 0 0 0 0 0 0 0 
#TS180
3 0 3 1 1 2 0 0 2 3 3 2 2 1 2 0 2 1 3 0 2 3 3 2 2 2 1 3 3 2 2 0 1 0 0 0 2 0 3 2 3 3 2 0 2 3 2 0 1 3 3 2 4 3 0 4 4 2 2 1 0 3 3 0 3 2 4 2 3 2 0 0 3 2 0 4 3 0 3 0 4 0 2 2 0 1 1 2 1 0 4 3 0 0 0 4 3 0 4 1 0 0 0 0 0 0 0 0 0 0 
1 0 3 3 1 2 1 1 2 3 3 2 2 1 2 0 2 1 3 0 2 3 3 2 2 2 2 3 3 2 2 0 1 0 0 0 1 0 3 1 3 3 1 0 2 2 3 0 1 1 3 2 4 2 0 4 3 3 2 1 1 3 4 0 4 2 4 3 3 3 0 0 3 3 0 4 3 0 4 0 4 0 2 3 0 0 2 2 1 0 4 3 0 0 0 4 3 0 4 1 0 0 0 0 0 0 0 0 0 0 
#TS181
2 0 3 2 4 0 0 0 2 4 3 2 1 2 2 1 3 1 3 1 3 0 1 0 0 0 3 1 1 4 0 0 1 1 0 1 1 0 3 1 3 3 0 0 2 3 3 0 1 1 3 3 3 4 2 0 3 2 2 1 1 4 3 0 3 3 4 3 3 3 0 0 3 2 2 4 3 0 0 3 4 0 4 2 0 1 1 1 0 3 0 3 0 0 0 1 4 0 4 1 0 0 0 0 0 0 0 1 0 0 
1 0 3 1 4 0 0 1 2 4 3 2 1 1 2 2 2 0 3 1 2 0 1 0 0 0 4 0 0 3 0 1 1 2 0 0 0 0 2 1 3 2 0 0 2 3 4 0 0 2 3 3 2 3 2 0 3 3 2 1 1 3 3 0 3 3 4 3 3 3 0 0 3 2 1 4 3 0 2 2 4 0 2 1 0 1 1 1 0 3 0 3 0 0 0 2 3 0 4 1 0 0 0 0 0 0 0 1 0 0 
#TS182
3 0 3 2 1 2 1 0 3 4 2 2 2 1 1 1 2 0 3 0 2 3 3 2 3 1 3 3 3 2 1 0 3 0 0 0 2 1 0 3 0 3 1 0 2 0 4 1 1 1 3 1 2 3 0 4 2 3 2 1 3 1 2 0 3 2 4 0 3 4 0 0 4 2 0 3 2 1 2 2 4 0 2 3 0 1 2 2 0 2 2 3 2 1 0 4 3 0 3 1 0 0 0 0 0 0 0 0 0 0 
2 0 3 2 1 2 1 0 2 2 3 2 2 2 1 1 3 0 3 0 2 3 3 3 3 2 2 3 3 2 2 0 2 0 0 0 2 1 0 3 1 3 1 0 2 0 4 0 1 2 3 2 4 3 0 4 3 3 3 1 1 1 3 0 4 2 4 2 3 3 0 0 3 2 0 4 3 1 3 1 4 0 2 2 0 1 1 3 0 1 2 3 0 0 0 4 2 0 4 1 0 0 0 0 0 0 0 0 0 0 
#TS183
1 0 3 2 1 2 1 0 2 3 3 2 2 1 2 0 2 1 3 1 2 3 2 2 3 2 3 3 3 2 2 0 0 0 0 1 0 0 2 0 3 3 1 0 2 3 3 0 1 1 3 2 4 3 0 4 3 3 2 1 1 4 3 0 3 2 4 3 3 3 0 0 3 1 0 4 4 0 3 2 4 0 3 2 0 1 1 2 1 0 4 3 0 0 0 4 3 0 4 1 0 0 0 0 0 0 0 0 0 0 
1 0 3 1 1 3 1 1 1 3 4 2 2 1 2 0 3 2 3 1 2 3 3 2 3 2 3 3 3 2 2 0 0 0 0 1 0 0 3 1 3 3 1 0 2 3 4 0 1 2 3 2 4 3 0 4 3 3 2 1 1 4 4 0 3 2 4 3 3 4 0 0 4 2 0 4 3 0 3 1 4 0 2 2 0 1 1 1 3 0 3 3 0 0 0 4 3 0 4 1 0 0 0 0 0 0 0 0 0 0 
#TS184
1 0 3 2 1 2 1 0 3 3 3 1 1 1 0 0 3 0 2 0 2 4 3 2 3 2 1 3 3 3 2 0 3 0 0 0 2 0 1 3 3 3 1 0 2 1 4 0 0 3 0 2 1 3 0 4 3 3 1 1 0 1 3 0 3 2 4 0 3 3 0 0 3 2 0 3 3 0 3 1 4 0 2 2 0 1 1 1 0 0 3 3 0 0 0 4 3 0 4 1 0 0 0 0 0 0 0 0 0 0 
3 0 3 2 1 2 1 0 2 4 3 2 1 1 0 0 2 0 3 0 2 4 3 2 2 2 2 2 3 3 2 0 2 0 0 0 3 0 1 3 3 3 2 0 2 1 4 0 1 2 1 2 2 3 0 4 3 3 2 1 1 3 3 0 3 1 4 1 3 3 0 0 4 3 1 3 3 0 3 1 4 0 2 2 0 1 2 1 1 0 3 3 0 0 0 4 3 0 4 2 0 0 0 0 0 0 0 0 0 0 
#TS185
1 0 3 1 1 3 1 1 2 3 3 2 2 2 2 0 2 2 3 1 2 3 3 2 3 2 3 3 3 2 2 0 0 0 0 2 0 0 3 1 3 3 1 0 2 3 4 0 1 1 3 2 4 3 0 4 3 3 2 1 1 4 3 0 3 2 4 3 3 3 0 0 3 2 0 4 3 0 3 1 4 0 2 2 0 1 1 1 3 0 4 3 0 0 0 4 3 0 4 1 0 0 0 0 0 0 0 0 0 1 
1 0 3 1 1 2 1 4 2 3 3 2 2 0 2 0 2 2 3 2 2 3 3 2 3 1 3 3 2 2 1 0 0 0 0 3 0 0 4 1 4 3 2 0 2 3 4 0 1 1 3 2 2 3 0 4 3 3 2 0 1 2 3 0 3 3 4 3 1 3 0 0 4 2 2 4 3 0 3 2 4 1 0 2 0 1 1 1 3 0 4 3 0 0 0 4 4 0 4 1 0 0 0 0 0 0 0 0 0 1 
#TS186
1 4 3 1 1 3 1 4 0 3 0 1 4 2 2 1 1 2 2 3 1 3 3 2 3 2 3 2 0 4 1 2 2 1 0 2 0 0 3 1 3 3 1 0 2 3 4 1 1 1 2 2 0 1 4 2 3 2 2 0 1 0 3 0 3 2 4 2 2 3 0 2 3 2 3 4 3 0 2 1 4 0 2 1 0 3 3 2 3 0 4 3 0 0 0 4 2 1 4 2 0 1 0 0 0 0 0 0 0 0 
1 4 3 1 1 3 1 4 0 2 0 0 4 3 2 1 2 2 2 2 2 3 3 2 3 1 3 3 0 3 1 4 4 2 0 1 0 0 2 1 3 3 0 0 2 3 4 2 1 1 2 2 0 1 4 2 3 2 2 1 1 0 3 0 3 2 4 1 2 3 0 2 4 2 3 3 3 0 3 1 4 0 3 2 0 3 3 2 3 0 4 3 0 0 0 4 3 0 4 2 0 1 0 0 0 0 0 0 0 0 
#TS187
1 0 3 1 2 2 1 0 3 3 3 2 1 1 1 1 3 1 1 1 2 3 2 2 2 1 3 2 3 3 0 0 3 2 0 0 2 0 2 1 3 3 1 0 2 3 2 0 1 3 2 2 1 3 1 3 3 3 2 1 1 4 3 0 4 1 4 0 3 3 0 0 2 2 0 4 3 0 3 3 4 0 2 2 0 1 1 3 0 0 1 3 0 0 0 4 4 0 4 1 0 0 0 0 0 0 0 0 0 0 
1 0 3 1 2 2 1 0 3 3 3 1 1 1 1 2 4 2 2 1 1 3 2 2 3 1 3 2 3 2 0 0 3 1 0 0 2 0 3 1 3 3 1 0 2 3 4 0 1 2 3 1 2 3 0 3 3 2 2 1 1 4 3 0 3 2 4 0 3 3 0 0 3 2 0 4 3 0 3 2 4 0 2 2 0 1 1 1 0 0 2 3 0 0 0 4 3 0 4 1 0 0 0 0 0 0 0 0 0 0 
#TS188
1 0 3 1 1 3 1 0 2 3 3 2 2 2 2 1 3 2 3 1 1 3 3 2 4 2 3 3 4 2 2 0 1 0 0 0 1 0 3 1 3 3 1 0 2 3 2 0 1 1 4 2 4 3 0 4 3 3 2 1 1 4 3 0 3 2 3 3 3 3 0 0 3 1 0 4 4 0 4 1 4 0 2 2 0 1 1 3 2 0 4 4 0 0 0 4 3 0 4 1 0 0 0 0 0 0 0 0 0 0 
1 0 3 2 1 2 1 0 2 3 3 2 2 1 2 0 2 1 3 1 2 3 2 2 3 2 3 3 3 2 2 0 0 0 0 1 0 0 2 0 3 3 1 0 2 3 3 0 1 1 3 2 4 3 0 4 3 3 2 1 1 4 3 0 3 2 4 3 3 3 0 0 3 1 0 4 4 0 3 2 4 0 3 2 0 1 1 2 1 0 4 3 0 0 0 4 3 0 4 1 0 0 0 0 0 0 0 0 0 0 
#TS189
4 0 3 3 1 0 1 0 1 1 2 0 4 3 2 0 3 0 0 1 2 3 3 0 1 0 0 1 0 3 2 4 2 0 2 0 1 3 0 4 0 3 1 0 1 0 4 0 1 1 3 1 0 2 0 4 3 4 3 4 1 1 4 1 3 0 0 0 3 3 0 0 3 2 0 4 0 0 3 1 4 0 0 2 0 1 1 4 0 2 0 3 0 0 0 4 3 4 3 0 0 0 1 0 0 0 0 0 0 0 
4 0 4 3 0 0 1 0 0 2 1 0 3 3 2 0 3 0 0 0 2 3 3 0 2 0 1 1 0 3 2 3 2 0 1 0 1 3 0 4 0 3 1 0 2 0 4 0 1 4 3 1 0 2 0 4 3 3 3 4 1 2 3 2 2 0 0 0 3 3 0 0 2 0 0 4 0 0 3 1 4 0 0 2 0 1 1 3 0 3 0 3 0 0 0 4 4 3 3 0 0 0 0 0 0 0 0 0 0 0 
#TS190
1 0 3 1 1 3 1 1 2 3 3 2 2 2 2 0 2 2 3 1 2 3 3 2 3 2 3 3 3 2 2 0 0 0 0 2 0 0 3 1 3 3 1 0 2 3 4 0 1 1 3 2 4 3 0 4 3 3 2 1 1 4 3 0 3 2 4 3 3 3 0 0 3 2 0 4 3 0 3 1 4 0 2 2 0 1 1 1 3 0 4 3 0 0 0 4 3 0 4 1 0 0 1 0 0 0 0 0 0 0 
1 0 3 3 1 2 1 1 1 2 3 2 2 2 2 0 2 1 3 2 2 3 3 0 3 2 2 2 3 1 2 0 0 0 0 0 0 2 3 2 1 3 1 0 2 3 3 0 1 1 3 1 2 3 0 4 3 3 2 1 0 3 3 0 3 2 4 3 3 4 0 0 3 2 0 4 3 0 4 1 4 0 1 2 0 1 1 1 3 1 3 3 0 0 0 4 3 3 4 0 0 0 1 0 0 0 0 0 0 0 
#TS191
1 0 3 2 1 2 1 0 3 4 3 2 2 1 2 1 2 0 3 0 2 4 3 2 3 2 3 3 2 2 0 0 1 1 0 1 0 0 2 3 3 3 1 0 2 2 4 1 1 2 3 2 4 3 0 3 3 3 2 1 1 1 3 0 2 2 4 3 3 3 0 0 3 2 0 4 3 0 3 1 4 0 2 2 0 1 1 3 1 1 2 3 0 0 0 4 3 0 4 1 0 0 0 0 0 0 0 0 0 0 
2 0 3 2 1 2 1 0 3 4 3 2 2 2 2 1 2 0 4 0 2 3 2 2 3 1 3 3 3 2 1 0 0 1 0 1 0 0 2 3 3 3 1 0 2 2 3 0 1 1 3 2 3 3 0 3 3 3 1 1 0 1 1 0 3 2 4 3 3 3 0 0 2 3 0 4 3 0 3 1 4 0 2 3 0 1 1 1 0 0 2 3 0 0 0 4 3 0 4 1 0 0 0 0 0 0 0 0 0 0 
#TS192
2 0 4 2 1 2 0 0 2 1 1 0 4 2 2 1 2 0 0 0 2 3 3 3 3 0 2 0 3 1 1 2 3 1 2 0 2 3 2 3 0 2 1 0 2 2 4 1 1 1 3 0 0 1 0 4 3 3 2 1 2 1 2 3 3 2 0 0 3 2 0 0 3 2 0 4 3 2 3 1 2 0 1 2 1 3 3 4 1 2 4 3 1 1 0 4 3 0 0 4 0 0 0 0 0 0 0 0 0 0 
1 0 3 1 1 2 1 0 3 3 1 0 3 2 1 0 3 0 1 0 2 3 3 3 4 0 2 0 3 1 1 1 3 0 2 0 3 2 0 4 0 3 1 0 2 2 3 3 1 2 3 0 1 2 0 4 3 3 3 1 2 1 2 3 3 2 1 0 3 3 0 0 3 2 0 4 2 1 3 1 4 0 2 3 0 2 3 3 1 1 2 2 1 1 0 4 4 0 1 4 0 0 0 0 0 0 0 0 0 0 
#TS193
3 0 3 3 1 2 1 0 2 4 3 2 2 2 2 0 2 0 3 0 2 3 3 2 3 2 3 3 3 2 2 0 1 0 0 0 2 0 2 3 3 3 1 0 2 1 4 0 1 1 3 2 3 3 0 4 3 2 2 1 1 1 3 0 4 2 4 3 3 3 0 0 2 2 0 4 3 0 3 1 4 0 2 2 0 1 1 2 1 0 2 3 0 0 0 4 2 0 4 1 0 0 0 0 0 0 0 0 0 0 
2 0 4 3 0 2 1 0 3 3 3 2 2 2 2 0 3 0 3 0 2 4 3 2 3 2 2 3 3 2 2 0 0 0 0 0 1 0 1 2 3 3 1 0 2 1 4 0 1 1 3 2 4 3 0 4 3 3 2 1 1 2 3 0 3 2 4 3 2 3 0 0 3 2 0 4 3 0 2 1 4 0 2 2 0 1 1 3 1 0 2 3 0 0 0 4 3 0 4 1 0 0 0 0 0 0 0 0 0 0 
#TS194
1 0 3 1 2 3 1 1 0 3 3 0 3 3 2 1 3 2 0 1 2 3 3 2 2 0 0 3 0 3 3 3 3 0 0 0 4 0 3 1 3 3 0 0 2 3 4 0 2 2 2 3 0 2 0 4 3 3 4 1 1 4 3 2 4 3 0 0 3 3 0 0 3 2 4 4 3 0 1 0 4 0 1 2 0 2 2 2 3 0 4 3 4 0 4 4 0 1 3 2 0 0 0 1 0 0 0 0 0 0 
1 0 4 1 1 3 1 1 0 3 3 0 4 4 2 1 2 1 0 1 3 2 3 2 2 0 0 3 0 3 3 3 3 0 0 0 3 0 3 3 3 3 0 0 2 3 4 1 1 2 3 3 0 2 0 4 3 4 4 1 1 4 2 3 3 3 0 0 3 3 0 0 3 2 4 4 3 0 1 0 4 0 1 2 0 2 2 1 3 0 4 3 2 0 4 4 0 0 2 2 0 0 0 1 0 0 0 0 0 0 
#TS195
1 0 3 3 0 0 1 1 0 3 2 1 3 3 2 0 2 0 3 1 2 4 3 0 0 2 0 4 0 3 2 0 2 0 1 0 0 3 0 3 0 3 1 0 2 1 3 0 1 1 3 1 1 3 0 4 3 3 2 1 1 1 3 0 3 2 4 2 3 3 0 0 3 1 0 3 2 0 3 1 3 0 0 3 0 0 1 2 0 2 0 3 0 0 0 4 2 4 4 0 0 0 1 0 0 0 0 0 0 0 
2 0 3 4 1 0 1 0 0 3 1 1 3 3 2 0 3 0 2 1 2 3 4 0 0 2 0 3 0 3 3 2 1 0 0 0 0 3 1 3 0 3 2 0 3 0 3 0 1 2 4 2 0 3 0 4 3 3 3 1 1 1 4 0 3 2 4 1 3 3 0 0 3 0 0 4 1 0 3 1 4 0 0 0 0 0 1 3 0 3 0 3 0 0 0 4 3 4 4 0 0 0 1 0 0 0 0 0 0 0 
#TS196
1 0 3 2 1 2 1 0 2 3 3 2 2 1 2 0 2 2 3 1 2 3 3 3 4 1 3 2 3 2 3 0 0 0 0 0 1 0 3 0 3 3 1 0 2 3 4 0 1 2 3 2 4 3 0 4 3 3 2 1 1 4 3 0 3 2 4 2 3 3 0 0 3 2 0 4 3 0 3 1 4 0 2 3 0 2 1 2 0 0 4 2 0 0 0 4 2 0 4 1 0 0 0 0 0 0 0 0 0 0 
2 0 3 2 1 2 1 1 2 3 3 1 2 2 2 0 3 2 3 1 2 3 3 2 3 1 3 2 3 2 2 0 0 0 0 0 1 0 2 0 3 3 1 0 2 3 4 0 1 1 3 3 4 3 0 4 3 3 2 1 1 4 3 0 3 2 4 3 3 3 0 0 3 3 0 4 3 0 3 1 4 0 2 2 0 1 1 1 0 0 4 3 0 0 0 4 3 0 4 1 0 0 0 0 0 0 0 0 0 0 
#TS197
1 4 3 4 1 0 1 2 1 3 3 3 3 1 2 0 3 1 3 2 2 3 2 2 2 2 1 3 0 2 2 0 1 0 2 2 0 0 1 1 3 3 0 0 2 3 4 0 2 1 3 3 3 3 0 4 0 3 2 0 1 4 3 0 4 2 4 3 3 3 0 0 4 2 0 4 3 1 3 2 4 0 3 3 3 0 0 0 0 4 1 2 3 0 1 4 3 4 4 1 1 0 0 0 0 0 0 0 0 0 
2 4 2 4 1 0 1 2 2 3 3 4 3 1 2 0 3 1 3 1 2 3 2 2 2 3 2 3 0 3 2 1 1 0 1 1 0 0 2 3 2 3 0 0 2 2 2 0 2 1 3 2 4 4 0 4 0 3 2 0 1 4 3 0 4 2 4 3 4 3 0 0 3 2 0 3 3 2 3 1 4 0 4 4 4 0 0 0 0 4 1 2 3 1 2 4 3 4 4 1 1 0 0 0 0 0 0 0 0 0 
#TS198
3 0 3 2 1 2 1 0 2 4 3 2 2 2 2 0 3 1 3 0 2 4 3 2 4 2 2 3 3 2 3 0 0 0 0 1 1 0 2 2 3 3 2 0 2 2 4 0 1 1 3 1 4 3 0 4 3 3 2 1 1 2 3 0 4 2 4 3 3 3 0 0 3 2 1 4 3 0 3 2 4 0 2 3 0 1 1 1 1 0 3 3 0 1 0 4 2 1 4 1 0 0 0 0 0 0 0 0 0 0 
2 0 3 1 1 2 1 0 2 3 3 2 2 2 2 0 2 1 3 0 2 4 3 2 4 2 2 3 3 2 2 0 1 0 0 1 0 0 3 3 3 3 2 0 2 2 4 0 1 1 3 1 4 4 0 4 3 3 2 1 1 3 3 0 3 2 4 3 3 3 0 0 4 2 0 4 3 0 3 1 4 0 2 2 0 1 1 2 0 0 3 3 0 0 0 4 4 1 4 1 0 0 0 0 0 0 0 0 0 0 
#TS199
1 0 3 1 2 3 1 1 0 3 2 0 4 4 2 1 2 2 0 1 2 3 3 1 2 0 0 3 0 3 3 3 4 0 0 0 3 0 3 1 3 3 0 0 2 3 3 0 1 2 3 3 0 2 0 4 3 3 3 1 1 4 2 2 4 3 0 0 4 3 0 0 3 3 4 4 3 0 2 0 4 0 0 3 0 2 3 1 4 0 4 3 4 0 4 4 0 1 4 2 0 0 0 1 0 0 0 0 0 0 
1 0 3 1 2 3 1 1 0 3 3 0 3 3 2 1 3 2 0 1 2 3 3 2 2 0 0 3 0 3 3 3 3 0 0 0 4 0 3 1 3 3 0 0 2 3 4 0 2 2 2 3 0 2 0 4 3 3 4 1 1 4 3 2 4 3 0 0 3 3 0 0 3 2 4 4 3 0 1 0 4 0 1 2 0 2 2 2 3 0 4 3 4 0 4 4 0 1 3 2 0 0 0 1 0 0 0 0 0 0 
#TS200
1 0 3 1 1 3 0 0 0 1 0 0 4 2 1 4 3 0 0 0 2 3 3 3 3 0 1 0 0 2 1 3 4 0 2 0 2 2 2 2 2 0 2 0 0 3 4 2 1 1 3 0 0 0 0 3 4 3 1 2 0 0 4 4 3 1 0 1 3 3 0 0 2 2 0 4 3 1 3 0 0 0 0 3 3 3 4 3 1 2 3 0 1 1 0 4 3 0 0 4 0 0 0 0 0 0 0 0 1 0 
1 0 3 2 1 2 0 1 0 1 0 0 4 1 2 4 2 0 0 0 2 3 3 3 4 0 2 0 0 2 1 3 4 1 2 0 2 2 3 4 1 0 1 0 0 3 1 3 2 1 2 0 0 0 1 4 3 3 2 2 0 0 3 3 4 1 0 1 3 3 0 0 2 2 0 4 3 2 3 0 0 0 0 3 3 4 4 4 1 1 2 0 0 0 0 4 2 0 0 3 0 0 0 0 0 0 0 0 1 0 
#TS201
2 0 3 1 1 2 1 0 3 3 3 1 4 2 1 0 2 1 1 1 3 3 3 3 2 0 3 0 3 2 2 1 3 0 0 0 3 0 2 2 3 4 1 0 2 3 4 0 1 3 3 1 0 2 0 4 4 3 2 1 1 3 2 3 3 2 2 0 4 3 0 0 3 2 0 3 3 0 3 1 4 0 2 2 0 1 3 2 2 0 3 3 0 0 0 4 3 0 3 2 0 0 0 0 0 0 0 0 0 0 
1 0 3 1 1 3 1 0 2 4 3 1 2 2 2 0 2 1 3 0 2 3 3 3 3 0 3 0 4 2 2 0 2 0 0 0 2 0 3 1 3 3 1 0 2 3 3 0 1 2 2 2 2 3 0 4 3 3 2 1 1 4 3 1 3 2 3 0 4 4 0 0 4 3 0 4 3 0 3 0 4 0 2 3 0 1 2 2 2 0 3 4 0 0 0 4 3 0 4 1 0 0 0 0 0 0 0 0 0 0 
