#TS1
2 1 2 3 2 0 1 3 2 3 0 1 0 0 0 
1 1 2 3 3 0 1 3 1 3 0 1 0 0 0 
#TS2
1 3 0 3 3 0 1 4 3 2 0 0 0 0 0 
1 3 1 3 4 1 1 4 1 3 0 0 0 0 0 
#TS3
1 2 2 2 3 0 1 3 2 0 0 0 0 1 0 
2 1 2 3 3 0 1 3 1 0 0 0 0 1 0 
#TS4
1 2 2 3 3 1 1 4 0 3 0 0 0 0 0 
2 2 2 4 4 1 1 3 1 3 0 0 0 0 0 
#TS5
1 2 1 3 0 0 4 3 2 4 0 0 0 0 1 
0 3 0 2 0 0 3 3 1 4 0 0 0 0 1 
#TS6
2 1 2 3 3 1 1 3 1 3 0 0 0 0 0 
1 2 2 3 3 1 1 3 0 3 0 0 0 0 0 
#TS7
0 3 0 3 0 0 3 3 1 3 0 0 0 0 1 
0 2 0 3 0 0 4 4 1 2 0 0 0 0 0 
#TS8
3 3 3 1 3 1 0 1 1 0 1 0 0 0 0 
4 3 3 1 3 0 0 1 3 0 1 0 0 0 0 
#TS9
2 3 3 2 4 0 2 3 4 3 0 0 0 0 0 
1 2 2 3 3 1 1 3 2 3 0 0 0 0 0 
#TS10
2 2 3 3 3 1 1 3 2 1 1 0 0 0 0 
3 3 3 2 3 0 0 3 1 0 1 0 0 0 0 
#TS11
1 2 2 3 3 1 1 3 2 3 0 0 0 0 0 
1 2 2 3 4 2 2 3 1 3 0 0 0 0 0 
#TS12
1 3 1 3 4 1 1 4 1 3 0 0 0 0 0 
1 3 2 3 4 1 1 4 1 3 0 0 0 0 0 
#TS13
0 2 2 4 3 1 2 3 3 3 0 0 0 0 0 
0 2 2 4 3 1 2 3 3 4 0 0 0 0 0 
#TS14
2 1 2 3 3 1 1 2 2 3 0 0 0 0 0 
2 1 2 3 3 1 1 3 1 3 0 0 0 0 0 
#TS15
1 2 3 2 3 1 1 3 1 4 0 0 0 0 0 
2 2 3 3 3 1 1 3 1 3 0 0 0 0 0 
#TS16
1 2 3 3 3 0 1 3 1 3 0 0 0 0 0 
1 2 3 3 3 1 1 3 4 3 0 0 0 0 0 
#TS17
0 3 4 1 1 0 4 3 1 4 0 0 1 0 0 
0 3 3 1 0 0 3 3 1 4 0 0 0 0 0 
#TS18
4 4 2 1 3 1 0 1 1 1 0 0 0 0 0 
4 2 1 1 3 0 0 0 2 2 0 0 0 0 0 
#TS19
4 4 3 2 3 1 0 1 3 0 1 0 0 0 0 
4 4 2 1 3 1 1 1 1 0 1 0 0 0 0 
#TS20
0 3 3 2 1 0 4 3 3 3 0 0 1 0 0 
0 3 4 2 2 0 4 3 1 3 0 0 1 0 0 
#TS21
1 2 2 3 3 0 1 4 1 3 0 0 0 0 0 
2 1 2 3 3 1 1 2 2 3 0 0 0 0 0 
#TS22
3 4 2 0 3 0 0 1 0 0 1 0 0 0 0 
4 4 2 1 3 1 0 1 1 1 0 0 0 0 0 
#TS23
4 3 3 1 3 0 0 1 3 0 1 0 0 0 0 
4 4 3 2 3 1 0 1 3 0 1 0 0 0 0 
#TS24
1 3 1 2 3 0 3 3 1 3 0 1 0 0 0 
0 3 1 4 3 0 4 3 1 3 0 0 0 0 0 
#TS25
1 3 2 3 3 1 1 4 1 3 0 0 0 0 0 
1 2 2 4 3 1 2 3 1 4 0 0 0 0 0 
#TS26
2 4 1 3 3 0 2 3 4 0 0 0 0 1 0 
2 3 0 3 3 0 1 4 1 0 0 0 0 1 0 
#TS27
1 2 3 2 0 0 4 3 1 3 0 0 1 0 0 
0 3 3 2 1 0 4 3 3 3 0 0 1 0 0 
#TS28
0 3 0 2 0 0 3 3 1 4 0 0 0 0 1 
0 3 0 3 0 0 4 3 1 4 0 0 0 0 1 
#TS29
4 3 3 2 3 1 0 1 1 0 1 0 0 0 0 
3 3 3 1 3 1 0 1 1 0 1 0 0 0 0 
#TS30
2 2 4 3 3 0 2 3 1 3 0 0 1 0 0 
1 2 4 2 1 0 4 3 1 3 0 0 1 0 0 
#TS31
2 2 2 4 4 1 1 3 1 3 0 0 0 0 0 
2 3 3 2 4 0 2 3 4 3 0 0 0 0 0 
#TS32
0 2 2 3 4 0 1 4 3 3 0 0 0 0 0 
1 3 2 3 3 1 1 4 1 3 0 0 0 0 0 
#TS33
0 3 1 4 3 0 4 3 1 3 0 0 0 0 0 
0 2 1 3 3 0 3 4 1 3 0 0 0 0 0 
#TS34
0 3 0 3 0 0 4 3 1 4 0 0 0 0 1 
0 3 0 3 0 0 4 3 2 3 0 0 0 0 1 
#TS35
1 1 2 4 3 1 2 3 1 3 0 0 0 0 0 
0 1 3 3 3 1 1 3 0 3 0 0 0 0 0 
#TS36
4 4 3 3 2 1 0 2 1 1 1 0 0 0 0 
4 3 3 2 3 1 0 1 1 0 1 0 0 0 0 
#TS37
4 1 3 1 3 1 1 1 1 3 0 0 0 0 0 
3 1 3 1 3 1 1 2 2 3 0 0 0 0 0 
#TS38
1 2 2 3 0 0 2 3 3 3 0 0 0 0 1 
1 2 2 2 0 0 3 4 2 3 0 0 0 0 1 
#TS39
1 2 2 3 3 0 1 3 1 3 0 1 0 0 0 
1 2 1 3 3 0 3 3 1 3 0 1 0 0 0 
#TS40
1 2 4 2 1 0 4 3 1 3 0 0 1 0 0 
1 2 3 2 0 0 4 3 1 3 0 0 1 0 0 
#TS41
2 1 3 2 1 0 1 3 1 2 0 0 0 0 1 
2 1 3 2 0 0 2 4 1 3 0 0 0 0 1 
#TS42
0 1 3 3 3 1 1 3 0 3 0 0 0 0 0 
1 1 3 3 4 1 1 3 1 4 0 0 0 0 0 
#TS43
2 2 3 3 3 1 1 3 1 3 0 0 0 0 0 
3 1 3 4 3 1 1 3 1 4 0 0 0 0 0 
#TS44
2 1 3 3 3 1 1 3 3 3 0 0 0 0 0 
1 2 3 2 3 1 1 3 3 4 0 0 0 0 0 
#TS45
0 2 2 3 4 1 3 4 1 3 0 0 0 0 0 
0 2 2 3 4 0 1 4 3 3 0 0 0 0 0 
#TS46
1 2 3 3 3 1 1 3 4 3 0 0 0 0 0 
1 2 3 3 3 1 1 3 2 3 0 0 0 0 0 
#TS47
2 2 2 4 3 1 1 3 3 2 0 0 0 0 0 
2 1 3 3 3 1 1 3 3 3 0 0 0 0 0 
#TS48
1 2 3 3 3 1 1 3 2 3 0 0 0 0 0 
2 1 2 3 2 1 1 3 1 3 0 0 0 0 0 
#TS49
2 2 1 3 3 0 1 3 1 0 0 0 0 1 0 
2 3 1 1 3 0 1 3 1 0 0 0 0 1 0 
#TS50
1 2 2 2 0 0 3 4 2 3 0 0 0 0 1 
1 2 1 3 0 0 4 3 2 4 0 0 0 0 1 
#TS51
1 2 2 3 4 2 2 3 1 3 0 0 0 0 0 
2 1 3 3 3 1 1 3 1 3 0 0 0 0 0 
#TS52
1 3 2 3 4 1 1 4 1 3 0 0 0 0 0 
1 2 2 3 3 1 1 4 0 3 0 0 0 0 0 
#TS53
3 2 3 2 3 1 2 4 1 3 0 0 0 0 0 
2 1 3 2 3 1 1 3 1 3 0 0 0 0 0 
#TS54
3 2 1 3 3 0 1 3 2 0 0 0 0 1 0 
2 2 1 3 3 0 1 3 1 0 0 0 0 1 0 
#TS55
3 1 3 4 3 1 1 3 1 4 0 0 0 0 0 
2 1 3 3 3 1 1 3 2 3 0 0 0 0 0 
#TS56
1 2 3 2 3 1 1 3 3 4 0 0 0 0 0 
1 2 3 3 3 1 2 3 1 3 0 0 0 0 0 
#TS57
2 1 3 2 2 0 1 3 1 1 0 0 0 1 0 
1 2 2 2 3 0 1 3 2 0 0 0 0 1 0 
#TS58
0 2 0 3 3 0 4 4 2 3 0 0 0 0 0 
0 2 2 4 3 1 2 3 3 3 0 0 0 0 0 
#TS59
2 1 3 3 3 1 1 3 1 3 0 0 1 0 0 
2 2 4 3 3 0 2 3 1 3 0 0 1 0 0 
#TS60
2 1 3 3 3 1 1 3 1 3 0 0 0 0 1 
2 1 3 2 1 0 1 3 1 2 0 0 0 0 1 
#TS61
0 2 2 4 3 1 2 3 3 4 0 0 0 0 0 
0 2 2 3 4 1 1 3 4 3 0 0 0 0 0 
#TS62
0 2 1 3 3 0 3 4 1 3 0 0 0 0 0 
0 2 2 3 4 1 3 4 1 3 0 0 0 0 0 
#TS63
2 3 1 4 3 0 1 4 3 0 0 0 0 1 0 
2 4 1 3 3 0 2 3 4 0 0 0 0 1 0 
#TS64
1 1 2 3 3 0 1 3 1 3 0 1 0 0 0 
1 2 2 3 3 0 1 3 1 3 0 1 0 0 0 
#TS65
2 1 3 2 0 0 2 4 1 3 0 0 0 0 1 
1 2 2 3 0 0 2 3 3 3 0 0 0 0 1 
#TS66
3 3 3 2 3 0 0 3 1 0 1 0 0 0 0 
4 4 3 3 2 1 0 2 1 1 1 0 0 0 0 
#TS67
1 2 2 3 3 1 1 3 1 3 0 0 0 0 0 
1 2 3 2 3 1 1 3 1 4 0 0 0 0 0 
#TS68
0 3 4 2 1 0 4 3 1 3 0 0 1 0 0 
0 3 4 1 1 0 4 3 1 4 0 0 1 0 0 
#TS69
0 3 4 2 2 0 4 3 1 3 0 0 1 0 0 
0 3 4 1 1 0 4 4 0 3 0 0 1 0 0 
#TS70
1 2 2 2 3 0 2 4 2 3 0 1 0 0 0 
1 3 1 3 4 0 3 3 0 3 0 1 0 0 0 
#TS71
2 1 3 3 3 1 1 3 1 3 1 0 0 0 0 
2 2 3 3 3 1 1 3 2 1 1 0 0 0 0 
#TS72
4 2 1 1 3 0 0 0 2 2 0 0 0 0 0 
4 1 3 1 3 1 1 1 1 3 0 0 0 0 0 
#TS73
3 1 3 1 3 1 1 2 2 3 0 0 0 0 0 
3 2 3 3 3 1 1 3 1 3 0 0 0 0 0 
#TS74
2 1 3 3 3 1 1 3 2 3 0 0 0 0 0 
2 1 3 4 2 1 2 2 1 3 0 0 0 0 0 
#TS75
0 2 2 3 4 1 1 3 4 3 0 0 0 0 0 
1 2 3 3 3 0 1 3 1 3 0 0 0 0 0 
#TS76
1 1 3 3 4 1 1 3 1 4 0 0 0 0 0 
2 2 3 3 4 1 1 3 1 3 0 0 0 0 0 
#TS77
1 3 0 4 4 0 2 3 0 0 0 0 0 0 0 
1 3 0 3 3 0 1 4 3 2 0 0 0 0 0 
#TS78
2 1 3 3 3 1 1 3 1 3 0 1 0 0 0 
2 0 2 2 2 0 1 3 1 3 0 1 0 0 0 
#TS79
0 1 1 3 3 1 2 3 3 3 0 0 0 0 0 
1 1 2 4 3 1 2 3 1 3 0 0 0 0 0 
#TS80
1 2 1 3 3 0 3 3 1 3 0 1 0 0 0 
1 2 2 2 3 0 2 4 2 3 0 1 0 0 0 
#TS81
3 2 3 3 3 1 1 3 1 3 0 0 0 0 0 
1 2 2 3 3 1 1 3 1 3 0 0 0 0 0 
#TS82
0 1 1 3 2 1 3 3 1 3 0 0 0 0 0 
0 1 1 3 3 1 2 3 3 3 0 0 0 0 0 
#TS83
4 4 2 1 3 1 1 1 1 0 1 0 0 0 0 
3 4 2 0 3 0 0 1 0 0 1 0 0 0 0 
#TS84
2 1 2 3 2 1 1 3 1 3 0 0 0 0 0 
3 2 3 2 3 1 2 4 1 3 0 0 0 0 0 
#TS85
1 2 2 3 3 1 1 3 0 3 0 0 0 0 0 
1 2 3 2 3 1 1 4 1 3 0 0 0 0 0 
#TS86
0 3 4 1 1 0 4 4 0 3 0 0 1 0 0 
0 3 4 2 1 0 4 3 1 3 0 0 1 0 0 
#TS87
1 2 2 4 3 1 2 3 1 4 0 0 0 0 0 
1 2 2 3 3 0 1 4 1 3 0 0 0 0 0 
#TS88
0 3 3 1 0 0 3 3 1 4 0 0 0 0 0 
0 1 1 3 2 1 3 3 1 3 0 0 0 0 0 
#TS89
0 2 0 3 0 0 4 4 1 2 0 0 0 0 0 
0 2 0 3 3 0 4 4 2 3 0 0 0 0 0 
#TS90
0 2 1 4 4 0 3 2 1 3 0 1 0 0 0 
1 3 1 2 3 0 3 3 1 3 0 1 0 0 0 
#TS91
1 3 1 3 4 0 3 3 0 3 0 1 0 0 0 
0 2 1 4 4 0 3 2 1 3 0 1 0 0 0 
#TS92
2 1 2 3 3 0 1 3 1 0 0 0 0 1 0 
3 2 1 3 3 0 1 3 2 0 0 0 0 1 0 
#TS93
2 2 3 3 4 1 1 3 1 3 0 0 0 0 0 
2 2 2 4 3 1 1 3 3 2 0 0 0 0 0 
#TS94
2 1 3 3 3 1 1 3 1 3 0 0 0 1 0 
2 1 3 2 2 0 1 3 1 1 0 0 0 1 0 
#TS95
2 3 0 3 3 0 1 4 1 0 0 0 0 1 0 
1 3 0 4 4 0 2 3 0 0 0 0 0 0 0 
#TS96
0 3 0 3 0 0 4 3 2 3 0 0 0 0 1 
0 3 0 3 0 0 3 3 1 3 0 0 0 0 1 
#TS97
2 0 2 2 2 0 1 3 1 3 0 1 0 0 0 
2 1 2 3 2 0 1 3 2 3 0 1 0 0 0 
#TS98
2 3 1 1 3 0 1 3 1 0 0 0 0 1 0 
2 3 1 4 3 0 1 4 3 0 0 0 0 1 0 
