#TS1
0 3 2 0 0 3 0 3 2 4 2 1 3 3 3 4 3 2 1 0 1 0 3 2 0 0 1 1 0 3 3 3 1 1 0 0 1 3 0 0 0 0 2 0 2 0 0 0 4 4 0 4 0 0 3 4 0 1 0 4 2 4 2 1 0 2 4 0 1 1 1 2 0 2 3 2 0 2 1 3 0 1 3 0 2 3 1 1 4 0 3 3 4 4 4 4 1 1 3 3 0 0 0 0 0 1 0 0 0 0 
0 4 2 0 0 3 0 4 3 4 2 1 4 3 3 3 3 1 1 0 1 0 3 2 0 0 1 2 0 3 3 3 1 2 0 0 2 3 0 0 0 0 3 0 3 0 0 0 4 4 0 4 0 1 3 4 1 0 0 3 2 3 3 1 0 3 4 0 1 1 1 2 0 2 3 2 0 2 1 3 0 2 3 0 2 3 1 2 4 0 3 3 3 3 4 4 1 1 2 4 0 0 0 0 0 0 0 0 0 0 
#TS2
1 4 2 0 3 3 0 4 3 4 3 3 3 3 3 2 4 1 0 1 1 0 4 2 0 0 0 4 1 3 3 3 1 3 1 1 2 3 3 2 0 0 2 2 2 0 1 3 4 3 0 4 0 1 3 2 1 2 1 3 3 3 2 1 0 3 2 2 1 1 1 2 0 3 3 2 0 2 2 3 0 1 3 0 1 3 2 2 1 2 3 2 2 3 4 4 1 2 4 3 0 0 0 0 0 0 0 0 0 0 
2 1 2 0 4 3 2 3 2 3 2 4 3 3 3 2 3 1 0 2 2 0 4 2 0 0 1 3 1 3 3 3 1 3 3 1 1 3 3 2 0 0 3 3 3 0 1 3 3 3 1 4 0 3 3 0 2 4 2 3 3 3 2 1 1 2 2 2 2 1 2 2 1 3 2 1 0 1 2 3 1 1 3 0 1 3 1 3 1 1 2 2 2 3 4 4 2 3 3 3 0 0 0 0 0 0 0 0 0 0 
#TS3
3 0 2 3 2 3 3 0 2 1 3 3 3 1 3 2 2 2 1 3 2 0 4 3 0 0 1 2 2 3 3 3 1 3 4 1 2 3 3 2 0 1 2 4 2 0 1 3 2 3 1 4 0 3 4 0 2 4 2 3 3 3 1 1 2 3 1 2 1 1 1 0 0 2 2 1 0 1 3 1 1 0 3 1 2 3 1 3 4 4 1 1 2 3 4 4 1 3 3 4 0 0 0 0 0 0 0 0 0 0 
4 0 2 3 2 3 3 0 2 1 2 3 3 1 3 1 2 2 2 3 2 0 4 2 0 0 1 3 2 3 3 4 1 3 4 1 2 3 3 2 0 1 1 4 3 0 1 4 2 3 1 4 0 3 3 0 2 4 2 3 3 4 1 1 1 3 1 2 1 1 1 0 0 1 2 1 0 2 3 1 1 0 3 0 2 3 1 3 4 3 1 1 2 3 4 4 1 3 3 3 0 0 0 0 0 0 0 0 0 0 
#TS4
3 0 2 3 2 3 3 0 2 1 3 3 3 1 3 1 2 2 1 3 2 0 4 2 0 0 1 3 2 3 3 3 1 3 4 1 2 3 3 2 0 1 2 4 3 0 1 3 2 3 1 4 0 3 4 0 2 4 2 3 3 3 2 1 1 3 1 2 1 1 1 0 0 2 2 1 0 1 3 1 1 0 3 1 2 3 1 3 4 3 1 2 2 3 4 4 1 3 3 3 0 0 0 0 0 0 0 0 0 1 
3 0 2 3 2 3 3 0 2 1 3 0 3 1 3 1 2 2 1 3 2 1 4 3 0 0 1 2 2 3 2 3 1 1 4 1 2 3 3 0 1 1 3 4 2 0 3 1 1 1 2 1 0 3 4 0 2 4 2 3 3 3 1 1 1 3 1 2 1 1 0 1 0 2 1 3 0 1 3 1 1 1 3 1 2 3 1 3 4 2 1 2 2 4 4 4 2 3 3 3 0 0 0 0 0 0 0 0 0 1 
#TS5
2 0 0 0 0 4 3 1 2 2 3 3 2 1 3 0 0 0 2 3 0 0 2 3 0 0 1 3 2 3 2 3 1 3 2 1 3 3 4 0 0 1 3 4 3 0 1 3 2 3 0 4 0 2 4 2 2 2 1 3 3 3 2 2 0 3 1 0 1 0 1 0 0 1 2 3 0 2 3 1 1 3 3 1 2 0 0 3 4 3 2 2 2 0 0 4 1 2 3 3 0 0 0 0 0 0 1 0 0 0 
2 0 0 0 0 3 2 1 2 1 3 3 3 1 3 0 0 0 2 3 0 0 3 4 0 1 1 3 2 3 1 2 1 4 2 2 3 3 4 0 0 1 4 3 2 0 1 3 2 4 0 4 0 1 4 1 3 3 1 3 3 4 2 2 1 3 1 0 2 1 1 0 0 2 2 4 0 3 3 1 0 3 3 1 2 0 0 3 4 3 2 2 2 0 0 4 1 3 3 3 0 0 0 0 0 0 1 0 0 0 
#TS6
2 0 3 3 0 3 3 1 1 2 3 3 3 2 1 0 1 2 3 3 1 0 4 2 0 0 1 3 2 3 2 2 0 3 2 3 2 3 3 2 4 0 4 4 3 1 0 4 2 3 0 4 0 1 3 0 2 2 2 4 3 3 2 0 1 4 1 2 1 0 3 0 0 2 2 1 4 1 3 1 0 0 3 4 2 1 0 3 3 0 3 2 2 2 4 4 1 3 2 3 0 1 0 0 0 0 0 0 0 0 
2 0 3 3 0 3 3 1 2 2 4 3 3 4 0 0 2 2 2 3 0 0 4 2 0 0 1 3 1 3 3 3 0 3 3 3 2 4 3 2 4 0 4 4 3 1 0 3 2 3 0 4 0 1 4 0 2 1 2 3 3 3 2 0 1 4 1 2 1 1 2 0 0 2 2 1 3 1 3 1 0 0 3 3 2 0 0 3 4 0 3 2 3 3 4 4 1 3 3 3 0 1 0 0 0 0 0 0 0 0 
#TS7
2 0 3 3 0 3 2 1 1 2 3 4 4 1 0 0 1 1 3 2 1 1 4 2 0 0 0 3 2 3 3 3 0 3 2 3 2 3 2 2 4 0 4 4 3 1 0 3 2 4 0 4 0 2 4 1 2 1 1 4 3 4 1 0 1 3 1 1 1 0 3 0 0 2 2 1 4 1 3 1 1 0 3 4 2 0 0 4 4 0 2 2 3 3 4 4 1 3 3 3 0 1 0 0 0 0 0 0 0 0 
2 0 4 3 0 3 3 1 1 2 3 3 3 2 1 0 1 2 2 3 0 0 4 2 0 0 0 3 2 3 3 3 0 3 3 3 2 3 2 2 3 0 4 3 3 1 1 3 2 4 0 4 0 2 4 0 2 2 1 4 4 3 2 0 1 4 1 2 1 0 2 0 0 3 2 1 4 1 3 1 1 0 3 4 2 1 0 3 4 0 3 2 2 3 4 4 0 3 4 3 0 1 0 0 0 0 0 0 0 0 
#TS8
3 0 2 3 2 3 3 0 4 1 3 2 2 1 3 1 3 2 1 3 2 0 4 2 0 0 1 3 2 3 3 2 1 3 4 1 2 3 3 2 0 1 1 4 3 0 1 3 2 3 1 4 0 4 3 0 2 4 2 3 2 3 2 1 1 3 1 2 2 1 1 0 0 2 2 1 0 1 3 1 2 0 3 1 2 3 1 3 4 3 1 2 2 3 4 4 0 3 3 3 0 0 0 0 0 0 0 0 0 0 
3 0 2 3 2 3 3 0 2 1 3 2 3 1 3 1 2 2 1 3 2 0 3 2 0 0 1 3 2 3 3 3 1 4 4 1 2 3 3 2 0 1 2 4 3 0 1 3 3 2 2 4 1 3 4 0 2 4 3 3 3 4 2 1 1 3 2 2 1 1 1 1 0 2 2 2 0 1 3 0 1 1 3 1 2 4 1 3 4 3 1 2 2 3 4 4 0 3 3 4 0 0 0 0 0 0 0 0 0 0 
#TS9
3 0 2 1 2 3 3 0 2 2 4 3 3 1 3 1 1 2 1 3 2 0 4 2 0 0 1 2 2 3 3 3 0 3 4 1 2 3 3 2 1 0 3 4 3 0 0 2 2 3 0 4 0 2 4 0 2 2 2 3 3 4 1 0 1 3 1 2 1 1 1 0 0 2 1 1 0 1 3 1 1 1 3 1 1 3 1 3 4 2 2 2 2 4 3 3 1 3 3 3 0 0 0 0 0 0 0 0 0 0 
3 0 2 3 2 3 3 1 2 2 3 3 3 1 2 1 2 2 0 3 2 0 3 3 0 0 1 2 2 3 3 3 0 3 4 1 2 3 3 2 0 1 2 4 3 0 1 3 2 3 0 4 0 2 3 0 2 3 2 3 3 3 2 1 1 2 1 2 1 1 1 0 0 2 2 1 0 1 3 1 1 1 3 1 2 2 1 3 4 2 2 2 2 3 4 4 1 3 4 3 0 0 0 0 0 0 0 0 0 0 
#TS10
3 0 2 3 2 3 3 0 2 1 3 3 3 1 3 1 2 2 1 3 2 0 4 2 0 0 1 3 2 3 3 3 1 3 4 1 2 3 3 2 0 1 2 4 3 0 1 3 2 3 1 4 0 3 4 0 2 4 2 3 3 3 2 1 1 3 1 2 1 1 1 0 0 2 2 1 0 1 3 1 1 0 3 1 2 3 1 3 4 3 1 2 2 3 4 4 1 3 3 3 0 0 0 0 1 0 0 0 0 0 
3 0 2 2 1 3 3 0 2 1 3 3 3 1 1 0 2 2 2 3 0 0 2 2 0 0 1 3 2 1 3 2 0 3 4 2 2 3 3 2 0 0 2 4 2 0 1 1 4 3 1 1 0 3 4 0 2 4 2 4 3 4 2 1 1 3 2 2 1 1 0 0 0 1 2 1 2 3 3 1 0 0 3 1 2 2 0 2 4 3 1 2 3 3 4 4 1 3 2 3 0 0 0 0 1 0 0 0 0 0 
#TS11
3 0 2 3 2 3 3 0 1 1 3 2 3 1 3 1 2 1 1 3 2 0 3 2 0 0 1 3 2 3 3 2 1 3 4 1 2 3 3 2 0 1 3 4 2 0 1 3 2 3 1 4 1 2 3 0 2 3 2 3 3 3 2 1 1 3 2 2 1 0 2 0 0 1 2 1 0 1 3 2 0 1 3 0 2 3 1 3 2 3 2 2 2 3 4 4 1 3 3 3 0 0 0 0 0 0 0 0 0 0 
2 0 2 3 2 3 3 0 1 1 3 3 2 0 4 1 2 1 1 3 2 0 4 2 0 0 1 3 1 3 3 3 1 3 4 1 2 3 3 2 0 1 3 4 2 0 1 3 2 3 1 4 0 3 4 0 3 4 2 3 3 3 2 1 1 3 1 2 0 1 1 0 0 2 2 1 0 1 3 2 1 0 3 0 2 3 1 3 3 3 2 2 2 3 4 4 1 3 3 3 0 0 0 0 0 0 0 0 0 0 
#TS12
3 0 2 3 2 3 3 0 2 1 4 3 2 1 3 1 2 2 1 3 2 0 3 2 0 0 1 3 3 3 3 2 1 3 4 1 2 3 3 2 0 1 2 3 3 0 2 3 2 3 1 4 1 4 4 0 2 4 2 3 3 3 2 1 1 3 2 2 1 2 1 0 0 2 2 1 0 1 3 1 2 0 3 1 2 3 1 3 4 3 1 1 2 3 4 4 1 3 3 4 0 0 0 0 0 0 0 0 0 0 
3 0 2 3 2 3 3 0 2 1 3 3 3 1 3 2 2 2 1 3 2 0 4 3 0 0 1 2 2 3 3 3 1 3 4 1 2 3 3 2 0 1 2 4 2 0 1 3 2 3 1 4 0 3 4 0 2 4 2 3 3 3 1 1 2 3 1 2 1 1 1 0 0 2 2 1 0 1 3 1 1 0 3 1 2 3 1 3 4 4 1 1 2 3 4 4 1 3 3 4 0 0 0 0 0 0 0 0 0 0 
#TS13
0 0 4 4 0 3 3 1 2 1 4 3 3 0 2 0 0 1 2 2 2 0 1 2 4 0 1 3 1 3 3 3 1 4 4 3 3 4 3 2 0 1 0 3 2 3 1 3 3 0 4 4 2 1 1 2 3 1 1 3 3 2 2 1 1 2 1 2 1 0 2 0 0 2 2 1 0 4 3 0 3 0 3 1 2 3 1 3 4 3 1 2 2 1 3 4 1 3 3 0 0 0 1 0 0 0 0 0 0 0 
0 0 4 3 0 3 3 2 2 2 4 3 2 0 2 0 2 1 2 3 2 0 2 2 4 0 0 3 2 3 3 2 1 3 4 3 3 3 4 2 0 2 0 2 3 3 0 3 4 0 3 4 3 1 1 2 3 1 1 3 3 3 2 1 1 3 1 2 1 0 3 1 0 2 2 1 0 4 3 1 1 0 3 1 1 3 2 3 4 3 1 2 3 1 3 4 0 3 3 1 0 0 1 0 0 0 0 0 0 0 
#TS14
0 4 0 0 0 3 0 0 1 3 3 4 4 3 4 1 4 2 3 0 0 3 4 2 0 3 0 3 1 0 4 2 1 3 0 1 2 3 4 2 0 1 2 0 0 0 2 2 4 4 0 4 0 0 0 3 0 0 0 4 3 3 1 1 1 3 2 2 1 1 0 1 0 3 2 1 0 1 3 0 0 3 3 0 0 3 1 0 1 4 0 0 0 3 4 0 0 3 3 3 1 0 0 0 0 0 0 0 0 0 
0 4 0 0 0 4 0 0 0 3 3 3 4 3 3 1 3 2 3 0 0 3 4 2 0 3 0 3 1 0 3 3 1 2 0 2 2 3 4 2 0 1 2 0 0 0 1 2 3 4 0 4 0 0 0 3 0 0 1 3 4 3 0 1 0 3 1 2 0 1 0 2 0 2 1 1 0 1 2 0 0 3 2 0 0 3 1 0 1 3 0 0 0 3 3 1 0 3 3 3 1 0 0 0 0 0 0 0 0 0 
#TS15
3 0 2 3 2 3 3 0 2 1 3 1 2 0 2 1 2 2 1 3 4 0 4 2 0 0 0 3 2 3 3 3 1 3 4 2 3 2 4 2 0 1 2 4 2 0 1 3 1 2 1 4 1 3 4 0 2 4 2 4 3 3 2 1 1 3 1 2 3 1 1 0 0 2 1 1 0 1 3 1 1 0 3 1 2 3 1 2 3 2 1 2 2 3 4 4 0 3 3 3 0 0 0 0 0 0 0 0 0 0 
3 0 2 3 2 3 3 0 2 2 3 2 2 0 2 1 3 2 1 4 3 0 4 2 0 0 1 2 2 3 3 3 1 3 4 1 2 3 4 3 0 2 1 4 2 0 1 2 2 2 1 4 2 3 3 0 2 4 2 3 3 3 2 1 1 3 2 2 2 1 1 0 0 2 2 1 0 1 3 1 0 0 3 0 2 3 1 3 4 3 1 2 2 4 4 4 2 2 3 4 0 0 0 0 0 0 0 0 0 0 
#TS16
2 0 0 0 1 4 3 1 3 1 3 3 3 1 4 0 0 0 3 3 0 0 3 2 0 0 0 3 2 3 2 2 1 3 3 1 3 2 4 0 0 1 3 4 3 0 1 3 3 4 0 4 0 1 3 1 2 2 2 4 3 3 2 3 1 3 1 0 2 1 1 0 0 2 3 4 0 2 3 1 1 2 3 1 2 0 0 3 4 3 2 2 2 0 1 4 1 3 3 3 0 0 0 0 0 0 1 0 0 0 
2 0 0 0 0 4 3 1 2 2 3 3 2 1 3 0 0 0 2 3 0 0 2 3 0 0 1 3 2 3 2 3 1 3 2 1 3 3 4 0 0 1 3 4 3 0 1 3 2 3 0 4 0 2 4 2 2 2 1 3 3 3 2 2 0 3 1 0 1 0 1 0 0 1 2 3 0 2 3 1 1 3 3 1 2 0 0 3 4 3 2 2 2 0 0 4 1 2 3 3 0 0 0 0 0 0 1 0 0 0 
#TS17
3 0 2 3 2 3 3 0 2 1 3 3 3 1 3 1 2 2 1 3 2 0 4 2 0 0 1 3 2 3 3 3 1 3 4 1 2 3 3 2 0 1 2 4 3 0 1 3 2 3 1 4 0 3 4 0 2 4 2 3 3 3 2 1 1 3 1 2 1 1 1 0 0 2 2 1 0 1 3 1 1 0 3 1 2 3 1 3 4 3 1 2 2 3 4 4 1 3 3 3 0 0 0 0 0 0 0 1 0 0 
3 0 3 1 1 3 3 0 2 0 3 3 3 1 2 1 1 2 1 3 1 0 4 3 1 0 1 3 2 3 4 3 0 3 4 1 3 3 3 0 0 1 2 3 3 0 1 2 2 3 1 4 2 1 4 0 2 4 2 4 3 3 2 1 1 3 1 2 2 1 1 0 0 1 2 1 1 1 3 0 1 0 3 1 2 3 0 3 4 3 1 2 2 3 4 0 4 3 3 3 0 0 0 0 0 0 0 1 0 0 
#TS18
3 0 2 3 2 3 3 0 2 0 3 0 2 0 3 0 2 2 1 3 3 1 4 3 0 0 1 1 0 3 3 3 1 0 1 0 2 2 3 0 1 1 2 4 3 0 3 0 2 0 2 1 4 3 4 0 2 4 3 3 3 3 1 0 1 3 2 2 1 1 0 2 0 3 0 4 0 2 3 1 2 1 3 1 2 3 1 3 4 3 1 2 2 3 4 4 1 3 3 3 0 0 0 0 0 0 0 0 0 1 
3 0 2 3 2 2 3 0 4 1 3 0 2 0 3 1 2 2 1 3 3 1 4 4 0 0 1 0 0 3 3 3 1 0 1 0 1 1 3 0 1 1 2 4 2 0 3 0 2 0 1 2 4 3 3 0 2 4 2 3 2 1 2 0 1 3 2 2 2 2 1 3 0 3 0 4 0 1 3 1 1 1 3 1 2 3 1 3 4 3 1 2 2 2 4 4 1 3 4 3 0 0 0 0 0 0 0 0 0 1 
#TS19
3 0 2 3 2 3 3 0 2 1 3 3 3 1 3 1 2 2 1 3 2 0 4 2 0 0 1 3 2 3 3 3 1 3 4 1 2 3 3 2 0 1 2 4 3 0 1 3 2 3 1 4 0 3 4 0 2 4 2 3 3 3 2 1 1 3 1 2 1 1 1 0 0 2 2 1 0 1 3 1 1 0 3 1 2 3 1 3 4 3 1 2 2 3 4 4 1 3 3 3 0 0 0 0 0 0 0 0 0 0 
3 0 2 3 2 3 3 0 2 1 3 3 3 1 3 1 2 2 1 3 2 0 4 2 0 0 1 3 2 3 3 3 1 3 4 1 2 3 3 2 0 1 2 4 3 0 1 3 2 3 1 4 0 3 4 0 2 4 2 3 3 3 2 1 1 3 1 2 1 1 1 0 0 2 2 1 0 1 3 1 1 0 3 1 2 3 1 3 4 3 1 2 2 3 4 4 1 3 3 3 0 0 0 0 0 0 0 0 0 0 
#TS20
0 1 3 3 0 3 4 4 2 3 3 3 3 0 2 0 2 1 2 3 3 0 1 1 4 0 1 3 2 3 3 2 1 3 3 3 4 3 3 2 0 3 0 4 3 2 1 3 2 0 2 4 2 1 2 2 3 2 1 3 2 3 2 1 1 2 1 2 0 0 4 0 0 2 2 1 0 3 3 1 1 1 3 1 2 3 1 2 4 3 1 2 2 1 3 4 1 3 3 1 0 0 0 0 0 0 0 0 0 0 
2 2 4 1 3 3 2 4 2 3 3 2 3 0 2 2 2 1 1 3 2 0 3 1 0 0 1 3 2 3 3 3 1 3 4 1 4 3 3 2 0 3 2 4 2 2 1 3 2 3 2 4 3 1 4 0 2 3 2 3 3 3 2 1 1 3 1 2 1 0 1 0 0 2 2 1 0 1 3 1 1 0 3 1 2 2 1 3 4 3 1 2 2 3 3 3 1 3 3 2 0 0 0 0 0 0 0 0 0 0 
#TS21
0 1 2 0 0 3 2 2 1 2 3 1 3 4 3 2 4 2 1 3 0 0 4 3 0 0 1 2 1 3 3 3 1 1 0 0 2 3 0 0 0 1 2 1 3 0 0 1 3 4 0 4 0 1 2 3 1 0 1 3 2 3 2 1 0 3 3 0 2 1 1 1 0 1 3 1 0 1 1 2 1 0 3 0 1 3 1 2 4 0 2 3 4 3 4 4 0 0 3 3 0 0 0 0 0 1 0 0 0 0 
0 1 2 0 0 3 1 3 2 3 3 2 3 3 3 3 3 2 1 3 0 0 4 3 0 0 1 2 2 3 3 3 1 1 0 1 2 3 1 0 0 1 4 0 3 0 0 0 4 4 0 4 0 1 2 3 1 1 0 3 3 3 2 1 0 3 3 0 1 1 1 0 0 2 2 1 0 1 1 2 0 0 3 0 2 3 1 2 4 0 4 4 4 4 4 4 1 0 3 3 0 0 0 0 0 1 0 0 0 0 
#TS22
3 0 2 3 2 3 3 0 3 1 3 3 3 1 3 2 2 2 1 3 2 0 4 2 0 0 1 2 2 3 3 3 1 3 4 1 2 3 3 2 0 1 3 4 3 0 1 3 2 3 2 4 0 3 4 0 2 3 2 3 3 4 2 1 1 2 1 2 1 1 1 0 0 2 2 1 0 1 3 1 1 1 3 0 2 3 1 3 4 3 1 2 2 3 4 4 1 2 3 3 0 0 0 0 0 0 0 0 0 0 
3 0 2 3 2 3 3 0 2 1 3 3 3 1 3 1 2 1 1 3 2 0 4 1 0 0 1 3 2 3 3 3 1 3 4 1 2 3 3 2 0 1 2 4 3 0 2 3 2 3 2 4 0 3 4 0 2 4 2 3 3 3 1 1 1 3 1 2 2 0 1 0 0 2 2 1 0 1 3 1 1 1 4 1 2 3 1 3 4 3 1 2 3 4 4 4 1 3 3 3 0 0 0 0 0 0 0 0 0 0 
#TS23
4 0 2 3 2 1 3 0 1 0 3 0 2 0 2 1 2 2 1 3 4 1 4 3 0 0 1 0 0 3 3 3 1 0 1 0 1 1 3 0 0 2 2 4 2 0 3 0 2 0 2 0 4 3 4 0 2 4 2 3 3 0 2 1 1 2 3 2 2 2 1 3 1 3 0 4 0 1 3 1 2 0 4 0 2 3 1 2 4 3 1 2 2 3 4 4 2 3 3 3 0 0 0 0 0 0 0 0 0 1 
4 0 2 3 1 1 3 0 2 0 3 0 2 0 2 2 2 1 1 3 4 1 4 3 0 0 1 0 0 3 3 4 1 0 1 0 2 1 3 0 1 3 2 4 3 0 3 0 2 0 1 1 4 3 4 0 2 4 2 3 3 0 2 0 2 2 2 4 1 3 1 3 1 3 0 4 0 1 3 1 1 1 3 1 2 3 1 3 4 2 1 2 2 3 3 3 1 3 4 3 0 0 0 0 0 0 0 0 0 1 
#TS24
3 1 2 3 2 3 3 1 2 2 3 3 2 1 3 1 3 2 0 3 3 0 3 2 0 0 1 3 2 3 3 2 1 3 4 1 2 3 3 3 0 1 2 4 3 0 1 3 2 2 1 4 1 2 4 0 3 4 2 3 2 3 2 1 1 4 2 2 1 1 1 1 0 2 2 1 0 1 3 2 1 2 3 1 1 3 1 3 2 2 3 2 3 3 4 4 2 3 4 3 0 0 0 0 0 0 0 0 0 0 
3 0 2 3 2 3 3 0 2 1 3 2 3 1 3 1 2 2 1 3 3 0 4 2 0 0 0 3 3 3 3 3 1 3 4 1 2 4 3 1 0 0 3 4 2 0 0 2 2 3 1 4 1 3 4 0 3 4 2 3 3 3 2 1 1 3 1 2 3 1 1 1 0 2 1 1 0 1 3 2 1 1 3 1 2 3 1 3 3 2 3 2 2 4 3 4 1 3 3 3 0 0 0 0 0 0 0 0 0 0 
#TS25
3 0 2 3 2 3 3 0 3 1 3 0 2 0 3 1 2 2 0 3 2 1 4 4 0 0 1 0 2 3 4 3 1 0 3 0 2 3 3 0 1 0 2 4 3 0 2 0 2 0 2 0 1 3 4 0 2 4 2 3 3 4 2 1 0 2 2 2 1 1 0 1 0 3 0 3 0 1 3 2 1 1 3 1 2 3 1 3 4 3 1 2 2 3 4 4 1 3 3 3 0 0 0 0 0 0 0 0 0 1 
3 0 2 3 2 3 3 0 2 0 3 0 3 0 3 2 2 2 2 3 2 1 4 3 0 0 1 1 1 3 3 3 1 0 2 0 2 2 3 0 0 1 2 4 3 0 3 1 2 0 1 0 3 2 4 0 2 4 2 3 3 3 2 1 1 3 1 2 1 1 0 2 0 2 0 4 0 1 3 1 1 0 3 1 2 2 1 3 4 3 1 2 2 3 4 4 2 3 3 3 0 0 0 0 0 0 0 0 0 1 
#TS26
3 0 0 0 1 3 3 1 2 1 3 3 3 1 3 0 0 0 2 3 0 0 1 3 0 0 1 3 3 3 1 3 1 3 3 1 4 3 4 0 0 0 4 4 2 0 1 3 2 4 1 4 0 2 4 1 3 3 2 3 3 3 1 3 2 3 0 0 1 1 1 0 0 2 2 4 0 3 3 1 1 2 3 1 3 0 0 3 3 2 2 2 2 0 0 3 1 3 3 3 0 0 0 0 0 0 1 0 0 0 
2 0 0 0 0 3 3 2 3 1 3 3 3 1 4 0 0 0 3 3 0 0 3 3 0 0 1 2 2 3 1 3 0 4 3 1 4 3 4 0 0 1 3 4 2 0 1 3 3 4 1 4 0 1 4 1 3 3 2 3 3 3 1 1 1 3 1 0 1 1 1 0 0 2 2 3 0 3 3 1 0 2 3 1 1 0 0 3 4 3 3 2 2 0 0 4 1 3 3 3 0 0 0 0 0 0 0 0 0 0 
#TS27
3 0 2 3 2 3 4 0 2 0 3 3 3 1 3 1 2 3 1 3 3 0 4 2 0 0 1 3 2 3 3 3 1 3 4 1 2 3 3 2 0 1 3 4 3 0 1 2 2 4 1 4 0 3 4 1 2 4 2 3 3 3 1 1 1 3 1 2 1 1 1 0 0 2 2 0 0 1 3 1 1 1 4 0 2 3 1 2 4 2 1 2 2 4 4 4 1 3 3 3 0 0 0 0 0 0 0 0 0 0 
3 0 2 3 2 3 3 0 2 0 3 4 3 1 3 1 2 1 1 3 2 0 4 2 0 0 1 3 2 3 3 2 1 3 4 1 2 3 3 2 0 1 3 3 2 0 1 3 2 3 1 4 1 3 4 0 2 4 2 3 3 3 1 1 1 3 1 2 2 1 1 0 0 2 2 0 0 2 3 1 1 0 3 1 2 3 1 3 4 2 1 2 2 3 3 4 1 3 3 3 0 0 0 0 0 0 0 0 0 0 
#TS28
2 0 0 0 0 3 2 1 2 1 3 3 3 1 3 0 0 0 2 3 0 0 3 4 0 1 1 3 2 3 1 2 1 4 2 2 3 3 4 0 0 1 4 3 2 0 1 3 2 4 0 4 0 1 4 1 3 3 1 3 3 4 2 2 1 3 1 0 2 1 1 0 0 2 2 4 0 3 3 1 0 3 3 1 2 0 0 3 4 3 2 2 2 0 0 4 1 3 3 3 0 0 0 0 0 0 1 0 0 0 
3 0 0 0 0 3 3 2 2 1 4 3 3 2 2 0 0 0 2 3 0 0 2 3 0 1 1 3 1 3 2 4 0 3 3 1 3 2 4 0 0 1 3 4 3 0 0 2 2 4 0 4 0 1 4 1 3 3 2 3 3 3 1 1 1 3 1 0 1 1 1 0 0 2 2 4 0 3 3 1 1 3 3 0 2 0 0 3 4 3 2 1 3 0 0 4 0 3 3 3 0 0 0 0 0 0 1 0 0 0 
#TS29
0 2 3 2 0 3 0 3 2 2 1 3 3 4 3 2 2 4 1 1 2 0 4 4 0 0 1 3 1 1 3 2 0 4 0 1 2 3 3 0 0 2 2 2 3 0 0 4 2 1 0 4 2 3 1 1 0 0 1 3 2 3 4 0 1 2 0 2 1 1 0 0 0 2 4 3 0 1 0 1 2 3 0 0 2 3 4 1 0 3 0 2 4 3 4 4 2 0 3 3 0 0 0 1 0 0 0 0 0 0 
0 2 3 3 0 3 1 4 2 2 0 3 3 3 3 2 2 4 1 2 1 0 3 4 0 0 1 3 2 1 3 4 0 3 0 1 2 3 3 0 0 2 3 3 3 0 0 4 3 2 1 4 1 3 1 2 1 1 1 3 3 2 4 0 1 3 0 1 1 1 0 0 1 2 3 4 0 0 0 2 2 4 0 0 2 3 4 1 0 3 0 2 4 3 4 3 1 0 3 3 0 0 0 1 0 0 0 0 0 0 
#TS30
1 0 3 0 0 3 4 0 2 1 2 1 3 1 3 1 1 2 2 3 1 0 4 2 0 0 1 3 2 3 3 3 1 2 1 1 2 3 1 0 0 1 2 4 3 0 1 1 4 3 0 4 0 2 4 1 2 2 2 3 3 3 2 1 0 4 4 0 1 1 1 0 0 2 2 1 0 1 2 1 1 0 3 1 2 3 1 3 4 0 1 2 4 3 4 4 0 1 3 3 0 0 0 0 0 1 0 0 0 0 
1 0 3 0 0 3 3 1 1 1 1 2 3 2 3 2 2 2 2 3 1 0 4 2 0 0 1 2 2 3 3 3 1 1 1 1 3 3 0 0 0 1 3 3 3 0 0 0 3 4 0 4 0 1 3 3 1 0 1 3 2 3 2 1 0 3 4 0 1 1 1 0 0 2 2 1 0 1 2 2 1 0 3 0 2 3 1 2 4 0 1 2 4 3 4 4 0 1 3 3 0 0 0 0 0 1 0 0 0 0 
#TS31
3 0 2 3 2 3 3 0 2 1 3 3 3 1 2 1 2 2 1 3 2 0 4 2 0 0 1 3 2 3 3 3 1 4 4 1 2 3 3 1 0 1 2 4 3 0 1 3 2 3 1 4 0 3 4 0 2 3 2 3 3 3 2 1 1 3 1 2 0 1 1 0 0 2 2 1 0 1 3 1 1 1 3 1 2 3 1 3 4 2 1 2 2 3 3 4 1 3 3 3 0 0 0 0 0 0 0 0 0 0 
3 0 2 3 2 3 3 0 3 1 3 3 3 1 3 2 2 2 1 3 2 0 4 2 0 0 1 2 2 3 3 3 1 3 4 1 2 3 3 2 0 1 3 4 3 0 1 3 2 3 2 4 0 3 4 0 2 3 2 3 3 4 2 1 1 2 1 2 1 1 1 0 0 2 2 1 0 1 3 1 1 1 3 0 2 3 1 3 4 3 1 2 2 3 4 4 1 2 3 3 0 0 0 0 0 0 0 0 0 0 
#TS32
3 0 2 3 2 3 3 0 2 1 3 3 3 1 3 1 2 2 1 3 2 0 4 2 0 0 1 3 2 3 3 3 1 3 4 1 2 3 3 2 0 1 2 4 3 0 1 3 2 3 1 4 0 3 4 0 2 4 2 3 3 3 2 1 1 3 1 2 1 1 1 0 0 2 2 1 0 1 3 1 1 0 3 1 2 3 1 3 4 3 1 2 2 3 4 4 1 3 3 3 0 0 0 0 0 1 0 0 0 0 
3 0 3 1 0 3 4 0 2 0 3 1 3 1 3 1 2 1 2 3 1 0 4 2 0 0 1 3 2 3 3 3 1 2 4 1 2 3 1 0 0 1 2 4 3 0 1 1 2 4 0 4 0 2 3 1 2 3 2 3 3 3 1 1 0 3 3 0 1 1 1 0 0 2 2 1 0 1 1 1 2 0 3 1 2 3 1 3 4 0 2 2 3 3 4 4 1 1 3 3 0 0 0 0 0 1 0 0 0 0 
#TS33
3 0 2 3 2 3 3 0 2 1 3 3 3 1 3 1 2 2 1 3 2 0 4 2 0 0 1 3 2 3 3 3 1 3 4 1 2 3 3 2 0 1 2 4 3 0 1 3 2 3 1 4 0 3 4 0 2 4 2 3 3 3 2 1 1 3 1 2 1 1 1 0 0 2 2 1 0 1 3 1 1 0 3 1 2 3 1 3 4 3 1 2 2 3 4 4 1 3 3 3 0 0 0 0 0 0 0 0 1 0 
3 0 2 3 1 3 3 2 2 1 3 3 0 1 3 1 2 2 1 3 2 3 2 2 3 0 1 1 3 3 2 3 0 1 4 1 2 3 3 1 0 1 2 4 4 0 1 1 2 4 1 3 0 1 4 0 2 4 2 3 3 3 2 2 1 3 1 2 1 0 1 0 0 1 2 1 0 2 3 0 1 1 3 0 2 3 1 3 4 3 1 2 2 2 4 4 1 0 1 3 0 0 0 0 0 0 0 0 1 0 
#TS34
2 0 2 3 2 3 3 0 2 1 3 2 2 0 3 2 2 1 1 3 2 0 4 3 0 0 1 3 2 3 3 2 0 3 4 1 2 3 3 2 0 1 2 4 2 0 1 3 2 3 2 4 2 3 4 0 3 4 2 3 3 3 2 1 1 3 1 2 1 0 1 0 0 2 2 1 0 1 3 1 1 0 3 0 2 3 1 3 4 2 1 1 2 3 4 4 1 3 3 3 0 0 0 0 0 0 0 0 0 0 
3 0 2 3 2 3 3 0 2 1 3 3 2 1 3 1 3 2 1 3 2 0 4 2 0 0 1 3 2 3 2 3 1 3 4 1 2 3 3 2 0 1 2 4 3 0 1 3 2 3 1 4 1 3 4 0 3 4 2 3 4 3 2 1 1 2 1 2 1 0 1 0 0 2 2 1 0 1 3 1 1 1 3 1 2 3 1 2 3 3 1 2 2 3 3 4 1 3 3 3 0 0 0 0 0 0 0 0 0 0 
#TS35
4 0 2 3 2 3 3 0 2 1 2 3 3 1 3 1 2 2 2 3 2 0 4 2 0 0 1 3 2 3 3 4 1 3 4 1 2 3 3 2 0 1 1 4 3 0 1 4 2 3 1 4 0 3 3 0 2 4 2 3 3 4 1 1 1 3 1 2 1 1 1 0 0 1 2 1 0 2 3 1 1 0 3 0 2 3 1 3 4 3 1 1 2 3 4 4 1 3 3 3 0 0 0 0 0 0 0 0 0 0 
3 0 2 3 2 3 3 0 2 0 3 3 3 1 3 1 2 2 1 3 2 0 4 2 0 0 1 3 2 3 3 3 1 4 4 1 3 3 3 2 0 1 1 4 3 0 2 4 3 3 0 4 0 3 3 0 2 4 2 3 3 3 2 1 1 3 1 2 1 1 1 0 0 2 2 1 0 1 3 0 1 0 2 0 2 3 1 3 4 3 0 2 2 3 4 4 0 3 3 3 0 0 0 0 0 0 0 0 0 0 
#TS36
2 0 3 0 0 3 3 0 2 1 3 3 3 2 2 1 0 2 2 4 1 0 4 2 2 2 1 3 2 3 4 3 0 3 3 1 4 3 3 0 0 1 1 4 2 0 1 3 2 4 0 4 3 0 4 1 2 4 2 3 3 3 1 1 1 3 1 2 1 1 1 0 0 2 2 1 1 1 3 1 1 0 3 1 2 2 0 3 4 3 0 2 2 3 4 0 4 3 3 3 0 0 0 0 0 0 0 1 0 0 
2 0 3 0 0 3 3 0 2 0 3 3 3 2 1 1 0 2 3 3 1 0 4 2 2 1 2 3 2 3 4 3 0 4 2 1 4 2 3 0 0 1 1 4 3 0 1 3 2 3 0 3 3 0 4 0 2 4 2 4 3 3 1 1 0 3 1 3 1 1 1 0 0 2 2 1 1 1 3 1 1 1 3 1 2 3 0 3 4 3 1 1 2 3 3 0 3 3 3 3 0 0 0 0 0 0 0 0 0 0 
#TS37
3 0 2 3 2 2 2 1 2 0 3 0 1 0 3 3 1 2 1 3 4 1 4 4 0 0 1 0 0 3 2 3 2 0 1 0 2 2 2 0 1 2 3 4 2 0 4 0 2 0 0 0 3 3 4 0 2 4 2 3 3 1 1 1 0 2 3 3 1 4 1 3 2 3 0 4 0 1 3 1 1 0 3 0 2 2 1 3 4 3 1 2 2 3 4 4 2 3 3 3 0 0 0 0 0 0 0 0 0 1 
4 0 2 3 2 1 3 0 1 0 3 0 2 0 2 3 2 2 1 3 4 1 4 4 0 0 1 1 0 3 2 3 1 0 1 0 2 1 2 0 1 2 2 4 3 0 4 0 2 0 1 0 3 3 4 0 2 4 3 3 3 0 2 1 1 2 4 2 0 4 1 3 1 4 0 4 0 1 3 1 0 0 3 0 2 3 1 3 4 3 1 2 2 4 4 4 1 3 3 3 0 0 0 0 0 0 0 0 0 1 
#TS38
1 0 1 0 0 3 1 0 1 1 3 3 3 2 3 1 2 2 3 3 0 3 4 2 0 2 0 3 2 0 4 3 1 3 1 1 2 4 4 2 0 1 1 4 2 0 1 2 2 4 0 4 0 0 2 2 1 1 0 4 4 3 1 1 1 3 1 2 1 0 0 0 0 1 2 1 0 1 3 0 0 3 3 0 0 3 1 3 3 4 1 0 2 3 4 1 0 3 3 3 1 0 0 0 0 0 0 0 0 0 
0 0 1 0 0 3 1 0 0 2 3 3 3 3 3 0 2 2 4 3 0 3 4 2 0 2 0 3 2 0 4 3 1 3 1 2 2 3 4 2 0 1 2 2 1 0 1 2 3 4 1 4 0 0 1 2 0 1 1 3 3 3 0 1 1 3 1 2 1 1 0 0 0 2 2 1 0 1 2 0 0 3 2 0 0 3 0 1 2 4 1 0 1 3 4 1 0 2 3 3 1 0 0 0 0 0 0 0 0 0 
#TS39
0 3 2 0 0 3 0 4 3 3 3 1 3 4 2 3 4 1 1 1 1 0 4 1 0 0 1 2 1 3 3 4 1 1 0 1 2 3 0 0 0 0 3 0 3 0 0 0 4 4 0 4 0 0 2 4 0 0 0 3 2 3 2 1 0 2 4 0 1 1 1 1 0 2 3 1 0 2 1 2 0 0 3 0 2 2 1 2 4 0 2 3 4 3 4 4 1 1 3 3 0 0 0 0 0 1 0 0 0 0 
0 4 2 0 0 3 1 4 4 4 2 1 3 3 3 3 4 1 1 0 1 0 4 2 0 0 1 2 1 4 3 2 1 1 0 0 2 2 0 0 0 0 3 0 3 0 0 0 4 4 0 4 0 0 3 4 0 0 0 4 3 3 2 1 0 3 3 0 2 1 1 2 0 2 2 2 0 2 2 2 0 0 3 0 2 3 1 1 4 0 3 3 3 3 3 4 1 1 3 3 0 0 0 0 0 1 0 0 0 0 
#TS40
0 2 3 3 0 3 3 3 2 4 3 3 4 0 2 0 2 1 2 3 3 0 1 2 4 0 1 3 2 3 3 2 1 4 3 3 4 3 4 2 0 3 0 4 3 2 1 3 3 0 4 4 4 0 2 1 3 2 0 3 3 3 2 1 1 3 1 2 3 0 4 1 0 2 2 1 0 3 3 1 1 0 3 1 2 3 1 3 4 3 1 2 2 1 3 4 1 3 3 0 0 0 1 0 0 0 0 0 0 0 
1 1 4 3 0 4 4 3 3 3 3 3 4 0 3 0 2 1 2 3 4 0 1 1 4 0 0 3 2 3 3 4 1 3 4 3 3 4 4 2 0 4 0 3 3 2 1 3 2 0 3 4 3 1 2 2 3 1 1 3 3 4 2 1 1 3 1 2 1 0 3 1 0 2 2 1 0 3 3 1 1 0 3 0 2 2 1 3 4 3 1 2 2 1 3 4 1 3 3 0 0 0 1 0 0 0 0 0 0 0 
#TS41
3 1 2 3 4 3 3 2 2 3 2 3 2 2 3 1 3 2 0 3 4 0 4 2 0 0 0 3 2 3 3 3 1 3 4 1 2 3 3 2 0 1 2 3 3 0 1 3 2 2 1 4 0 3 3 0 2 4 2 3 3 3 2 1 1 3 2 2 1 1 1 1 1 3 2 2 0 2 2 2 1 1 4 1 1 3 1 2 3 2 3 2 3 4 4 4 1 3 3 3 0 0 0 0 0 0 0 0 0 0 
3 1 2 3 2 3 3 1 2 2 3 3 2 1 3 1 3 2 0 3 3 0 3 2 0 0 1 3 2 3 3 2 1 3 4 1 2 3 3 3 0 1 2 4 3 0 1 3 2 2 1 4 1 2 4 0 3 4 2 3 2 3 2 1 1 4 2 2 1 1 1 1 0 2 2 1 0 1 3 2 1 2 3 1 1 3 1 3 2 2 3 2 3 3 4 4 2 3 4 3 0 0 0 0 0 0 0 0 0 0 
#TS42
3 0 2 3 2 3 3 0 2 2 3 3 3 1 3 1 2 2 1 3 2 0 4 2 0 0 1 3 2 3 2 3 1 3 4 1 2 3 3 2 0 1 2 4 3 0 1 3 2 3 1 4 0 3 3 0 2 4 2 3 2 3 2 1 1 3 1 2 1 0 1 0 0 2 2 0 0 1 3 1 1 0 3 0 3 3 1 3 4 3 1 2 2 3 3 4 1 3 3 3 0 0 0 0 0 0 0 0 0 0 
4 0 3 3 2 3 3 0 3 1 3 3 3 1 3 1 2 2 1 3 1 0 4 3 0 0 1 3 2 3 3 3 1 3 4 1 2 3 3 3 0 1 2 4 3 0 1 3 1 4 1 4 0 4 4 0 2 4 3 3 3 3 2 1 1 3 1 1 1 0 1 0 0 1 2 0 0 1 3 1 1 0 3 1 2 3 1 3 3 3 1 1 2 3 3 4 0 3 2 2 0 0 0 0 0 0 0 0 0 0 
#TS43
3 0 0 0 0 3 3 2 2 1 4 3 3 2 2 0 0 0 2 3 0 0 2 3 0 1 1 3 1 3 2 4 0 3 3 1 3 2 4 0 0 1 3 4 3 0 0 2 2 4 0 4 0 1 4 1 3 3 2 3 3 3 1 1 1 3 1 0 1 1 1 0 0 2 2 4 0 3 3 1 1 3 3 0 2 0 0 3 4 3 2 1 3 0 0 4 0 3 3 3 0 0 0 0 0 0 1 0 0 0 
3 0 0 0 1 3 3 1 2 1 3 3 3 2 3 0 0 0 2 3 0 0 3 4 0 0 1 3 2 3 2 2 1 3 4 1 4 3 4 0 0 0 3 4 3 0 1 3 3 3 1 4 0 2 4 1 4 2 2 3 3 3 2 1 2 3 1 0 1 1 1 0 0 2 2 3 0 1 3 1 1 2 3 1 2 0 0 3 4 3 3 1 2 0 0 3 0 3 3 3 0 0 0 0 0 0 1 0 0 0 
#TS44
2 0 3 0 1 3 3 1 2 1 3 3 3 2 1 1 1 2 3 3 1 0 4 2 1 1 0 4 2 3 3 3 0 3 2 1 4 2 3 0 0 1 3 3 3 0 2 3 3 3 0 4 3 0 4 0 2 4 2 3 4 3 2 1 1 3 1 2 2 0 1 1 0 2 2 1 1 1 4 0 1 0 3 1 2 3 0 3 4 3 1 2 2 4 4 0 3 3 2 3 0 0 0 0 0 0 0 1 0 0 
2 0 3 0 1 3 2 1 3 0 3 3 3 2 1 2 1 2 2 3 1 0 3 2 1 2 1 3 2 3 4 2 0 3 4 1 3 3 3 0 0 0 2 4 2 0 1 3 2 4 0 4 3 0 3 0 2 4 2 3 3 3 1 1 1 3 1 2 1 1 1 0 0 2 2 1 1 1 3 1 1 0 3 0 2 3 0 3 4 3 1 2 2 3 4 0 3 3 3 3 0 0 0 0 0 0 0 1 0 0 
#TS45
3 0 0 0 1 3 3 1 2 1 3 3 3 2 3 0 0 0 2 3 0 0 3 4 0 0 1 3 2 3 2 2 1 3 4 1 4 3 4 0 0 0 3 4 3 0 1 3 3 3 1 4 0 2 4 1 4 2 2 3 3 3 2 1 2 3 1 0 1 1 1 0 0 2 2 3 0 1 3 1 1 2 3 1 2 0 0 3 4 3 3 1 2 0 0 3 0 3 3 3 0 0 0 0 0 0 1 0 0 0 
3 0 0 0 1 3 3 2 2 1 3 3 3 2 3 0 0 0 2 3 0 0 2 3 0 0 1 3 1 3 1 3 1 3 3 1 4 3 3 0 0 1 3 4 3 0 1 3 3 4 0 4 0 1 4 1 3 2 1 3 3 3 1 1 1 3 0 0 1 1 1 0 0 3 1 4 0 2 3 1 0 2 3 0 2 0 0 3 4 2 2 2 2 0 0 3 0 3 3 3 0 0 0 0 0 0 1 0 0 0 
#TS46
3 0 2 3 2 3 3 0 2 1 3 3 3 1 3 2 3 2 0 3 2 0 4 2 0 0 1 3 3 3 3 3 2 3 4 1 2 3 3 2 0 1 1 4 3 0 1 3 2 3 1 4 0 3 4 0 2 4 2 3 3 3 2 1 1 2 1 2 1 1 1 0 0 2 2 1 0 1 3 1 1 2 3 0 2 3 1 3 4 2 1 2 2 4 4 4 0 3 3 3 0 0 0 0 0 0 0 0 0 0 
3 0 2 3 2 3 3 0 2 1 3 3 3 1 2 1 2 2 1 3 2 0 4 2 0 0 1 3 2 3 3 3 1 4 4 1 2 3 3 1 0 1 2 4 3 0 1 3 2 3 1 4 0 3 4 0 2 3 2 3 3 3 2 1 1 3 1 2 0 1 1 0 0 2 2 1 0 1 3 1 1 1 3 1 2 3 1 3 4 2 1 2 2 3 3 4 1 3 3 3 0 0 0 0 0 0 0 0 0 0 
#TS47
3 0 2 3 2 3 3 0 2 1 3 3 3 1 3 1 2 1 1 3 2 0 4 1 0 0 1 3 2 3 3 3 1 3 4 1 2 3 3 2 0 1 2 4 3 0 2 3 2 3 2 4 0 3 4 0 2 4 2 3 3 3 1 1 1 3 1 2 2 0 1 0 0 2 2 1 0 1 3 1 1 1 4 1 2 3 1 3 4 3 1 2 3 4 4 4 1 3 3 3 0 0 0 0 0 0 0 0 0 0 
3 0 2 3 2 3 3 0 2 2 3 3 3 1 3 1 2 2 1 3 2 0 4 2 0 0 1 3 2 3 2 3 1 3 4 1 2 3 3 2 0 1 2 4 3 0 1 3 2 3 1 4 0 3 3 0 2 4 2 3 2 3 2 1 1 3 1 2 1 0 1 0 0 2 2 0 0 1 3 1 1 0 3 0 3 3 1 3 4 3 1 2 2 3 3 4 1 3 3 3 0 0 0 0 0 0 0 0 0 0 
#TS48
3 0 2 3 2 2 3 0 4 1 3 0 2 0 3 1 2 2 1 3 3 1 4 4 0 0 1 0 0 3 3 3 1 0 1 0 1 1 3 0 1 1 2 4 2 0 3 0 2 0 1 2 4 3 3 0 2 4 2 3 2 1 2 0 1 3 2 2 2 2 1 3 0 3 0 4 0 1 3 1 1 1 3 1 2 3 1 3 4 3 1 2 2 2 4 4 1 3 4 3 0 0 0 0 0 0 0 0 0 1 
4 0 2 3 2 1 3 0 1 0 3 0 2 0 2 1 2 2 1 3 4 1 4 3 0 0 1 0 0 3 3 3 1 0 1 0 1 1 3 0 0 2 2 4 2 0 3 0 2 0 2 0 4 3 4 0 2 4 2 3 3 0 2 1 1 2 3 2 2 2 1 3 1 3 0 4 0 1 3 1 2 0 4 0 2 3 1 2 4 3 1 2 2 3 4 4 2 3 3 3 0 0 0 0 0 0 0 0 0 1 
#TS49
3 0 2 3 3 3 3 1 2 1 3 2 2 1 2 2 3 1 1 3 3 0 4 2 0 0 1 2 2 3 3 4 1 3 4 1 3 3 3 2 0 1 2 4 3 0 2 3 2 2 3 4 1 3 4 0 2 3 2 3 3 4 2 1 1 3 1 3 2 1 1 1 0 3 2 1 0 1 3 2 1 0 3 0 1 4 1 3 4 3 1 1 2 4 3 4 1 3 3 3 0 0 0 0 0 0 0 0 0 0 
3 0 2 4 2 2 3 0 2 1 2 1 1 0 3 1 2 2 0 3 3 0 4 2 0 0 1 3 2 3 3 3 1 3 4 2 2 3 3 2 0 1 2 4 4 0 1 3 2 2 2 4 1 3 2 0 3 4 2 3 4 3 2 1 1 3 1 1 1 1 1 0 0 2 2 1 0 0 3 1 1 0 3 0 2 3 1 3 4 3 1 2 2 3 4 4 1 3 4 3 0 0 0 0 0 0 0 0 0 0 
#TS50
3 1 2 2 4 3 2 2 2 4 2 2 3 1 3 2 4 2 0 3 2 0 4 2 0 0 1 3 2 3 3 2 1 3 4 2 2 3 4 2 0 1 2 4 3 0 2 4 1 1 0 4 1 3 3 0 2 4 2 3 3 3 2 1 1 3 1 2 1 0 1 1 0 2 2 1 0 2 2 3 0 1 3 0 1 3 2 3 0 3 2 2 4 3 4 4 2 3 2 3 0 0 0 0 0 0 0 0 0 0 
3 1 2 3 3 3 3 1 1 3 2 2 1 1 2 2 2 2 0 3 3 0 4 3 0 0 1 4 2 3 3 2 1 3 4 1 2 3 3 2 0 1 2 4 2 0 2 3 2 2 1 4 2 3 4 0 2 4 2 3 2 3 2 1 1 3 2 2 1 1 1 0 0 3 3 2 0 1 2 3 1 2 3 1 1 2 1 1 1 1 2 2 2 3 3 4 1 3 3 3 0 0 0 0 0 0 0 0 0 0 
#TS51
4 0 2 3 2 3 3 0 3 1 3 3 3 1 3 1 2 2 1 3 2 0 4 2 0 0 1 4 2 3 3 3 0 2 4 1 2 3 3 3 0 1 3 4 2 0 1 3 2 3 1 4 0 3 4 0 2 4 2 2 3 3 2 1 1 3 1 2 1 1 1 0 0 2 2 1 0 1 3 1 2 0 3 1 2 3 2 2 4 3 1 2 2 3 4 4 1 3 3 3 0 0 0 0 0 0 0 0 0 0 
3 0 2 3 2 3 3 0 1 1 3 3 3 1 3 1 2 2 1 3 2 0 4 2 0 0 1 3 2 3 3 2 0 3 4 1 2 3 3 2 0 1 2 4 2 0 1 3 3 3 1 4 0 3 4 0 2 4 2 3 3 3 1 1 1 3 1 2 1 1 1 0 0 2 2 1 0 1 3 1 1 0 3 1 2 3 1 3 4 3 1 2 2 3 4 4 1 3 3 3 0 0 0 0 0 0 0 0 0 0 
#TS52
3 0 2 2 2 3 3 0 2 1 4 3 3 1 3 1 2 1 1 3 3 0 4 2 0 0 1 3 2 3 3 3 1 3 4 1 2 3 4 2 0 1 2 4 3 0 0 3 2 3 1 4 0 2 4 0 2 3 3 3 3 4 2 1 1 2 1 2 1 1 1 0 0 2 2 1 0 1 3 1 1 0 3 0 2 3 1 3 4 3 1 2 2 4 4 4 1 3 3 3 0 0 0 0 0 0 0 0 0 0 
3 0 2 2 2 3 3 0 2 2 3 3 2 1 3 1 2 2 1 3 2 0 4 2 0 0 1 3 2 3 3 4 1 4 4 1 2 3 3 2 0 0 2 4 3 0 1 2 2 3 1 4 0 2 4 0 2 4 2 3 3 3 2 1 1 2 1 2 1 0 1 0 0 2 2 1 0 2 3 1 4 1 3 1 2 3 1 3 4 3 1 2 2 3 4 4 1 3 3 3 0 0 0 0 0 0 0 0 0 0 
#TS53
3 0 3 1 1 3 3 0 2 0 3 3 3 1 2 1 1 2 1 3 1 0 4 3 1 0 1 3 2 3 4 3 0 3 4 1 3 3 3 0 0 1 2 3 3 0 1 2 2 3 1 4 2 1 4 0 2 4 2 4 3 3 2 1 1 3 1 2 2 1 1 0 0 1 2 1 1 1 3 0 1 0 3 1 2 3 0 3 4 3 1 2 2 3 4 0 4 3 3 3 0 0 0 0 0 0 0 1 0 0 
2 0 3 0 0 3 3 0 2 0 3 3 3 1 1 1 0 2 3 3 1 0 4 2 1 0 1 3 2 3 4 2 0 4 3 1 3 3 3 0 0 1 3 4 3 0 1 3 2 3 1 4 2 0 4 0 2 4 2 4 3 3 3 1 2 3 1 2 1 0 1 0 0 2 2 1 2 1 3 1 1 0 3 1 2 3 0 2 4 3 2 1 2 3 4 0 3 3 4 3 0 0 0 0 0 0 0 1 0 0 
#TS54
3 0 2 3 2 3 3 0 3 1 3 3 3 1 3 2 2 2 1 3 2 0 4 3 0 0 1 3 1 3 3 3 1 3 4 1 2 3 3 2 0 1 2 4 3 0 1 3 2 2 1 4 0 3 3 0 2 4 2 3 3 3 2 1 1 2 2 2 1 1 1 0 0 2 2 1 0 1 3 1 1 0 3 0 2 3 1 3 4 3 1 2 2 3 4 4 1 3 4 3 0 0 0 0 0 0 0 0 0 0 
3 0 2 3 2 3 2 0 2 1 3 2 3 1 3 1 2 1 1 3 2 0 4 2 0 0 1 3 2 3 2 2 1 3 4 1 2 3 3 2 0 1 2 4 3 0 2 3 2 3 1 4 0 3 4 1 2 4 2 3 3 3 2 1 1 3 1 2 2 1 1 0 0 2 2 1 0 1 3 1 1 1 3 1 2 3 1 3 4 3 1 1 3 3 3 4 1 3 3 3 0 0 0 0 0 0 0 0 0 0 
#TS55
3 0 2 3 2 3 4 0 3 1 3 3 2 1 3 1 3 2 1 3 2 0 4 2 0 0 1 2 2 3 3 2 1 3 4 1 2 3 3 3 0 1 2 4 3 0 1 3 2 2 1 4 0 3 4 0 3 3 2 3 3 3 1 1 2 3 1 2 1 0 1 0 0 2 2 1 0 1 3 1 1 1 3 1 1 3 1 3 4 3 1 2 2 3 3 4 1 3 3 4 0 0 0 0 0 0 0 0 0 0 
3 0 2 3 2 3 4 0 2 1 3 2 2 1 2 1 2 2 1 4 2 0 4 3 0 0 1 2 2 3 3 3 1 3 4 1 2 3 4 2 0 1 3 4 3 0 1 3 2 2 2 4 1 3 4 0 2 4 2 3 3 3 1 1 1 3 1 2 1 1 1 0 0 2 2 1 0 1 3 1 2 1 3 1 2 3 1 3 4 3 1 2 2 3 4 4 1 3 3 3 0 0 0 0 0 0 0 0 0 0 
#TS56
0 0 3 3 0 3 1 4 1 2 0 4 2 3 3 2 2 4 2 3 1 0 4 4 0 0 1 3 2 1 4 3 0 3 0 1 2 3 3 0 0 2 2 3 3 0 0 4 3 1 1 4 3 3 1 2 1 0 1 3 3 4 3 0 1 2 0 2 1 1 0 0 0 2 2 3 0 1 0 1 2 3 1 0 2 3 4 1 0 4 0 2 3 3 3 4 2 0 3 3 0 0 0 1 0 0 0 0 0 0 
0 1 3 3 0 3 1 4 3 2 0 3 3 4 3 2 2 3 1 2 1 0 4 4 0 0 1 3 2 1 4 3 0 3 0 1 2 2 2 0 0 3 2 2 3 0 0 4 3 1 1 4 3 3 1 3 1 0 0 3 1 4 4 0 1 1 0 2 0 1 0 0 0 2 3 3 0 1 0 2 3 4 1 0 2 3 3 1 0 3 0 2 3 3 4 4 1 0 3 3 0 0 0 1 0 0 0 0 0 0 
#TS57
4 0 2 3 1 1 3 0 2 0 3 0 2 0 2 2 2 1 1 3 4 1 4 3 0 0 1 0 0 3 3 4 1 0 1 0 2 1 3 0 1 3 2 4 3 0 3 0 2 0 1 1 4 3 4 0 2 4 2 3 3 0 2 0 2 2 2 4 1 3 1 3 1 3 0 4 0 1 3 1 1 1 3 1 2 3 1 3 4 2 1 2 2 3 3 3 1 3 4 3 0 0 0 0 0 0 0 0 0 1 
3 0 2 3 2 2 2 1 2 0 3 0 1 0 3 3 1 2 1 3 4 1 4 4 0 0 1 0 0 3 2 3 2 0 1 0 2 2 2 0 1 2 3 4 2 0 4 0 2 0 0 0 3 3 4 0 2 4 2 3 3 1 1 1 0 2 3 3 1 4 1 3 2 3 0 4 0 1 3 1 1 0 3 0 2 2 1 3 4 3 1 2 2 3 4 4 2 3 3 3 0 0 0 0 0 0 0 0 0 1 
#TS58
0 4 0 0 0 4 0 0 0 3 3 3 4 3 3 1 3 2 3 0 0 3 4 2 0 3 0 3 1 0 3 3 1 2 0 2 2 3 4 2 0 1 2 0 0 0 1 2 3 4 0 4 0 0 0 3 0 0 1 3 4 3 0 1 0 3 1 2 0 1 0 2 0 2 1 1 0 1 2 0 0 3 2 0 0 3 1 0 1 3 0 0 0 3 3 1 0 3 3 3 1 0 0 0 0 0 0 0 0 0 
0 4 0 0 0 3 0 0 0 4 4 3 3 4 3 1 4 2 3 0 0 2 4 2 0 3 0 3 1 0 4 3 1 3 0 1 2 3 4 2 0 1 2 1 0 0 2 3 2 4 0 4 0 0 0 3 0 0 0 3 3 3 0 1 1 3 2 2 1 1 0 1 0 3 2 1 0 1 3 0 1 4 3 0 0 3 0 0 1 3 0 0 0 3 4 1 0 3 3 3 0 0 0 0 0 0 0 0 0 0 
#TS59
0 0 1 0 0 3 1 0 0 2 3 3 3 3 3 0 2 2 4 3 0 3 4 2 0 2 0 3 2 0 4 3 1 3 1 2 2 3 4 2 0 1 2 2 1 0 1 2 3 4 1 4 0 0 1 2 0 1 1 3 3 3 0 1 1 3 1 2 1 1 0 0 0 2 2 1 0 1 2 0 0 3 2 0 0 3 0 1 2 4 1 0 1 3 4 1 0 2 3 3 1 0 0 0 0 0 0 0 0 0 
0 0 1 0 0 3 1 0 0 3 3 4 4 2 3 1 4 1 4 3 0 2 4 2 0 2 0 3 2 0 4 2 1 3 0 2 2 3 4 2 0 1 2 1 0 0 2 2 3 4 0 4 0 0 0 3 0 0 0 3 4 3 1 1 2 3 1 1 1 1 0 0 0 3 2 1 0 1 3 0 0 3 2 0 0 3 0 0 2 3 1 0 0 3 4 1 0 3 3 3 1 0 0 0 0 0 0 0 0 0 
#TS60
3 2 3 1 4 3 2 0 1 3 3 3 3 2 3 2 4 2 0 3 3 0 4 2 0 1 1 3 1 3 4 3 1 3 4 1 2 3 4 2 0 1 2 4 2 0 3 3 1 3 0 4 0 3 4 0 2 4 2 3 1 3 1 0 0 3 1 3 1 1 1 0 0 2 2 1 0 1 4 1 1 1 2 0 2 3 1 3 3 3 0 1 0 3 4 4 0 3 3 3 0 0 0 0 0 0 0 0 0 0 
3 1 2 3 3 3 4 1 2 2 2 3 2 2 3 2 4 2 1 3 3 0 3 2 0 0 1 4 2 3 3 3 1 3 4 1 2 3 4 2 0 2 1 4 3 0 2 4 1 2 2 4 0 4 4 0 3 4 2 3 3 3 1 1 1 2 1 2 1 1 1 0 0 2 3 1 0 1 3 1 2 1 3 1 2 3 1 3 4 3 1 1 1 3 4 4 0 3 3 3 0 0 0 0 0 0 0 0 0 0 
#TS61
3 0 2 3 2 3 3 0 3 2 3 3 3 1 3 1 2 1 1 3 3 0 4 2 0 0 1 3 2 3 3 3 1 4 4 1 2 3 4 2 0 1 2 4 3 0 2 3 2 3 1 4 1 3 4 0 2 3 2 3 2 4 1 1 2 3 2 2 1 1 1 0 0 1 2 1 0 1 3 1 1 1 3 1 2 3 1 3 4 3 1 2 1 3 4 4 0 3 3 3 0 0 0 0 0 0 0 0 0 0 
3 0 2 3 2 3 3 0 1 1 3 3 3 1 3 1 2 2 1 3 2 0 4 2 0 0 1 3 2 3 3 3 1 3 4 1 3 3 4 3 0 1 1 4 3 0 2 3 2 3 1 4 0 3 4 0 2 4 2 3 3 3 2 1 1 4 1 2 1 1 1 0 0 2 2 1 0 1 3 1 1 0 3 1 2 3 1 3 4 3 1 2 1 3 4 4 0 3 3 2 0 0 0 0 0 0 0 0 0 0 
#TS62
3 0 2 3 2 3 3 0 2 1 3 3 3 1 3 1 2 2 1 3 2 0 4 2 0 1 1 4 2 3 3 3 1 3 4 1 2 3 3 2 0 1 2 3 2 0 1 3 2 2 0 4 1 3 4 0 2 4 2 3 3 3 1 1 1 2 1 2 1 0 1 0 0 2 2 0 0 1 3 0 1 1 2 1 3 3 1 3 4 3 1 1 1 3 4 4 0 3 3 3 0 0 0 0 0 0 0 0 0 0 
3 0 2 3 2 3 3 0 3 2 3 3 3 1 3 1 2 1 1 3 3 0 4 2 0 0 1 3 2 3 3 3 1 4 4 1 2 3 4 2 0 1 2 4 3 0 2 3 2 3 1 4 1 3 4 0 2 3 2 3 2 4 1 1 2 3 2 2 1 1 1 0 0 1 2 1 0 1 3 1 1 1 3 1 2 3 1 3 4 3 1 2 1 3 4 4 0 3 3 3 0 0 0 0 0 0 0 0 0 0 
#TS63
3 0 2 2 1 3 3 0 2 1 3 3 3 1 1 0 2 2 2 3 0 0 2 2 0 0 1 3 2 1 3 2 0 3 4 2 2 3 3 2 0 0 2 4 2 0 1 1 4 3 1 1 0 3 4 0 2 4 2 4 3 4 2 1 1 3 2 2 1 1 0 0 0 1 2 1 2 3 3 1 0 0 3 1 2 2 0 2 4 3 1 2 3 3 4 4 1 3 2 3 0 0 0 0 1 0 0 0 0 0 
2 0 3 0 0 3 3 0 2 1 3 3 2 1 1 0 1 2 3 3 0 0 0 2 0 0 1 3 2 0 3 0 0 2 2 3 2 3 3 2 0 0 2 4 3 0 1 0 2 4 4 0 0 3 3 1 1 2 1 4 3 3 2 1 0 3 1 2 1 1 1 0 0 0 2 1 2 3 3 1 2 0 3 1 2 2 0 3 4 3 1 2 2 3 4 4 1 3 1 3 0 0 0 0 1 0 0 0 0 0 
#TS64
2 0 2 3 2 3 3 0 1 1 3 3 2 0 4 1 2 1 1 3 2 0 4 2 0 0 1 3 1 3 3 3 1 3 4 1 2 3 3 2 0 1 3 4 2 0 1 3 2 3 1 4 0 3 4 0 3 4 2 3 3 3 2 1 1 3 1 2 0 1 1 0 0 2 2 1 0 1 3 2 1 0 3 0 2 3 1 3 3 3 2 2 2 3 4 4 1 3 3 3 0 0 0 0 0 0 0 0 0 0 
3 0 2 3 2 3 4 0 2 0 3 3 3 1 3 1 2 3 1 3 3 0 4 2 0 0 1 3 2 3 3 3 1 3 4 1 2 3 3 2 0 1 3 4 3 0 1 2 2 4 1 4 0 3 4 1 2 4 2 3 3 3 1 1 1 3 1 2 1 1 1 0 0 2 2 0 0 1 3 1 1 1 4 0 2 3 1 2 4 2 1 2 2 4 4 4 1 3 3 3 0 0 0 0 0 0 0 0 0 0 
#TS65
2 0 3 3 0 3 3 1 1 2 4 4 3 2 0 0 0 2 3 3 1 0 4 2 0 0 0 3 2 3 2 3 1 3 3 3 2 4 3 1 4 0 4 4 3 0 1 2 2 4 0 4 0 2 3 0 2 2 2 4 3 3 2 0 1 4 1 2 1 1 3 1 0 2 2 1 4 1 3 1 0 1 3 4 2 0 0 3 4 0 4 2 3 2 4 4 0 3 3 3 0 0 0 0 0 0 0 0 0 0 
3 0 2 1 2 3 3 0 2 2 4 3 3 1 3 1 1 2 1 3 2 0 4 2 0 0 1 2 2 3 3 3 0 3 4 1 2 3 3 2 1 0 3 4 3 0 0 2 2 3 0 4 0 2 4 0 2 2 2 3 3 4 1 0 1 3 1 2 1 1 1 0 0 2 1 1 0 1 3 1 1 1 3 1 1 3 1 3 4 2 2 2 2 4 3 3 1 3 3 3 0 0 0 0 0 0 0 0 0 0 
#TS66
0 2 3 3 0 3 1 4 2 2 0 3 3 3 3 2 2 4 1 2 1 0 3 4 0 0 1 3 2 1 3 4 0 3 0 1 2 3 3 0 0 2 3 3 3 0 0 4 3 2 1 4 1 3 1 2 1 1 1 3 3 2 4 0 1 3 0 1 1 1 0 0 1 2 3 4 0 0 0 2 2 4 0 0 2 3 4 1 0 3 0 2 4 3 4 3 1 0 3 3 0 0 0 1 0 0 0 0 0 0 
0 2 3 2 0 4 0 4 1 2 0 3 2 4 3 2 2 3 1 2 2 0 4 4 0 0 1 3 1 1 4 2 0 3 0 1 2 3 3 0 0 2 2 4 3 0 0 4 3 1 0 4 2 3 1 2 0 1 1 3 1 3 3 0 1 3 0 2 1 1 0 0 0 3 3 3 0 0 0 2 4 4 0 0 2 3 3 1 0 3 0 1 3 3 4 4 1 0 3 3 0 0 0 0 0 0 0 0 0 0 
#TS67
0 3 2 0 0 3 0 2 3 3 3 1 3 4 3 2 3 2 1 2 1 0 4 2 0 0 1 2 1 3 3 3 1 2 0 1 2 2 0 0 0 1 3 0 3 0 0 1 4 4 0 4 0 1 2 4 1 0 0 3 3 3 2 1 0 3 3 0 3 1 1 0 0 2 3 1 0 1 2 2 0 1 3 0 2 3 1 2 4 0 4 4 4 3 4 4 1 1 3 3 0 0 0 0 0 1 0 0 0 0 
0 3 2 0 0 3 0 4 3 3 3 1 3 4 2 3 4 1 1 1 1 0 4 1 0 0 1 2 1 3 3 4 1 1 0 1 2 3 0 0 0 0 3 0 3 0 0 0 4 4 0 4 0 0 2 4 0 0 0 3 2 3 2 1 0 2 4 0 1 1 1 1 0 2 3 1 0 2 1 2 0 0 3 0 2 2 1 2 4 0 2 3 4 3 4 4 1 1 3 3 0 0 0 0 0 1 0 0 0 0 
#TS68
0 1 3 3 0 3 1 4 3 2 0 3 3 4 3 2 2 3 1 2 1 0 4 4 0 0 1 3 2 1 4 3 0 3 0 1 2 2 2 0 0 3 2 2 3 0 0 4 3 1 1 4 3 3 1 3 1 0 0 3 1 4 4 0 1 1 0 2 0 1 0 0 0 2 3 3 0 1 0 2 3 4 1 0 2 3 3 1 0 3 0 2 3 3 4 4 1 0 3 3 0 0 0 1 0 0 0 0 0 0 
0 2 4 3 0 3 0 4 2 2 0 3 2 3 4 2 2 2 1 2 1 0 4 4 0 0 1 3 1 1 4 3 0 4 0 1 2 3 3 0 0 3 2 1 2 0 0 4 3 1 0 4 2 3 1 2 1 1 0 3 2 3 4 0 1 3 0 1 0 1 0 0 0 2 3 3 0 1 0 2 3 4 0 0 2 3 4 1 0 3 0 2 4 3 4 4 2 0 2 3 0 0 0 1 0 0 0 0 0 0 
#TS69
3 0 3 0 1 4 3 4 0 1 3 3 0 2 3 3 0 2 2 3 1 4 2 3 3 0 1 0 2 3 1 3 0 0 4 0 2 1 3 0 0 1 1 4 3 3 3 0 3 4 0 2 0 0 4 0 1 2 0 3 4 0 2 3 1 3 1 0 0 4 0 0 0 2 1 0 0 1 4 0 1 1 3 0 3 2 2 4 2 3 0 0 2 2 4 4 1 0 0 3 0 0 0 0 0 0 0 0 1 0 
3 0 3 0 0 3 3 4 0 1 3 4 0 2 2 2 0 2 2 3 0 4 2 3 3 0 1 0 2 3 1 3 0 0 4 0 2 1 3 0 0 1 2 4 2 3 3 0 2 4 0 2 0 0 4 0 2 1 0 4 3 1 1 2 1 4 1 0 1 3 1 0 0 4 2 0 0 1 3 0 1 2 3 0 2 3 2 4 3 3 0 1 2 2 4 4 0 0 0 3 0 0 0 0 0 0 0 0 1 0 
#TS70
3 0 2 3 1 3 3 2 2 1 3 3 0 1 3 1 2 2 1 3 2 3 2 2 3 0 1 1 3 3 2 3 0 1 4 1 2 3 3 1 0 1 2 4 4 0 1 1 2 4 1 3 0 1 4 0 2 4 2 3 3 3 2 2 1 3 1 2 1 0 1 0 0 1 2 1 0 2 3 0 1 1 3 0 2 3 1 3 4 3 1 2 2 2 4 4 1 0 1 3 0 0 0 0 0 0 0 0 1 0 
3 0 3 1 1 3 3 4 2 1 3 3 0 1 3 2 1 2 2 3 1 4 3 2 3 0 1 1 2 3 1 3 0 0 4 0 3 2 3 0 0 1 2 4 3 0 1 0 2 3 0 2 0 1 3 0 2 4 2 4 3 3 2 2 2 4 1 1 1 1 1 0 0 2 1 1 0 1 3 0 1 1 3 0 2 3 1 4 4 3 1 1 2 2 3 4 0 0 0 3 0 0 0 0 0 0 0 0 1 0 
#TS71
2 0 3 0 1 3 2 1 3 0 3 3 3 2 1 2 1 2 2 3 1 0 3 2 1 2 1 3 2 3 4 2 0 3 4 1 3 3 3 0 0 0 2 4 2 0 1 3 2 4 0 4 3 0 3 0 2 4 2 3 3 3 1 1 1 3 1 2 1 1 1 0 0 2 2 1 1 1 3 1 1 0 3 0 2 3 0 3 4 3 1 2 2 3 4 0 3 3 3 3 0 0 0 0 0 0 0 1 0 0 
2 0 3 0 1 3 3 0 2 0 3 3 3 2 2 1 1 1 1 3 0 0 3 2 1 2 1 3 2 2 4 2 0 3 3 1 4 3 3 0 0 1 3 4 4 0 1 3 2 3 0 4 3 0 4 0 1 4 2 4 3 3 1 1 1 3 2 2 1 0 1 0 0 2 2 0 1 1 3 0 0 0 3 1 2 3 0 3 4 3 1 1 1 3 4 0 3 3 3 3 0 0 0 0 0 0 0 1 0 0 
#TS72
3 0 1 0 0 4 2 0 1 1 3 3 3 1 3 0 2 1 3 3 0 4 3 2 0 0 0 3 2 0 4 3 0 3 3 1 2 3 4 2 0 1 1 4 2 0 1 2 2 3 1 4 0 1 2 1 2 2 1 3 3 3 2 1 1 3 1 2 1 0 0 0 0 1 2 1 0 1 2 0 2 3 3 0 0 2 0 3 4 3 1 1 2 3 4 1 0 3 3 3 1 0 0 0 0 0 0 0 0 0 
1 0 1 0 0 3 1 0 1 1 3 3 3 2 3 1 2 2 3 3 0 3 4 2 0 2 0 3 2 0 4 3 1 3 1 1 2 4 4 2 0 1 1 4 2 0 1 2 2 4 0 4 0 0 2 2 1 1 0 4 4 3 1 1 1 3 1 2 1 0 0 0 0 1 2 1 0 1 3 0 0 3 3 0 0 3 1 3 3 4 1 0 2 3 4 1 0 3 3 3 1 0 0 0 0 0 0 0 0 0 
#TS73
1 4 2 0 3 3 0 0 0 4 3 3 3 4 3 2 4 1 1 1 2 0 4 2 0 2 1 2 2 2 4 4 1 3 2 1 2 3 3 2 0 1 2 3 1 0 4 4 2 4 0 4 0 2 2 2 2 2 1 3 1 3 1 0 1 3 1 2 1 1 1 0 0 2 2 1 0 1 3 0 0 0 3 0 2 3 1 2 2 4 1 0 0 3 4 4 0 3 3 3 0 0 0 0 0 0 0 0 0 0 
3 2 3 1 4 3 2 0 1 3 3 3 3 2 3 2 4 2 0 3 3 0 4 2 0 1 1 3 1 3 4 3 1 3 4 1 2 3 4 2 0 1 2 4 2 0 3 3 1 3 0 4 0 3 4 0 2 4 2 3 1 3 1 0 0 3 1 3 1 1 1 0 0 2 2 1 0 1 4 1 1 1 2 0 2 3 1 3 3 3 0 1 0 3 4 4 0 3 3 3 0 0 0 0 0 0 0 0 0 0 
#TS74
3 0 2 3 2 2 3 0 2 1 3 0 2 0 3 2 3 2 1 3 3 0 4 3 0 0 1 2 1 3 1 3 1 2 2 0 1 2 2 1 0 2 2 4 3 0 3 3 3 2 1 4 3 3 4 0 2 3 3 3 3 0 2 1 1 3 3 2 1 4 1 3 3 4 1 1 0 1 3 0 2 0 3 0 2 3 1 3 4 3 1 2 2 3 4 4 2 3 3 3 0 0 0 0 0 0 0 0 0 0 
3 0 2 3 2 3 3 0 2 1 3 1 2 0 3 2 2 1 1 2 3 0 4 2 0 0 1 3 2 3 3 2 1 3 4 1 2 3 2 2 0 2 1 4 3 0 2 3 3 3 1 4 2 3 4 0 2 4 2 3 3 2 1 1 1 2 3 3 1 4 1 2 3 4 2 1 0 1 3 1 1 0 3 1 2 3 1 3 4 3 1 2 2 4 4 4 1 3 3 3 0 0 0 0 0 0 0 0 0 0 
#TS75
3 0 0 0 1 3 3 2 2 1 3 3 3 2 3 0 0 0 2 3 0 0 2 3 0 0 1 3 1 3 1 3 1 3 3 1 4 3 3 0 0 1 3 4 3 0 1 3 3 4 0 4 0 1 4 1 3 2 1 3 3 3 1 1 1 3 0 0 1 1 1 0 0 3 1 4 0 2 3 1 0 2 3 0 2 0 0 3 4 2 2 2 2 0 0 3 0 3 3 3 0 0 0 0 0 0 1 0 0 0 
3 0 0 0 1 3 3 1 2 1 3 3 3 1 3 0 0 0 2 3 0 0 1 3 0 0 1 3 3 3 1 3 1 3 3 1 4 3 4 0 0 0 4 4 2 0 1 3 2 4 1 4 0 2 4 1 3 3 2 3 3 3 1 3 2 3 0 0 1 1 1 0 0 2 2 4 0 3 3 1 1 2 3 1 3 0 0 3 3 2 2 2 2 0 0 3 1 3 3 3 0 0 0 0 0 0 1 0 0 0 
#TS76
3 0 2 3 2 3 3 0 2 1 3 2 3 1 2 1 2 2 1 3 3 0 4 2 0 0 1 3 2 3 3 3 0 3 4 1 2 2 3 2 0 1 2 4 3 0 1 3 2 2 2 4 1 3 3 0 2 4 2 4 2 3 2 1 2 3 1 2 1 1 1 0 0 2 2 1 0 2 3 1 1 0 4 1 2 3 1 3 4 2 1 2 2 3 4 4 1 3 4 3 0 0 0 0 0 0 0 0 0 0 
3 0 2 3 2 3 3 0 2 1 3 3 3 1 3 1 2 2 1 3 2 0 4 2 0 0 1 3 2 3 3 3 1 3 4 1 2 2 4 2 0 1 2 4 2 0 1 3 2 2 1 4 1 3 4 0 2 4 2 3 3 3 2 1 1 3 1 2 1 1 1 0 0 2 2 1 0 1 3 1 1 1 3 1 2 2 1 3 4 2 1 2 2 3 4 4 1 3 3 3 0 0 0 0 0 0 0 0 0 0 
#TS77
0 2 3 4 0 3 3 3 2 3 4 3 4 0 2 0 2 2 1 3 4 0 3 2 4 0 1 3 2 3 3 3 1 3 4 4 3 4 3 2 0 4 0 3 3 4 1 4 3 0 4 4 4 1 1 2 4 1 1 3 3 3 1 1 0 4 1 2 1 0 4 0 0 2 1 1 0 3 3 1 1 0 3 1 1 3 1 3 4 3 1 2 2 0 3 4 1 3 2 0 0 0 1 0 0 0 0 0 0 0 
0 2 3 3 0 3 3 3 2 4 3 3 4 0 2 0 2 1 2 3 3 0 1 2 4 0 1 3 2 3 3 2 1 4 3 3 4 3 4 2 0 3 0 4 3 2 1 3 3 0 4 4 4 0 2 1 3 2 0 3 3 3 2 1 1 3 1 2 3 0 4 1 0 2 2 1 0 3 3 1 1 0 3 1 2 3 1 3 4 3 1 2 2 1 3 4 1 3 3 0 0 0 1 0 0 0 0 0 0 0 
#TS78
1 1 4 0 0 2 2 2 2 4 3 3 4 2 0 0 2 2 2 3 0 0 0 0 0 0 0 3 3 1 4 1 0 3 1 4 2 3 3 2 0 0 3 4 3 1 1 0 4 4 4 0 0 3 3 2 1 0 1 3 3 3 1 1 1 4 1 2 1 1 1 1 0 0 2 1 2 3 3 1 0 0 3 0 2 2 0 3 4 3 1 2 2 4 3 4 0 3 1 3 0 0 0 0 1 0 0 0 0 0 
1 1 3 0 0 2 2 4 3 3 3 3 3 2 0 0 3 2 2 3 0 0 0 1 0 0 0 2 3 0 4 1 0 2 1 2 2 3 3 2 0 0 3 4 3 0 1 0 2 4 4 0 0 3 3 1 1 1 1 3 3 3 1 1 1 4 1 2 2 1 1 1 0 0 2 1 3 2 3 1 1 0 3 0 2 2 0 3 4 3 1 2 3 4 3 4 0 4 0 3 0 0 0 0 1 0 0 0 0 0 
#TS79
2 0 3 4 0 3 3 0 2 1 3 2 2 0 3 0 0 1 2 3 1 0 1 3 4 0 1 3 2 3 3 2 1 3 4 3 2 3 4 2 0 1 0 4 3 2 0 3 2 0 3 4 1 2 2 2 4 1 2 3 3 3 2 1 1 2 1 2 1 0 4 0 0 2 2 1 0 3 3 1 1 1 3 1 2 3 1 3 4 3 2 2 2 1 3 4 0 2 3 0 0 0 1 0 0 0 0 0 0 0 
0 0 4 4 0 3 3 1 2 1 4 3 3 0 2 0 0 1 2 2 2 0 1 2 4 0 1 3 1 3 3 3 1 4 4 3 3 4 3 2 0 1 0 3 2 3 1 3 3 0 4 4 2 1 1 2 3 1 1 3 3 2 2 1 1 2 1 2 1 0 2 0 0 2 2 1 0 4 3 0 3 0 3 1 2 3 1 3 4 3 1 2 2 1 3 4 1 3 3 0 0 0 1 0 0 0 0 0 0 0 
#TS80
3 0 2 3 2 3 3 0 2 1 3 3 3 1 3 1 2 2 1 3 2 0 4 2 0 0 1 3 2 3 3 3 1 3 4 1 2 3 3 2 0 1 2 4 3 0 1 3 2 3 1 4 0 3 4 0 2 4 2 3 3 3 2 1 1 3 1 2 1 1 1 0 0 2 2 1 0 1 3 1 1 0 3 1 2 3 1 3 4 3 1 2 2 3 4 4 1 3 3 3 0 1 0 0 0 0 0 0 0 0 
3 0 2 3 1 3 4 0 2 1 3 3 3 1 1 0 2 2 1 3 2 0 4 2 0 0 1 3 2 3 2 3 1 3 4 3 2 3 3 2 3 0 3 4 3 0 1 3 2 3 1 4 0 3 4 0 2 3 2 3 3 3 2 0 1 4 1 1 1 1 2 0 0 2 2 1 4 1 3 1 0 0 3 3 2 1 0 3 3 0 1 2 2 3 4 4 1 3 2 3 0 1 0 0 0 0 0 0 0 0 
#TS81
3 0 2 3 3 3 3 1 2 2 2 1 2 1 2 1 2 2 1 3 3 1 4 1 0 0 1 3 2 3 3 3 1 2 4 1 2 3 4 2 0 1 2 4 2 0 1 3 2 3 1 4 1 4 4 0 3 4 1 3 3 3 2 1 1 3 1 2 2 1 1 1 0 2 2 1 0 1 3 1 1 0 3 1 2 3 1 3 4 3 2 2 3 4 4 4 1 3 3 3 0 0 0 0 0 0 0 0 0 0 
3 0 2 3 2 3 3 0 2 1 3 1 2 0 2 1 2 2 1 3 4 0 4 2 0 0 0 3 2 3 3 3 1 3 4 2 3 2 4 2 0 1 2 4 2 0 1 3 1 2 1 4 1 3 4 0 2 4 2 4 3 3 2 1 1 3 1 2 3 1 1 0 0 2 1 1 0 1 3 1 1 0 3 1 2 3 1 2 3 2 1 2 2 3 4 4 0 3 3 3 0 0 0 0 0 0 0 0 0 0 
#TS82
2 1 3 0 3 3 2 3 3 4 3 3 4 3 3 1 3 2 1 3 2 0 3 1 0 0 0 3 1 2 3 1 1 2 3 1 2 3 3 2 0 0 4 4 3 1 1 2 2 3 1 3 0 3 3 0 2 3 2 3 3 3 2 1 0 3 1 2 1 1 1 0 0 1 2 1 0 1 3 1 0 1 3 0 2 3 1 3 4 2 1 2 4 3 4 4 1 3 3 3 0 0 0 0 0 0 0 0 0 0 
3 0 3 3 4 3 2 1 2 3 2 3 2 2 2 2 2 2 1 3 2 0 3 1 0 0 0 3 2 3 3 3 1 3 4 1 2 3 3 2 0 1 2 4 2 0 0 3 4 2 1 4 1 3 4 0 2 4 2 3 3 3 2 1 1 3 2 2 1 0 1 0 0 2 2 1 0 1 3 2 1 0 3 1 1 3 1 3 4 2 1 2 3 3 3 4 1 3 3 3 0 0 0 0 0 0 0 0 0 0 
#TS83
3 0 2 3 2 3 3 0 1 1 3 3 3 1 3 1 2 2 1 3 2 0 4 2 0 0 1 3 2 3 3 2 0 3 4 1 2 3 3 2 0 1 2 4 2 0 1 3 3 3 1 4 0 3 4 0 2 4 2 3 3 3 1 1 1 3 1 2 1 1 1 0 0 2 2 1 0 1 3 1 1 0 3 1 2 3 1 3 4 3 1 2 2 3 4 4 1 3 3 3 0 0 0 0 0 0 0 0 0 0 
3 0 2 3 2 3 3 0 2 1 3 3 3 1 3 2 2 1 1 4 2 0 4 2 0 0 1 3 2 3 3 3 2 3 4 1 2 3 3 1 0 1 2 4 2 0 1 3 2 4 1 4 0 3 3 0 3 4 2 3 3 3 2 1 1 3 1 2 1 0 1 1 0 2 1 1 0 1 3 1 2 1 3 0 2 3 1 3 4 3 1 2 2 4 4 4 1 3 2 3 0 0 0 0 0 0 0 0 0 0 
#TS84
3 0 2 3 2 3 3 0 2 1 3 3 3 1 3 1 2 2 1 3 2 0 4 2 0 0 1 3 2 3 3 3 1 3 4 1 2 3 3 2 0 1 2 4 3 0 1 3 2 3 1 4 0 3 4 0 2 4 2 3 3 3 2 1 1 3 1 2 1 1 1 0 0 2 2 1 0 1 3 1 1 0 3 1 2 3 1 3 4 3 1 2 2 3 4 4 1 3 3 3 0 0 0 0 0 0 1 0 0 0 
3 0 0 1 1 3 3 1 2 1 3 3 3 1 3 0 0 2 2 3 0 0 3 3 0 0 1 3 2 3 1 3 0 3 4 1 4 3 4 0 0 0 4 4 2 0 1 3 2 3 1 4 0 2 4 1 3 4 2 3 3 3 2 1 1 3 1 1 4 1 1 0 0 1 2 3 0 3 3 1 1 1 3 0 2 1 0 3 4 2 2 2 2 1 4 4 1 3 3 3 0 0 0 0 0 0 1 0 0 0 
#TS85
0 0 4 3 0 3 3 2 2 2 4 3 2 0 2 0 2 1 2 3 2 0 2 2 4 0 0 3 2 3 3 2 1 3 4 3 3 3 4 2 0 2 0 2 3 3 0 3 4 0 3 4 3 1 1 2 3 1 1 3 3 3 2 1 1 3 1 2 1 0 3 1 0 2 2 1 0 4 3 1 1 0 3 1 1 3 2 3 4 3 1 2 3 1 3 4 0 3 3 1 0 0 1 0 0 0 0 0 0 0 
0 1 4 3 0 3 2 2 2 3 3 4 4 0 3 0 2 1 1 3 2 0 2 2 4 0 1 3 2 3 3 3 1 3 3 3 4 3 3 1 0 3 0 2 3 3 1 3 3 0 3 4 2 1 1 2 4 1 1 3 3 3 2 1 2 3 1 2 1 0 4 0 0 2 2 1 0 4 3 1 0 0 3 1 2 3 1 3 4 3 1 2 2 1 3 4 1 3 3 0 0 0 1 0 0 0 0 0 0 0 
#TS86
3 0 2 3 2 3 3 0 2 1 3 3 2 1 3 1 3 2 1 3 2 0 4 2 0 0 1 3 2 3 2 3 1 3 4 1 2 3 3 2 0 1 2 4 3 0 1 3 2 3 1 4 1 3 4 0 3 4 2 3 4 3 2 1 1 2 1 2 1 0 1 0 0 2 2 1 0 1 3 1 1 1 3 1 2 3 1 2 3 3 1 2 2 3 3 4 1 3 3 3 0 0 0 0 0 0 0 0 0 0 
3 0 2 3 2 3 3 0 2 1 3 3 2 1 3 1 2 2 1 3 3 0 4 2 0 0 1 3 2 3 2 3 1 3 4 2 2 3 3 2 0 1 2 4 2 0 1 3 1 2 0 4 0 3 4 0 3 4 2 3 3 3 2 1 1 3 1 2 1 1 1 0 0 2 2 1 0 1 3 1 1 0 3 1 2 3 1 3 4 3 1 2 2 3 4 4 1 3 3 3 0 0 0 0 0 0 0 0 0 0 
#TS87
3 0 2 3 3 3 2 1 2 2 2 2 1 1 2 2 3 2 1 4 4 0 4 3 0 0 1 4 1 3 3 3 1 3 4 1 2 3 3 2 0 2 0 4 3 0 2 4 1 2 1 4 1 3 3 0 3 4 3 3 3 3 2 1 1 3 2 2 0 1 1 0 0 2 2 1 0 2 3 1 1 0 3 0 2 4 1 3 4 3 1 2 2 4 4 4 0 3 3 3 0 0 0 0 0 0 0 0 0 0 
3 0 2 3 2 3 4 0 3 2 3 2 1 0 3 2 2 2 1 3 2 0 4 3 0 0 1 3 2 3 3 3 1 2 4 1 2 3 3 2 0 1 2 4 2 0 2 3 1 2 1 4 1 4 4 0 3 4 2 3 3 3 2 1 2 2 1 2 1 0 0 1 0 2 2 1 0 1 3 1 2 0 3 0 2 3 1 3 4 3 1 2 2 3 3 4 1 3 3 3 0 0 0 0 0 0 0 0 0 0 
#TS88
0 0 3 0 0 3 3 1 4 3 4 3 3 2 0 0 2 2 2 3 0 0 0 1 0 0 1 3 2 0 4 0 0 3 0 4 2 3 2 1 0 0 2 4 3 1 1 0 3 4 4 0 0 3 3 2 1 1 0 4 3 3 2 1 1 4 1 2 1 0 1 0 0 0 2 1 2 2 3 1 1 0 3 1 2 2 0 3 4 3 1 2 2 3 3 4 1 3 1 3 0 0 0 0 1 0 0 0 0 0 
0 0 4 0 0 2 2 2 2 3 4 4 3 2 0 0 2 1 3 3 0 0 0 1 0 0 1 3 2 0 4 0 0 3 0 3 3 3 3 2 0 0 2 4 2 1 1 0 3 4 3 0 0 4 3 2 2 0 0 4 3 3 1 1 1 4 1 2 1 1 1 0 0 0 2 1 3 2 3 1 1 1 3 1 2 2 0 3 4 3 1 2 2 3 4 4 1 3 2 3 0 0 0 0 1 0 0 0 0 0 
#TS89
3 0 2 3 2 3 3 0 2 1 3 1 2 0 3 2 2 1 1 2 3 0 4 2 0 0 1 3 2 3 3 2 1 3 4 1 2 3 2 2 0 2 1 4 3 0 2 3 3 3 1 4 2 3 4 0 2 4 2 3 3 2 1 1 1 2 3 3 1 4 1 2 3 4 2 1 0 1 3 1 1 0 3 1 2 3 1 3 4 3 1 2 2 4 4 4 1 3 3 3 0 0 0 0 0 0 0 0 0 0 
3 0 2 3 2 3 3 0 2 0 3 3 3 1 3 2 2 2 2 3 2 0 4 3 0 0 1 2 2 3 3 3 2 3 4 2 2 2 2 1 0 1 1 4 3 0 2 3 2 3 1 4 1 3 4 1 2 3 3 3 3 3 2 1 2 3 2 2 1 3 1 2 2 3 2 1 0 1 3 1 1 0 3 1 2 3 1 3 4 3 1 1 2 3 4 4 1 3 3 3 0 0 0 0 0 0 0 0 0 0 
#TS90
3 0 0 0 0 3 3 1 2 1 4 3 3 1 3 0 0 1 1 3 0 0 3 4 0 0 0 3 2 3 1 3 1 3 2 1 4 3 4 0 0 1 4 4 2 0 0 3 3 3 0 4 0 1 4 1 3 3 3 3 2 3 2 2 1 3 1 0 1 1 1 0 0 1 2 3 0 3 2 1 1 3 3 0 2 0 0 3 4 3 3 2 2 0 3 3 1 3 3 3 0 0 0 0 0 0 1 0 0 0 
2 0 0 0 1 4 3 1 3 1 3 3 3 1 4 0 0 0 3 3 0 0 3 2 0 0 0 3 2 3 2 2 1 3 3 1 3 2 4 0 0 1 3 4 3 0 1 3 3 4 0 4 0 1 3 1 2 2 2 4 3 3 2 3 1 3 1 0 2 1 1 0 0 2 3 4 0 2 3 1 1 2 3 1 2 0 0 3 4 3 2 2 2 0 1 4 1 3 3 3 0 0 0 0 0 0 1 0 0 0 
#TS91
1 1 3 0 0 2 2 4 3 3 3 3 3 2 0 0 3 2 2 3 0 0 0 1 0 0 0 2 3 0 4 1 0 2 1 2 2 3 3 2 0 0 3 4 3 0 1 0 2 4 4 0 0 3 3 1 1 1 1 3 3 3 1 1 1 4 1 2 2 1 1 1 0 0 2 1 3 2 3 1 1 0 3 0 2 2 0 3 4 3 1 2 3 4 3 4 0 4 0 3 0 0 0 0 1 0 0 0 0 0 
2 1 3 0 0 2 3 3 3 3 3 4 3 2 0 0 3 1 2 3 0 0 0 1 0 0 0 3 1 0 4 0 0 2 1 3 2 3 3 2 0 0 3 4 3 0 1 0 3 4 4 0 0 2 2 2 2 1 0 4 4 3 2 1 1 3 1 2 3 1 1 0 0 0 2 1 3 3 3 1 0 0 3 1 2 2 0 3 4 3 1 2 2 3 4 4 1 3 1 3 0 0 0 0 1 0 0 0 0 0 
#TS92
3 0 2 3 2 3 3 0 2 1 3 3 3 1 3 2 2 2 1 3 2 0 4 3 0 0 1 3 3 3 3 3 1 3 4 1 2 3 3 2 0 1 2 4 3 0 1 3 2 3 0 4 0 3 4 0 2 4 2 3 3 3 2 1 1 3 2 2 1 2 1 1 0 2 2 1 0 1 3 1 3 0 3 0 2 3 1 3 4 4 1 1 2 3 3 4 1 4 3 3 0 0 0 0 0 0 0 0 0 0 
3 0 3 2 2 3 2 0 2 1 3 3 3 1 3 1 2 2 1 3 2 0 4 2 0 0 1 3 2 3 3 3 1 3 4 1 2 3 3 2 0 1 2 4 3 0 1 3 3 3 0 4 0 3 4 0 2 3 2 3 3 3 1 1 1 3 2 2 1 1 1 0 0 2 2 1 0 1 3 1 1 0 3 0 2 3 1 3 4 3 1 2 1 4 4 4 1 3 3 3 0 0 0 0 0 0 0 0 0 0 
#TS93
2 0 0 0 0 3 3 2 3 1 3 3 3 1 4 0 0 0 3 3 0 0 3 3 0 0 1 2 2 3 1 3 0 4 3 1 4 3 4 0 0 1 3 4 2 0 1 3 3 4 1 4 0 1 4 1 3 3 2 3 3 3 1 1 1 3 1 0 1 1 1 0 0 2 2 3 0 3 3 1 0 2 3 1 1 0 0 3 4 3 3 2 2 0 0 4 1 3 3 3 0 0 0 0 0 0 0 0 0 0 
3 0 2 1 2 3 3 1 2 1 3 3 3 2 3 1 0 1 2 3 1 0 4 2 0 0 1 3 2 3 3 3 1 3 3 1 2 3 3 2 0 1 3 4 3 0 1 3 2 4 0 4 0 2 3 1 2 3 2 3 3 3 2 1 1 3 1 2 1 1 1 0 0 2 2 2 0 1 3 1 1 0 3 1 2 2 1 3 4 3 1 1 2 2 2 4 1 3 4 3 0 0 0 0 0 0 0 0 0 0 
#TS94
3 0 3 1 0 3 4 0 2 0 3 1 3 1 3 1 2 1 2 3 1 0 4 2 0 0 1 3 2 3 3 3 1 2 4 1 2 3 1 0 0 1 2 4 3 0 1 1 2 4 0 4 0 2 3 1 2 3 2 3 3 3 1 1 0 3 3 0 1 1 1 0 0 2 2 1 0 1 1 1 2 0 3 1 2 3 1 3 4 0 2 2 3 3 4 4 1 1 3 3 0 0 0 0 0 1 0 0 0 0 
1 0 3 0 0 3 4 0 2 1 2 1 3 1 3 1 1 2 2 3 1 0 4 2 0 0 1 3 2 3 3 3 1 2 1 1 2 3 1 0 0 1 2 4 3 0 1 1 4 3 0 4 0 2 4 1 2 2 2 3 3 3 2 1 0 4 4 0 1 1 1 0 0 2 2 1 0 1 2 1 1 0 3 1 2 3 1 3 4 0 1 2 4 3 4 4 0 1 3 3 0 0 0 0 0 1 0 0 0 0 
#TS95
2 0 3 3 0 3 3 1 2 2 4 3 3 4 0 0 2 2 2 3 0 0 4 2 0 0 1 3 1 3 3 3 0 3 3 3 2 4 3 2 4 0 4 4 3 1 0 3 2 3 0 4 0 1 4 0 2 1 2 3 3 3 2 0 1 4 1 2 1 1 2 0 0 2 2 1 3 1 3 1 0 0 3 3 2 0 0 3 4 0 3 2 3 3 4 4 1 3 3 3 0 1 0 0 0 0 0 0 0 0 
2 0 3 3 1 3 3 1 1 2 3 3 3 1 1 0 2 2 3 2 0 0 4 2 0 0 1 3 2 3 2 4 1 3 3 3 2 3 3 2 4 0 4 4 3 1 1 3 2 4 0 4 0 2 4 0 2 2 2 3 3 3 2 0 1 3 1 2 1 1 3 0 0 3 2 1 4 1 3 2 1 0 3 4 2 1 0 3 4 0 4 2 2 3 4 4 0 3 3 3 0 1 0 0 0 0 0 0 0 0 
#TS96
3 0 3 3 2 3 3 0 2 1 3 3 3 1 3 1 2 2 1 3 2 0 4 2 0 0 1 3 2 3 3 1 1 4 4 1 2 3 3 2 0 1 2 4 3 0 1 3 2 3 1 4 0 3 3 0 2 4 2 3 3 3 2 1 1 3 1 2 1 1 1 1 0 2 2 1 0 1 3 1 1 1 3 1 2 3 1 3 4 3 1 2 2 3 4 4 1 3 2 3 0 0 0 0 0 0 0 0 0 0 
3 0 2 3 2 3 3 0 3 1 3 3 3 1 3 2 2 2 1 3 2 0 4 3 0 0 1 3 1 3 3 3 1 3 4 1 2 3 3 2 0 1 2 4 3 0 1 3 2 2 1 4 0 3 3 0 2 4 2 3 3 3 2 1 1 2 2 2 1 1 1 0 0 2 2 1 0 1 3 1 1 0 3 0 2 3 1 3 4 3 1 2 2 3 4 4 1 3 4 3 0 0 0 0 0 0 0 0 0 0 
#TS97
3 0 2 1 1 4 3 4 2 1 3 3 0 1 4 1 1 2 2 3 1 4 2 3 4 0 1 0 4 3 1 3 0 0 4 0 2 1 3 0 0 1 2 4 3 0 2 0 2 3 0 3 0 0 4 0 2 1 1 4 3 4 2 2 1 4 1 0 1 1 0 0 0 2 2 1 0 1 3 0 1 0 3 0 2 3 1 4 4 4 0 1 2 2 4 3 0 0 1 3 0 0 0 0 0 0 0 0 1 0 
3 0 2 0 1 3 2 4 1 1 3 4 0 1 4 1 0 2 2 3 1 3 3 3 3 0 1 0 2 3 1 1 0 1 4 0 2 2 3 0 0 1 2 4 2 1 3 0 2 4 0 2 0 0 4 0 1 1 0 3 3 2 2 2 2 3 1 1 1 2 1 0 0 1 2 1 0 1 3 0 0 1 3 0 2 4 2 3 4 4 1 1 2 2 4 4 1 0 0 3 0 0 0 0 0 0 0 0 1 0 
#TS98
3 0 2 3 2 3 2 0 2 1 3 2 3 0 3 1 2 2 0 3 2 0 3 2 0 0 1 3 1 3 3 1 1 3 4 1 2 3 3 2 0 1 2 4 3 0 1 3 2 2 1 4 1 3 4 0 3 4 2 3 3 3 2 1 1 3 1 2 1 0 1 0 0 2 2 1 0 1 3 1 1 1 3 1 2 3 1 2 4 3 1 2 2 3 4 4 1 3 3 3 0 0 0 0 0 0 0 0 0 0 
2 0 2 3 2 3 3 0 2 1 3 2 2 0 3 2 2 1 1 3 2 0 4 3 0 0 1 3 2 3 3 2 0 3 4 1 2 3 3 2 0 1 2 4 2 0 1 3 2 3 2 4 2 3 4 0 3 4 2 3 3 3 2 1 1 3 1 2 1 0 1 0 0 2 2 1 0 1 3 1 1 0 3 0 2 3 1 3 4 2 1 1 2 3 4 4 1 3 3 3 0 0 0 0 0 0 0 0 0 0 
#TS99
2 0 3 3 2 3 3 0 2 1 3 3 3 2 3 1 2 1 1 3 2 0 4 2 0 0 1 3 2 3 3 3 1 3 4 1 2 4 3 2 0 1 2 4 2 0 1 4 2 3 1 4 0 4 4 1 2 4 1 3 3 3 2 1 1 3 1 2 1 1 1 0 0 2 2 1 0 1 3 1 1 0 3 0 2 3 1 3 4 3 1 2 2 3 3 4 0 3 3 3 0 0 0 0 0 0 0 0 0 0 
3 0 3 3 2 3 3 0 2 1 3 3 2 1 3 1 3 2 1 3 2 0 4 3 0 0 1 3 2 3 3 3 1 3 4 2 2 3 3 2 0 1 3 4 3 0 2 3 2 3 1 4 1 3 4 0 2 4 2 3 3 3 1 1 1 3 1 2 1 1 1 0 0 2 2 1 0 1 3 1 1 0 3 0 2 3 1 3 4 3 1 2 2 4 3 4 0 3 3 3 0 0 0 0 0 0 0 0 0 0 
#TS100
2 0 2 3 2 3 3 0 3 1 3 3 3 1 3 1 2 2 1 3 2 0 4 2 0 0 1 3 2 3 3 2 1 3 4 1 2 3 3 2 0 1 3 4 2 0 2 3 2 3 1 4 0 3 4 0 2 4 2 3 3 3 2 1 1 2 1 1 1 1 1 0 0 1 2 1 0 1 3 1 1 0 3 1 2 2 1 3 4 2 1 2 2 3 4 4 1 3 3 3 0 0 0 0 0 0 0 0 0 0 
3 0 2 2 2 3 3 0 2 1 4 3 3 1 3 1 2 1 1 3 3 0 4 2 0 0 1 3 2 3 3 3 1 3 4 1 2 3 4 2 0 1 2 4 3 0 0 3 2 3 1 4 0 2 4 0 2 3 3 3 3 4 2 1 1 2 1 2 1 1 1 0 0 2 2 1 0 1 3 1 1 0 3 0 2 3 1 3 4 3 1 2 2 4 4 4 1 3 3 3 0 0 0 0 0 0 0 0 0 0 
#TS101
0 0 4 0 0 2 2 2 2 3 4 4 3 2 0 0 2 1 3 3 0 0 0 1 0 0 1 3 2 0 4 0 0 3 0 3 3 3 3 2 0 0 2 4 2 1 1 0 3 4 3 0 0 4 3 2 2 0 0 4 3 3 1 1 1 4 1 2 1 1 1 0 0 0 2 1 3 2 3 1 1 1 3 1 2 2 0 3 4 3 1 2 2 3 4 4 1 3 2 3 0 0 0 0 1 0 0 0 0 0 
1 1 4 0 0 2 2 2 2 4 3 3 4 2 0 0 2 2 2 3 0 0 0 0 0 0 0 3 3 1 4 1 0 3 1 4 2 3 3 2 0 0 3 4 3 1 1 0 4 4 4 0 0 3 3 2 1 0 1 3 3 3 1 1 1 4 1 2 1 1 1 1 0 0 2 1 2 3 3 1 0 0 3 0 2 2 0 3 4 3 1 2 2 4 3 4 0 3 1 3 0 0 0 0 1 0 0 0 0 0 
#TS102
2 0 4 3 0 4 3 1 1 2 3 3 3 2 0 0 1 2 2 3 1 0 4 2 0 0 0 3 1 3 2 3 0 4 3 3 3 3 3 2 4 0 4 4 2 0 1 2 3 4 0 4 0 2 4 0 2 2 1 4 3 3 2 0 1 3 2 1 1 1 3 0 0 2 2 1 4 1 3 1 1 0 3 3 2 1 0 3 4 0 2 1 2 3 4 4 1 3 3 3 0 1 0 0 0 0 0 0 0 0 
2 0 3 3 0 3 3 1 1 2 4 4 3 2 0 0 0 2 3 3 1 0 4 2 0 0 0 3 2 3 2 3 1 3 3 3 2 4 3 1 4 0 4 4 3 0 1 2 2 4 0 4 0 2 3 0 2 2 2 4 3 3 2 0 1 4 1 2 1 1 3 1 0 2 2 1 4 1 3 1 0 1 3 4 2 0 0 3 4 0 4 2 3 2 4 4 0 3 3 3 0 0 0 0 0 0 0 0 0 0 
#TS103
3 0 2 3 2 3 3 0 1 1 3 3 2 1 3 1 2 1 1 3 2 0 4 2 0 0 1 3 2 3 3 1 1 3 4 1 2 3 3 3 0 1 1 4 3 0 2 3 2 3 1 4 1 3 4 0 2 4 2 4 3 3 1 1 1 3 2 2 2 1 1 0 0 3 3 1 0 1 3 1 1 1 3 0 2 3 1 3 4 3 1 2 2 4 4 4 0 3 2 3 0 0 0 0 0 0 0 0 0 0 
3 0 2 3 2 3 4 0 2 1 3 3 2 1 3 1 2 2 2 3 2 0 4 2 0 0 1 3 3 3 3 2 1 4 4 1 2 3 3 2 0 2 2 4 3 0 1 3 2 3 1 4 0 3 4 0 3 4 2 3 3 3 2 1 1 2 1 2 1 0 1 0 0 2 2 1 0 1 3 1 1 1 3 1 2 4 1 3 4 3 1 2 2 3 4 4 1 3 3 3 0 0 0 0 0 0 0 0 0 0 
#TS104
3 0 0 1 1 3 3 1 2 1 3 3 3 1 3 0 0 2 2 3 0 0 3 3 0 0 1 3 2 3 1 3 0 3 4 1 4 3 4 0 0 0 4 4 2 0 1 3 2 3 1 4 0 2 4 1 3 4 2 3 3 3 2 1 1 3 1 1 4 1 1 0 0 1 2 3 0 3 3 1 1 1 3 0 2 1 0 3 4 2 2 2 2 1 4 4 1 3 3 3 0 0 0 0 0 0 1 0 0 0 
3 0 0 0 0 3 3 1 2 1 4 3 3 1 3 0 0 1 1 3 0 0 3 4 0 0 0 3 2 3 1 3 1 3 2 1 4 3 4 0 0 1 4 4 2 0 0 3 3 3 0 4 0 1 4 1 3 3 3 3 2 3 2 2 1 3 1 0 1 1 1 0 0 1 2 3 0 3 2 1 1 3 3 0 2 0 0 3 4 3 3 2 2 0 3 3 1 3 3 3 0 0 0 0 0 0 1 0 0 0 
#TS105
2 0 3 3 0 3 2 4 1 1 1 3 1 1 3 1 0 3 3 2 1 0 4 4 0 0 1 3 2 1 4 2 0 4 3 1 3 2 3 0 0 1 2 4 3 0 1 4 2 1 1 4 1 2 3 1 2 2 1 3 2 3 4 0 1 3 0 2 1 1 0 0 0 2 2 3 0 1 0 1 2 4 3 0 2 3 2 1 1 3 1 1 3 3 4 4 2 0 3 3 0 0 0 1 0 0 0 0 0 0 
1 0 3 3 0 3 2 4 0 1 0 3 1 2 3 1 0 3 3 3 1 0 4 4 0 0 1 3 1 1 4 3 0 3 1 1 3 3 3 0 0 1 2 3 3 0 1 4 2 2 1 4 1 3 2 2 1 1 1 3 2 3 4 0 1 2 0 2 1 0 0 0 0 1 3 3 0 1 0 1 2 3 2 0 2 3 3 1 0 3 0 2 4 3 3 4 1 0 3 3 0 0 0 1 0 0 0 0 0 0 
#TS106
1 1 4 3 0 4 4 3 3 3 3 3 4 0 3 0 2 1 2 3 4 0 1 1 4 0 0 3 2 3 3 4 1 3 4 3 3 4 4 2 0 4 0 3 3 2 1 3 2 0 3 4 3 1 2 2 3 1 1 3 3 4 2 1 1 3 1 2 1 0 3 1 0 2 2 1 0 3 3 1 1 0 3 0 2 2 1 3 4 3 1 2 2 1 3 4 1 3 3 0 0 0 1 0 0 0 0 0 0 0 
0 1 3 3 0 3 4 4 2 3 3 3 3 0 2 0 2 1 2 3 3 0 1 1 4 0 1 3 2 3 3 2 1 3 3 3 4 3 3 2 0 3 0 4 3 2 1 3 2 0 2 4 2 1 2 2 3 2 1 3 2 3 2 1 1 2 1 2 0 0 4 0 0 2 2 1 0 3 3 1 1 1 3 1 2 3 1 2 4 3 1 2 2 1 3 4 1 3 3 1 0 0 0 0 0 0 0 0 0 0 
#TS107
3 0 2 3 2 3 3 0 2 1 3 3 3 1 4 2 2 2 1 3 2 0 4 2 0 0 1 3 2 4 3 3 1 3 4 1 2 3 3 2 0 1 2 4 2 0 2 4 2 3 0 4 0 3 3 0 2 3 1 3 3 3 2 1 0 2 2 2 1 2 1 0 1 3 1 2 0 1 3 1 1 0 3 0 3 3 1 2 4 3 1 2 2 3 4 4 0 3 3 3 0 0 0 0 0 0 0 0 0 0 
3 0 2 3 2 3 3 0 1 1 3 3 3 1 3 1 2 2 1 3 2 0 4 1 0 0 1 3 1 3 3 3 1 4 4 1 2 3 3 2 0 1 2 4 2 0 1 4 2 4 2 4 1 3 4 0 2 4 2 4 3 3 2 1 1 3 2 2 0 1 1 1 1 2 2 1 0 1 3 1 1 0 3 1 3 3 1 3 4 4 1 2 2 3 4 4 2 3 3 4 0 0 0 0 0 0 0 0 0 0 
#TS108
1 0 3 0 0 3 3 0 2 0 3 3 3 1 1 1 0 2 3 3 1 0 4 2 2 1 0 3 2 3 4 2 0 3 2 1 4 3 3 0 0 1 2 4 3 0 1 3 3 3 0 4 3 0 3 1 2 4 2 4 4 3 2 1 1 3 1 2 1 1 1 0 0 2 2 1 1 1 3 1 1 0 3 1 1 3 0 3 4 3 1 2 2 3 4 0 4 3 3 3 0 0 0 0 0 0 0 1 0 0 
2 0 3 0 1 3 3 1 2 1 3 3 3 2 1 1 1 2 3 3 1 0 4 2 1 1 0 4 2 3 3 3 0 3 2 1 4 2 3 0 0 1 3 3 3 0 2 3 3 3 0 4 3 0 4 0 2 4 2 3 4 3 2 1 1 3 1 2 2 0 1 1 0 2 2 1 1 1 4 0 1 0 3 1 2 3 0 3 4 3 1 2 2 4 4 0 3 3 2 3 0 0 0 0 0 0 0 1 0 0 
#TS109
2 0 4 3 0 3 3 0 1 1 3 4 3 1 1 0 0 2 2 3 1 0 4 2 0 0 0 3 2 3 2 3 1 3 3 3 2 3 2 2 4 0 3 4 3 0 1 3 3 4 1 4 0 1 4 1 2 2 2 4 3 3 2 0 1 4 1 1 1 1 3 1 0 2 2 1 4 1 3 1 1 0 2 4 3 0 0 3 4 0 2 2 2 3 4 4 1 3 2 3 0 1 0 0 0 0 0 0 0 0 
2 0 3 3 0 3 2 1 1 2 3 4 4 1 0 0 1 1 3 2 1 1 4 2 0 0 0 3 2 3 3 3 0 3 2 3 2 3 2 2 4 0 4 4 3 1 0 3 2 4 0 4 0 2 4 1 2 1 1 4 3 4 1 0 1 3 1 1 1 0 3 0 0 2 2 1 4 1 3 1 1 0 3 4 2 0 0 4 4 0 2 2 3 3 4 4 1 3 3 3 0 1 0 0 0 0 0 0 0 0 
#TS110
2 0 3 0 0 3 3 1 2 0 3 3 2 1 2 2 2 2 2 3 2 0 4 2 2 2 1 3 3 3 3 3 0 3 4 1 4 3 3 0 0 1 2 4 3 0 1 3 3 4 0 4 4 0 3 0 2 4 2 4 3 3 2 1 1 3 1 2 1 0 1 0 0 2 2 1 1 1 3 1 1 0 3 1 2 3 0 3 4 3 1 1 2 3 4 0 3 3 3 3 0 0 0 0 0 0 0 1 0 0 
2 0 3 0 1 3 3 0 2 0 3 3 3 1 2 1 0 2 3 3 1 0 4 2 2 2 2 4 2 3 3 3 0 3 3 1 4 3 2 0 0 1 2 4 2 0 1 3 2 3 0 3 3 0 3 0 1 4 3 4 3 3 2 1 1 3 1 3 1 1 1 0 0 2 2 1 1 1 3 0 1 1 3 1 2 3 0 3 4 3 0 1 2 3 3 0 3 3 3 4 0 0 0 0 0 0 0 1 0 0 
#TS111
3 0 2 0 1 3 2 4 1 1 3 4 0 1 4 1 0 2 2 3 1 3 3 3 3 0 1 0 2 3 1 1 0 1 4 0 2 2 3 0 0 1 2 4 2 1 3 0 2 4 0 2 0 0 4 0 1 1 0 3 3 2 2 2 2 3 1 1 1 2 1 0 0 1 2 1 0 1 3 0 0 1 3 0 2 4 2 3 4 4 1 1 2 2 4 4 1 0 0 3 0 0 0 0 0 0 0 0 1 0 
3 0 3 0 1 3 3 3 1 1 4 3 0 2 2 2 0 3 2 3 1 4 2 2 4 0 1 0 3 3 1 3 0 0 4 0 2 1 3 0 0 1 2 4 2 2 4 0 3 4 0 2 0 0 4 0 1 1 0 3 3 0 2 2 1 4 1 0 1 1 1 0 0 2 2 1 0 1 3 0 1 1 3 0 3 3 1 4 3 4 1 1 2 2 4 4 1 0 1 4 0 0 0 0 0 0 0 0 1 0 
#TS112
3 0 2 3 0 3 2 3 1 1 1 3 1 1 3 1 2 3 2 2 2 0 4 4 0 0 1 3 1 2 3 2 0 3 4 1 2 3 4 0 0 1 2 4 3 0 1 3 1 1 1 4 0 3 4 0 2 3 2 3 3 3 3 0 1 3 1 2 1 1 0 0 0 2 2 3 0 1 0 1 4 3 3 0 2 3 2 3 4 3 1 2 3 4 3 4 1 1 3 2 0 0 0 1 0 0 0 0 0 0 
2 0 3 3 0 3 2 4 1 1 1 3 1 1 3 1 0 3 3 2 1 0 4 4 0 0 1 3 2 1 4 2 0 4 3 1 3 2 3 0 0 1 2 4 3 0 1 4 2 1 1 4 1 2 3 1 2 2 1 3 2 3 4 0 1 3 0 2 1 1 0 0 0 2 2 3 0 1 0 1 2 4 3 0 2 3 2 1 1 3 1 1 3 3 4 4 2 0 3 3 0 0 0 1 0 0 0 0 0 0 
#TS113
2 0 3 3 0 3 3 0 1 1 3 3 3 1 0 0 1 2 2 3 1 0 4 2 0 0 0 3 2 3 3 3 1 3 4 4 2 3 3 2 4 0 4 4 3 0 1 3 2 3 1 4 0 2 3 0 2 2 2 3 3 3 2 0 1 3 1 2 1 1 2 0 0 2 1 1 4 1 3 1 1 0 3 4 2 1 0 3 3 0 1 2 2 3 3 4 1 4 2 4 0 1 0 0 0 0 0 0 0 0 
2 0 4 3 0 3 3 0 1 1 3 4 3 1 1 0 0 2 2 3 1 0 4 2 0 0 0 3 2 3 2 3 1 3 3 3 2 3 2 2 4 0 3 4 3 0 1 3 3 4 1 4 0 1 4 1 2 2 2 4 3 3 2 0 1 4 1 1 1 1 3 1 0 2 2 1 4 1 3 1 1 0 2 4 3 0 0 3 4 0 2 2 2 3 4 4 1 3 2 3 0 1 0 0 0 0 0 0 0 0 
#TS114
3 1 2 3 3 3 3 1 1 3 2 2 1 1 2 2 2 2 0 3 3 0 4 3 0 0 1 4 2 3 3 2 1 3 4 1 2 3 3 2 0 1 2 4 2 0 2 3 2 2 1 4 2 3 4 0 2 4 2 3 2 3 2 1 1 3 2 2 1 1 1 0 0 3 3 2 0 1 2 3 1 2 3 1 1 2 1 1 1 1 2 2 2 3 3 4 1 3 3 3 0 0 0 0 0 0 0 0 0 0 
3 0 3 3 2 3 3 1 1 1 1 1 1 1 3 1 2 2 1 3 2 0 4 3 0 0 1 3 2 3 3 3 1 3 4 1 2 3 3 1 1 1 2 4 3 0 1 3 2 2 2 4 1 3 3 0 4 4 2 3 4 4 2 1 1 3 2 2 2 1 1 1 0 2 2 1 0 2 2 2 2 2 4 1 1 3 1 3 2 1 2 2 2 4 3 4 1 3 3 3 0 0 0 0 0 0 0 0 0 0 
#TS115
0 1 2 0 0 3 1 3 2 3 3 2 3 3 3 3 3 2 1 3 0 0 4 3 0 0 1 2 2 3 3 3 1 1 0 1 2 3 1 0 0 1 4 0 3 0 0 0 4 4 0 4 0 1 2 3 1 1 0 3 3 3 2 1 0 3 3 0 1 1 1 0 0 2 2 1 0 1 1 2 0 0 3 0 2 3 1 2 4 0 4 4 4 4 4 4 1 0 3 3 0 0 0 0 0 1 0 0 0 0 
0 3 2 0 0 3 0 2 3 3 3 1 3 4 3 2 3 2 1 2 1 0 4 2 0 0 1 2 1 3 3 3 1 2 0 1 2 2 0 0 0 1 3 0 3 0 0 1 4 4 0 4 0 1 2 4 1 0 0 3 3 3 2 1 0 3 3 0 3 1 1 0 0 2 3 1 0 1 2 2 0 1 3 0 2 3 1 2 4 0 4 4 4 3 4 4 1 1 3 3 0 0 0 0 0 1 0 0 0 0 
#TS116
0 1 4 3 0 3 2 2 2 3 3 4 4 0 3 0 2 1 1 3 2 0 2 2 4 0 1 3 2 3 3 3 1 3 3 3 4 3 3 1 0 3 0 2 3 3 1 3 3 0 3 4 2 1 1 2 4 1 1 3 3 3 2 1 2 3 1 2 1 0 4 0 0 2 2 1 0 4 3 1 0 0 3 1 2 3 1 3 4 3 1 2 2 1 3 4 1 3 3 0 0 0 1 0 0 0 0 0 0 0 
0 1 4 3 0 3 2 3 2 3 3 3 3 0 2 0 2 1 1 2 3 0 1 2 4 0 1 3 2 3 3 3 0 4 3 3 3 3 3 2 0 3 1 3 3 3 1 3 3 0 4 4 3 1 1 2 3 1 1 3 3 3 2 1 1 3 1 2 1 0 4 0 0 2 2 1 0 2 3 1 1 1 3 1 1 2 1 4 4 3 1 2 2 1 3 4 2 3 4 0 0 0 1 0 0 0 0 0 0 0 
#TS117
2 0 2 3 2 3 2 0 3 1 3 3 3 1 3 1 2 2 1 3 2 0 4 2 0 0 1 4 2 3 3 3 1 3 4 1 2 3 3 2 0 1 3 4 2 0 1 2 2 3 0 4 0 3 4 0 2 3 3 3 3 4 2 1 1 4 1 2 1 1 1 0 0 2 2 1 0 1 4 1 1 0 3 1 2 3 1 3 4 3 2 2 2 3 4 4 1 3 3 3 0 0 0 0 0 0 0 0 0 0 
3 0 2 3 2 3 3 0 3 2 2 3 3 1 3 1 2 2 1 3 2 0 4 3 0 0 1 3 2 3 3 3 1 4 4 1 2 3 3 2 0 1 2 4 3 0 1 3 2 3 1 4 0 3 4 0 2 4 2 3 3 3 1 1 1 3 1 2 1 1 1 0 0 2 2 1 0 1 3 1 1 1 3 1 2 3 1 2 4 3 2 1 2 4 4 4 1 3 3 3 0 0 0 0 0 0 0 0 0 0 
#TS118
0 2 3 2 0 4 0 4 1 2 0 3 2 4 3 2 2 3 1 2 2 0 4 4 0 0 1 3 1 1 4 2 0 3 0 1 2 3 3 0 0 2 2 4 3 0 0 4 3 1 0 4 2 3 1 2 0 1 1 3 1 3 3 0 1 3 0 2 1 1 0 0 0 3 3 3 0 0 0 2 4 4 0 0 2 3 3 1 0 3 0 1 3 3 4 4 1 0 3 3 0 0 0 0 0 0 0 0 0 0 
2 2 3 1 3 3 2 3 2 4 2 3 4 1 3 2 2 2 1 3 3 0 3 3 0 0 0 4 2 3 3 2 0 4 3 2 2 3 4 2 0 2 2 4 3 0 1 4 2 2 0 4 1 3 2 1 0 2 1 3 1 3 2 1 1 3 0 2 1 1 1 1 0 2 3 2 0 1 2 4 0 2 2 0 2 2 3 1 0 3 0 2 2 3 4 4 2 3 2 3 0 0 0 0 0 0 0 0 0 0 
#TS119
3 0 0 3 1 3 2 0 2 1 3 3 3 1 3 1 4 2 2 3 1 2 4 2 0 0 0 3 3 0 3 2 0 3 4 1 2 3 4 2 0 1 2 4 4 0 1 2 2 3 0 4 0 2 3 0 2 4 2 4 3 3 2 1 0 4 1 2 1 1 0 0 0 1 2 1 0 1 2 0 1 2 3 0 0 3 0 2 4 3 0 1 2 3 4 1 0 3 3 3 1 0 0 0 0 0 0 0 0 0 
3 0 1 0 0 4 2 0 1 1 3 3 3 1 3 0 2 1 3 3 0 4 3 2 0 0 0 3 2 0 4 3 0 3 3 1 2 3 4 2 0 1 1 4 2 0 1 2 2 3 1 4 0 1 2 1 2 2 1 3 3 3 2 1 1 3 1 2 1 0 0 0 0 1 2 1 0 1 2 0 2 3 3 0 0 2 0 3 4 3 1 1 2 3 4 1 0 3 3 3 1 0 0 0 0 0 0 0 0 0 
#TS120
3 0 2 3 2 3 3 0 3 2 2 3 3 1 3 1 2 2 1 3 2 0 4 3 0 0 1 3 2 3 3 3 1 4 4 1 2 3 3 2 0 1 2 4 3 0 1 3 2 3 1 4 0 3 4 0 2 4 2 3 3 3 1 1 1 3 1 2 1 1 1 0 0 2 2 1 0 1 3 1 1 1 3 1 2 3 1 2 4 3 2 1 2 4 4 4 1 3 3 3 0 0 0 0 0 0 0 0 0 0 
3 0 2 3 2 3 4 0 3 1 3 3 2 1 3 1 3 2 1 3 2 0 4 2 0 0 1 2 2 3 3 2 1 3 4 1 2 3 3 3 0 1 2 4 3 0 1 3 2 2 1 4 0 3 4 0 3 3 2 3 3 3 1 1 2 3 1 2 1 0 1 0 0 2 2 1 0 1 3 1 1 1 3 1 1 3 1 3 4 3 1 2 2 3 3 4 1 3 3 4 0 0 0 0 0 0 0 0 0 0 
#TS121
2 0 3 3 1 3 3 1 1 2 3 3 3 1 1 0 2 2 3 2 0 0 4 2 0 0 1 3 2 3 2 4 1 3 3 3 2 3 3 2 4 0 4 4 3 1 1 3 2 4 0 4 0 2 4 0 2 2 2 3 3 3 2 0 1 3 1 2 1 1 3 0 0 3 2 1 4 1 3 2 1 0 3 4 2 1 0 3 4 0 4 2 2 3 4 4 0 3 3 3 0 1 0 0 0 0 0 0 0 0 
2 0 4 3 0 4 3 1 1 2 3 3 3 2 0 0 1 2 2 3 1 0 4 2 0 0 0 3 1 3 2 3 0 4 3 3 3 3 3 2 4 0 4 4 2 0 1 2 3 4 0 4 0 2 4 0 2 2 1 4 3 3 2 0 1 3 2 1 1 1 3 0 0 2 2 1 4 1 3 1 1 0 3 3 2 1 0 3 4 0 2 1 2 3 4 4 1 3 3 3 0 1 0 0 0 0 0 0 0 0 
#TS122
2 0 3 0 0 3 3 0 2 1 3 3 2 1 1 0 1 2 3 3 0 0 0 2 0 0 1 3 2 0 3 0 0 2 2 3 2 3 3 2 0 0 2 4 3 0 1 0 2 4 4 0 0 3 3 1 1 2 1 4 3 3 2 1 0 3 1 2 1 1 1 0 0 0 2 1 2 3 3 1 2 0 3 1 2 2 0 3 4 3 1 2 2 3 4 4 1 3 1 3 0 0 0 0 1 0 0 0 0 0 
1 0 3 0 0 3 2 0 2 2 3 3 3 1 0 0 1 1 3 3 0 0 0 1 0 0 0 3 2 0 4 2 0 2 1 3 2 3 3 1 0 0 2 4 3 1 1 0 2 4 4 0 0 3 3 2 2 1 2 4 4 3 1 1 1 4 1 2 1 0 1 0 0 0 2 1 2 4 3 1 1 0 3 1 2 2 0 3 4 3 0 2 3 3 4 4 1 3 1 3 0 0 0 0 1 0 0 0 0 0 
#TS123
3 0 2 3 4 3 3 1 2 2 2 1 2 1 2 2 4 1 0 3 4 1 4 2 0 0 1 4 2 3 3 3 1 2 4 1 2 3 3 2 0 2 2 4 2 0 1 3 2 2 2 4 3 3 4 0 2 4 2 3 3 4 2 1 1 2 1 2 1 1 1 0 0 2 1 1 0 1 3 1 1 0 3 0 2 3 1 3 4 3 1 2 2 3 3 4 1 3 2 3 0 0 0 0 0 0 0 0 0 0 
3 0 2 3 3 3 3 1 2 2 2 1 2 1 2 1 2 2 1 3 3 1 4 1 0 0 1 3 2 3 3 3 1 2 4 1 2 3 4 2 0 1 2 4 2 0 1 3 2 3 1 4 1 4 4 0 3 4 1 3 3 3 2 1 1 3 1 2 2 1 1 1 0 2 2 1 0 1 3 1 1 0 3 1 2 3 1 3 4 3 2 2 3 4 4 4 1 3 3 3 0 0 0 0 0 0 0 0 0 0 
#TS124
3 0 2 3 2 3 3 0 1 1 3 3 3 1 3 1 2 2 1 3 2 0 4 2 0 0 1 3 2 3 3 3 1 3 4 1 3 3 4 3 0 1 1 4 3 0 2 3 2 3 1 4 0 3 4 0 2 4 2 3 3 3 2 1 1 4 1 2 1 1 1 0 0 2 2 1 0 1 3 1 1 0 3 1 2 3 1 3 4 3 1 2 1 3 4 4 0 3 3 2 0 0 0 0 0 0 0 0 0 0 
3 0 2 3 2 3 3 0 2 1 3 2 2 1 3 1 2 1 1 4 2 0 4 1 0 0 1 3 2 3 3 3 1 3 4 2 2 3 3 2 0 1 1 4 3 0 1 4 3 3 1 4 1 3 4 0 2 4 2 3 2 3 2 1 1 4 1 2 1 1 1 0 0 2 2 1 0 1 4 1 1 1 3 0 2 3 1 3 4 3 1 2 2 3 4 4 0 3 3 3 0 0 0 0 0 0 0 0 0 0 
#TS125
3 0 1 4 2 3 3 1 2 1 3 2 3 1 3 1 2 2 1 3 3 0 4 3 0 0 1 3 2 3 3 4 1 4 4 1 2 3 4 2 0 1 2 4 3 0 1 3 2 2 1 4 1 3 3 0 3 4 2 3 3 3 2 1 1 3 2 2 3 0 1 0 0 1 2 1 0 1 3 2 1 2 3 1 1 3 1 3 2 1 2 3 3 4 4 4 1 3 3 3 0 0 0 0 0 0 0 0 0 0 
3 0 2 3 2 3 4 0 2 1 3 1 3 0 3 1 3 2 1 3 2 0 4 2 0 0 1 3 2 3 3 2 0 3 4 1 2 3 3 1 0 0 2 4 2 0 1 3 2 2 1 4 1 3 4 0 2 4 2 3 3 3 1 1 1 3 1 2 1 1 1 0 0 2 2 1 0 1 2 2 1 1 3 0 2 2 1 2 2 1 2 2 2 3 4 4 1 3 4 3 0 0 0 0 0 0 0 0 0 0 
#TS126
3 0 2 3 2 3 3 0 2 0 3 3 3 1 3 2 2 2 2 3 2 0 4 3 0 0 1 2 2 3 3 3 2 3 4 2 2 2 2 1 0 1 1 4 3 0 2 3 2 3 1 4 1 3 4 1 2 3 3 3 3 3 2 1 2 3 2 2 1 3 1 2 2 3 2 1 0 1 3 1 1 0 3 1 2 3 1 3 4 3 1 1 2 3 4 4 1 3 3 3 0 0 0 0 0 0 0 0 0 0 
3 0 2 3 2 3 3 0 2 1 3 3 3 1 3 2 2 2 1 3 2 0 4 3 0 0 1 3 3 3 3 3 1 3 4 1 2 3 3 2 0 1 2 4 3 0 1 3 2 3 0 4 0 3 4 0 2 4 2 3 3 3 2 1 1 3 2 2 1 2 1 1 0 2 2 1 0 1 3 1 3 0 3 0 2 3 1 3 4 4 1 1 2 3 3 4 1 4 3 3 0 0 0 0 0 0 0 0 0 0 
#TS127
2 0 3 0 1 3 3 0 2 0 3 3 3 1 2 1 0 2 3 3 1 0 4 2 2 2 2 4 2 3 3 3 0 3 3 1 4 3 2 0 0 1 2 4 2 0 1 3 2 3 0 3 3 0 3 0 1 4 3 4 3 3 2 1 1 3 1 3 1 1 1 0 0 2 2 1 1 1 3 0 1 1 3 1 2 3 0 3 4 3 0 1 2 3 3 0 3 3 3 4 0 0 0 0 0 0 0 1 0 0 
2 0 3 0 0 3 3 0 2 1 3 3 3 2 2 1 0 2 2 4 1 0 4 2 2 2 1 3 2 3 4 3 0 3 3 1 4 3 3 0 0 1 1 4 2 0 1 3 2 4 0 4 3 0 4 1 2 4 2 3 3 3 1 1 1 3 1 2 1 1 1 0 0 2 2 1 1 1 3 1 1 0 3 1 2 2 0 3 4 3 0 2 2 3 4 0 4 3 3 3 0 0 0 0 0 0 0 1 0 0 
#TS128
3 0 2 3 2 3 3 0 2 1 3 3 2 1 4 1 2 2 1 3 2 0 4 2 0 0 1 3 2 3 3 3 1 3 4 1 2 4 4 2 0 1 2 4 3 0 1 3 2 2 1 4 1 3 4 0 2 4 2 3 3 3 1 1 1 3 1 2 1 1 1 0 0 2 2 1 0 1 3 1 2 1 3 1 2 3 2 3 4 3 1 1 2 3 4 4 1 3 3 3 0 0 0 0 0 0 0 0 0 0 
3 0 3 2 1 3 3 0 2 1 3 3 2 1 4 1 2 2 1 3 2 0 4 2 0 0 1 3 2 3 3 3 1 3 4 2 2 3 3 2 0 1 1 4 3 0 1 3 2 3 1 4 1 3 3 0 2 4 2 3 3 3 2 1 1 2 1 2 1 1 1 0 0 2 2 1 0 1 3 1 1 0 3 1 2 3 1 3 4 3 1 2 2 4 4 4 1 3 3 3 0 0 0 0 0 0 0 0 0 0 
#TS129
3 1 2 3 3 3 4 1 2 2 2 3 2 2 3 2 4 2 1 3 3 0 3 2 0 0 1 4 2 3 3 3 1 3 4 1 2 3 4 2 0 2 1 4 3 0 2 4 1 2 2 4 0 4 4 0 3 4 2 3 3 3 1 1 1 2 1 2 1 1 1 0 0 2 3 1 0 1 3 1 2 1 3 1 2 3 1 3 4 3 1 1 1 3 4 4 0 3 3 3 0 0 0 0 0 0 0 0 0 0 
3 0 2 3 3 3 2 1 2 2 2 2 1 1 2 2 3 2 1 4 4 0 4 3 0 0 1 4 1 3 3 3 1 3 4 1 2 3 3 2 0 2 0 4 3 0 2 4 1 2 1 4 1 3 3 0 3 4 3 3 3 3 2 1 1 3 2 2 0 1 1 0 0 2 2 1 0 2 3 1 1 0 3 0 2 4 1 3 4 3 1 2 2 4 4 4 0 3 3 3 0 0 0 0 0 0 0 0 0 0 
#TS130
2 2 3 1 3 3 2 3 2 4 2 3 4 1 3 2 2 2 1 3 3 0 3 3 0 0 0 4 2 3 3 2 0 4 3 2 2 3 4 2 0 2 2 4 3 0 1 4 2 2 0 4 1 3 2 1 0 2 1 3 1 3 2 1 1 3 0 2 1 1 1 1 0 2 3 2 0 1 2 4 0 2 2 0 2 2 3 1 0 3 0 2 2 3 4 4 2 3 2 3 0 0 0 0 0 0 0 0 0 0 
3 1 2 2 4 3 2 2 2 4 2 2 3 1 3 2 4 2 0 3 2 0 4 2 0 0 1 3 2 3 3 2 1 3 4 2 2 3 4 2 0 1 2 4 3 0 2 4 1 1 0 4 1 3 3 0 2 4 2 3 3 3 2 1 1 3 1 2 1 0 1 1 0 2 2 1 0 2 2 3 0 1 3 0 1 3 2 3 0 3 2 2 4 3 4 4 2 3 2 3 0 0 0 0 0 0 0 0 0 0 
#TS131
2 1 2 1 4 3 2 2 2 3 3 2 2 1 3 2 4 2 0 3 3 0 4 2 0 0 1 4 2 3 3 3 1 3 4 1 2 3 4 2 0 3 1 4 3 0 1 3 3 2 1 4 2 3 4 0 3 4 3 3 3 2 2 1 1 3 1 2 1 1 1 0 0 2 2 1 0 1 3 1 0 1 3 1 2 2 1 3 4 3 2 2 2 3 4 4 1 3 2 3 0 0 0 0 0 0 0 0 0 0 
3 0 2 3 4 3 3 1 2 2 2 1 2 1 2 2 4 1 0 3 4 1 4 2 0 0 1 4 2 3 3 3 1 2 4 1 2 3 3 2 0 2 2 4 2 0 1 3 2 2 2 4 3 3 4 0 2 4 2 3 3 4 2 1 1 2 1 2 1 1 1 0 0 2 1 1 0 1 3 1 1 0 3 0 2 3 1 3 4 3 1 2 2 3 3 4 1 3 2 3 0 0 0 0 0 0 0 0 0 0 
#TS132
3 0 2 3 2 3 3 0 1 1 3 3 3 1 3 1 2 2 1 3 2 0 4 3 0 0 0 2 2 3 2 2 1 3 4 1 2 3 3 2 0 0 3 4 3 0 1 2 2 3 2 4 0 3 4 0 2 4 3 3 3 3 2 1 1 4 1 2 1 1 1 0 0 1 2 0 0 1 3 1 0 1 3 1 2 3 1 4 4 3 1 2 2 3 4 4 1 3 3 3 0 0 0 0 0 0 0 0 0 0 
2 0 2 3 2 3 3 0 3 1 3 3 3 1 3 1 2 2 1 3 2 0 4 2 0 0 1 3 2 3 3 2 1 3 4 1 2 3 3 2 0 1 3 4 2 0 2 3 2 3 1 4 0 3 4 0 2 4 2 3 3 3 2 1 1 2 1 1 1 1 1 0 0 1 2 1 0 1 3 1 1 0 3 1 2 2 1 3 4 2 1 2 2 3 4 4 1 3 3 3 0 0 0 0 0 0 0 0 0 0 
#TS133
3 0 3 0 1 3 3 3 0 2 4 3 0 2 3 2 0 2 2 3 0 3 2 2 3 0 1 0 2 3 2 3 0 0 4 0 2 1 3 0 0 1 2 4 2 3 4 0 3 3 0 2 0 0 4 0 1 2 0 3 3 2 1 3 1 4 1 0 1 2 0 0 0 2 2 0 0 1 4 0 1 1 3 0 3 4 1 4 2 3 1 1 2 2 3 4 1 0 0 4 0 0 0 0 0 0 0 0 1 0 
3 0 3 1 2 4 3 4 0 1 3 3 0 2 3 2 1 2 3 3 1 4 2 2 3 0 1 0 2 3 2 3 0 0 4 0 2 1 3 0 0 1 2 4 2 2 3 0 2 3 0 2 0 0 4 0 2 2 1 3 3 1 1 1 1 3 1 0 1 2 0 0 0 2 2 0 0 1 3 0 3 0 2 0 2 3 2 3 2 3 1 1 3 2 4 4 0 0 0 2 0 0 0 0 0 0 0 0 0 0 
#TS134
3 0 2 3 2 3 3 1 2 2 3 3 3 1 2 1 2 2 0 3 2 0 3 3 0 0 1 2 2 3 3 3 0 3 4 1 2 3 3 2 0 1 2 4 3 0 1 3 2 3 0 4 0 2 3 0 2 3 2 3 3 3 2 1 1 2 1 2 1 1 1 0 0 2 2 1 0 1 3 1 1 1 3 1 2 2 1 3 4 2 2 2 2 3 4 4 1 3 4 3 0 0 0 0 0 0 0 0 0 0 
2 0 3 3 2 3 3 0 2 1 3 3 3 2 3 1 2 1 1 3 2 0 4 2 0 0 1 3 2 3 3 3 1 3 4 1 2 4 3 2 0 1 2 4 2 0 1 4 2 3 1 4 0 4 4 1 2 4 1 3 3 3 2 1 1 3 1 2 1 1 1 0 0 2 2 1 0 1 3 1 1 0 3 0 2 3 1 3 4 3 1 2 2 3 3 4 0 3 3 3 0 0 0 0 0 0 0 0 0 0 
#TS135
1 0 3 0 0 3 3 1 1 1 1 2 3 2 3 2 2 2 2 3 1 0 4 2 0 0 1 2 2 3 3 3 1 1 1 1 3 3 0 0 0 1 3 3 3 0 0 0 3 4 0 4 0 1 3 3 1 0 1 3 2 3 2 1 0 3 4 0 1 1 1 0 0 2 2 1 0 1 2 2 1 0 3 0 2 3 1 2 4 0 1 2 4 3 4 4 0 1 3 3 0 0 0 0 0 1 0 0 0 0 
0 1 2 0 0 3 2 2 1 2 3 1 3 4 3 2 4 2 1 3 0 0 4 3 0 0 1 2 1 3 3 3 1 1 0 0 2 3 0 0 0 1 2 1 3 0 0 1 3 4 0 4 0 1 2 3 1 0 1 3 2 3 2 1 0 3 3 0 2 1 1 1 0 1 3 1 0 1 1 2 1 0 3 0 1 3 1 2 4 0 2 3 4 3 4 4 0 0 3 3 0 0 0 0 0 1 0 0 0 0 
#TS136
3 0 2 3 2 3 4 0 2 1 3 2 2 1 2 1 2 2 1 4 2 0 4 3 0 0 1 2 2 3 3 3 1 3 4 1 2 3 4 2 0 1 3 4 3 0 1 3 2 2 2 4 1 3 4 0 2 4 2 3 3 3 1 1 1 3 1 2 1 1 1 0 0 2 2 1 0 1 3 1 2 1 3 1 2 3 1 3 4 3 1 2 2 3 4 4 1 3 3 3 0 0 0 0 0 0 0 0 0 0 
3 0 2 3 2 3 3 0 2 1 3 3 2 1 4 1 2 2 1 3 2 0 4 2 0 0 1 3 2 3 3 3 1 3 4 1 2 4 4 2 0 1 2 4 3 0 1 3 2 2 1 4 1 3 4 0 2 4 2 3 3 3 1 1 1 3 1 2 1 1 1 0 0 2 2 1 0 1 3 1 2 1 3 1 2 3 2 3 4 3 1 1 2 3 4 4 1 3 3 3 0 0 0 0 0 0 0 0 0 0 
#TS137
1 1 3 0 0 2 2 2 2 4 3 3 3 2 0 0 3 2 2 3 0 0 0 1 0 0 0 3 2 0 3 0 0 3 0 3 2 3 3 2 0 0 3 3 3 1 0 0 2 4 4 0 0 2 4 1 2 1 0 4 3 4 2 1 1 3 1 2 1 1 1 0 0 0 2 1 3 4 3 1 1 1 3 0 2 1 0 3 3 3 1 2 2 3 4 4 1 3 1 3 0 0 0 0 0 0 0 0 0 0 
2 1 3 0 3 3 2 3 3 4 3 3 4 3 3 1 3 2 1 3 2 0 3 1 0 0 0 3 1 2 3 1 1 2 3 1 2 3 3 2 0 0 4 4 3 1 1 2 2 3 1 3 0 3 3 0 2 3 2 3 3 3 2 1 0 3 1 2 1 1 1 0 0 1 2 1 0 1 3 1 0 1 3 0 2 3 1 3 4 2 1 2 4 3 4 4 1 3 3 3 0 0 0 0 0 0 0 0 0 0 
#TS138
0 3 0 0 0 3 0 0 0 4 3 4 4 4 3 0 4 1 3 2 0 3 4 3 0 2 0 3 2 0 4 2 1 3 0 1 2 3 4 2 0 1 2 0 0 0 2 3 3 3 0 4 0 0 0 3 0 0 1 4 3 2 0 1 0 3 2 2 1 1 0 0 0 2 2 1 0 1 3 0 0 3 1 0 0 3 1 0 1 3 1 0 0 4 3 1 0 3 2 3 1 0 0 0 0 0 0 0 0 0 
0 4 0 0 0 3 0 0 1 3 3 4 4 3 4 1 4 2 3 0 0 3 4 2 0 3 0 3 1 0 4 2 1 3 0 1 2 3 4 2 0 1 2 0 0 0 2 2 4 4 0 4 0 0 0 3 0 0 0 4 3 3 1 1 1 3 2 2 1 1 0 1 0 3 2 1 0 1 3 0 0 3 3 0 0 3 1 0 1 4 0 0 0 3 4 0 0 3 3 3 1 0 0 0 0 0 0 0 0 0 
#TS139
3 0 2 3 2 3 3 0 2 1 3 2 2 1 3 1 2 1 1 4 2 0 4 1 0 0 1 3 2 3 3 3 1 3 4 2 2 3 3 2 0 1 1 4 3 0 1 4 3 3 1 4 1 3 4 0 2 4 2 3 2 3 2 1 1 4 1 2 1 1 1 0 0 2 2 1 0 1 4 1 1 1 3 0 2 3 1 3 4 3 1 2 2 3 4 4 0 3 3 3 0 0 0 0 0 0 0 0 0 0 
3 0 2 3 2 3 3 0 2 1 3 2 3 1 3 1 2 2 1 3 3 0 4 2 0 0 1 3 3 3 3 3 1 3 4 1 2 3 3 2 0 1 2 4 3 0 2 3 3 3 1 4 1 3 3 0 2 4 3 3 3 3 2 1 1 3 1 2 2 1 1 1 0 2 1 1 0 1 3 1 2 0 3 1 2 3 1 3 4 3 1 2 2 3 4 4 1 3 3 4 0 0 0 0 0 0 0 0 0 0 
#TS140
0 4 0 0 0 3 0 0 0 4 4 3 3 4 3 1 4 2 3 0 0 2 4 2 0 3 0 3 1 0 4 3 1 3 0 1 2 3 4 2 0 1 2 1 0 0 2 3 2 4 0 4 0 0 0 3 0 0 0 3 3 3 0 1 1 3 2 2 1 1 0 1 0 3 2 1 0 1 3 0 1 4 3 0 0 3 0 0 1 3 0 0 0 3 4 1 0 3 3 3 0 0 0 0 0 0 0 0 0 0 
1 4 2 0 3 3 0 0 0 4 3 3 3 4 3 2 4 1 1 1 2 0 4 2 0 2 1 2 2 2 4 4 1 3 2 1 2 3 3 2 0 1 2 3 1 0 4 4 2 4 0 4 0 2 2 2 2 2 1 3 1 3 1 0 1 3 1 2 1 1 1 0 0 2 2 1 0 1 3 0 0 0 3 0 2 3 1 2 2 4 1 0 0 3 4 4 0 3 3 3 0 0 0 0 0 0 0 0 0 0 
#TS141
2 0 3 0 1 3 3 0 2 0 3 3 3 2 2 1 1 1 1 3 0 0 3 2 1 2 1 3 2 2 4 2 0 3 3 1 4 3 3 0 0 1 3 4 4 0 1 3 2 3 0 4 3 0 4 0 1 4 2 4 3 3 1 1 1 3 2 2 1 0 1 0 0 2 2 0 1 1 3 0 0 0 3 1 2 3 0 3 4 3 1 1 1 3 4 0 3 3 3 3 0 0 0 0 0 0 0 1 0 0 
2 0 3 0 0 3 3 1 2 0 3 3 2 1 2 2 2 2 2 3 2 0 4 2 2 2 1 3 3 3 3 3 0 3 4 1 4 3 3 0 0 1 2 4 3 0 1 3 3 4 0 4 4 0 3 0 2 4 2 4 3 3 2 1 1 3 1 2 1 0 1 0 0 2 2 1 1 1 3 1 1 0 3 1 2 3 0 3 4 3 1 1 2 3 4 0 3 3 3 3 0 0 0 0 0 0 0 1 0 0 
#TS142
3 0 2 3 2 3 3 0 2 1 3 3 3 1 3 2 3 1 1 3 2 0 4 2 0 0 1 3 2 3 3 4 1 3 4 1 2 3 3 2 0 0 3 4 2 0 1 2 2 3 1 4 0 3 4 0 2 4 3 3 3 3 2 1 2 3 1 2 1 1 1 0 0 2 2 1 0 2 3 2 1 0 3 0 2 3 1 2 4 2 3 2 2 3 4 4 1 3 3 3 0 0 0 0 0 0 0 0 0 0 
3 0 2 3 2 3 3 0 1 1 3 3 3 1 3 1 2 2 1 3 2 0 4 3 0 0 0 2 2 3 2 2 1 3 4 1 2 3 3 2 0 0 3 4 3 0 1 2 2 3 2 4 0 3 4 0 2 4 3 3 3 3 2 1 1 4 1 2 1 1 1 0 0 1 2 0 0 1 3 1 0 1 3 1 2 3 1 4 4 3 1 2 2 3 4 4 1 3 3 3 0 0 0 0 0 0 0 0 0 0 
#TS143
3 0 3 0 1 3 3 3 1 1 4 3 0 2 2 2 0 3 2 3 1 4 2 2 4 0 1 0 3 3 1 3 0 0 4 0 2 1 3 0 0 1 2 4 2 2 4 0 3 4 0 2 0 0 4 0 1 1 0 3 3 0 2 2 1 4 1 0 1 1 1 0 0 2 2 1 0 1 3 0 1 1 3 0 3 3 1 4 3 4 1 1 2 2 4 4 1 0 1 4 0 0 0 0 0 0 0 0 1 0 
3 0 3 0 1 4 3 4 0 1 3 3 0 2 3 3 0 2 2 3 1 4 2 3 3 0 1 0 2 3 1 3 0 0 4 0 2 1 3 0 0 1 1 4 3 3 3 0 3 4 0 2 0 0 4 0 1 2 0 3 4 0 2 3 1 3 1 0 0 4 0 0 0 2 1 0 0 1 4 0 1 1 3 0 3 2 2 4 2 3 0 0 2 2 4 4 1 0 0 3 0 0 0 0 0 0 0 0 1 0 
#TS144
3 0 2 3 2 3 3 0 2 2 3 2 2 0 2 1 3 2 1 4 3 0 4 2 0 0 1 2 2 3 3 3 1 3 4 1 2 3 4 3 0 2 1 4 2 0 1 2 2 2 1 4 2 3 3 0 2 4 2 3 3 3 2 1 1 3 2 2 2 1 1 0 0 2 2 1 0 1 3 1 0 0 3 0 2 3 1 3 4 3 1 2 2 4 4 4 2 2 3 4 0 0 0 0 0 0 0 0 0 0 
3 0 2 3 2 3 2 0 2 1 3 2 3 0 3 1 2 2 0 3 2 0 3 2 0 0 1 3 1 3 3 1 1 3 4 1 2 3 3 2 0 1 2 4 3 0 1 3 2 2 1 4 1 3 4 0 3 4 2 3 3 3 2 1 1 3 1 2 1 0 1 0 0 2 2 1 0 1 3 1 1 1 3 1 2 3 1 2 4 3 1 2 2 3 4 4 1 3 3 3 0 0 0 0 0 0 0 0 0 0 
#TS145
3 0 2 3 2 3 2 0 2 1 3 3 2 1 3 2 2 2 2 3 2 0 4 1 0 0 1 3 2 3 2 4 1 3 4 1 2 3 3 2 0 1 2 4 2 0 3 4 1 3 1 4 0 3 4 0 4 4 2 3 3 3 2 1 1 2 3 2 0 2 1 2 1 2 2 1 0 1 3 0 1 0 3 0 2 3 1 4 4 3 1 1 1 3 4 4 1 3 3 3 0 0 0 0 0 0 0 0 0 0 
3 0 2 3 2 3 3 0 2 1 3 3 3 1 4 2 2 2 1 3 2 0 4 2 0 0 1 3 2 4 3 3 1 3 4 1 2 3 3 2 0 1 2 4 2 0 2 4 2 3 0 4 0 3 3 0 2 3 1 3 3 3 2 1 0 2 2 2 1 2 1 0 1 3 1 2 0 1 3 1 1 0 3 0 3 3 1 2 4 3 1 2 2 3 4 4 0 3 3 3 0 0 0 0 0 0 0 0 0 0 
#TS146
3 0 2 3 2 3 3 0 2 1 3 3 3 1 3 1 2 2 1 3 2 0 4 2 0 0 1 3 2 3 3 3 1 3 4 1 2 3 3 2 0 1 2 4 3 0 1 3 2 3 1 4 0 3 4 0 2 4 2 3 3 3 2 1 1 3 1 2 1 1 1 0 0 2 2 1 0 1 3 1 1 0 3 1 2 3 1 3 4 3 1 2 2 3 4 4 1 3 3 3 0 0 1 0 0 0 0 0 0 0 
3 0 2 3 0 3 3 0 3 0 3 2 3 0 2 0 2 2 1 3 2 0 2 2 3 0 1 3 2 3 3 3 1 3 4 4 2 3 4 3 0 1 1 4 3 1 1 2 3 1 2 4 0 2 2 0 2 3 1 3 3 3 1 1 2 3 1 2 1 0 3 0 0 2 2 1 0 3 3 1 1 0 3 1 1 3 1 3 4 3 1 2 2 2 4 4 1 3 4 1 0 0 1 0 0 0 0 0 0 0 
#TS147
3 0 2 2 2 3 2 1 0 1 3 3 2 1 3 2 1 2 2 3 1 0 3 2 0 0 1 2 0 3 2 2 1 3 3 0 1 1 3 2 0 1 2 4 2 1 4 4 2 3 0 4 0 3 3 0 2 3 0 3 3 2 2 1 1 3 1 1 1 3 0 0 0 2 2 0 0 1 3 0 2 0 3 0 2 3 2 3 2 3 1 0 1 2 4 4 1 2 2 3 0 0 0 0 0 0 0 0 0 0 
3 0 2 3 2 3 3 0 0 1 3 3 3 1 3 2 3 2 1 3 2 0 4 2 0 0 1 3 1 3 3 4 0 3 4 1 2 3 3 2 0 1 2 4 2 0 3 4 2 3 1 4 0 2 4 0 2 4 1 3 3 3 1 1 1 3 1 2 1 2 1 1 0 2 2 1 0 1 3 1 2 0 3 0 2 3 1 3 3 3 0 1 2 4 4 4 1 3 4 4 0 0 0 0 0 0 0 0 0 0 
#TS148
3 0 2 3 2 3 4 0 3 2 3 2 1 0 3 2 2 2 1 3 2 0 4 3 0 0 1 3 2 3 3 3 1 2 4 1 2 3 3 2 0 1 2 4 2 0 2 3 1 2 1 4 1 4 4 0 3 4 2 3 3 3 2 1 2 2 1 2 1 0 0 1 0 2 2 1 0 1 3 1 2 0 3 0 2 3 1 3 4 3 1 2 2 3 3 4 1 3 3 3 0 0 0 0 0 0 0 0 0 0 
3 0 2 3 2 3 3 0 1 1 3 3 2 1 3 1 2 1 1 3 2 0 4 2 0 0 1 3 2 3 3 1 1 3 4 1 2 3 3 3 0 1 1 4 3 0 2 3 2 3 1 4 1 3 4 0 2 4 2 4 3 3 1 1 1 3 2 2 2 1 1 0 0 3 3 1 0 1 3 1 1 1 3 0 2 3 1 3 4 3 1 2 2 4 4 4 0 3 2 3 0 0 0 0 0 0 0 0 0 0 
#TS149
3 0 3 2 1 3 3 0 2 1 3 3 2 1 4 1 2 2 1 3 2 0 4 2 0 0 1 3 2 3 3 3 1 3 4 2 2 3 3 2 0 1 1 4 3 0 1 3 2 3 1 4 1 3 3 0 2 4 2 3 3 3 2 1 1 2 1 2 1 1 1 0 0 2 2 1 0 1 3 1 1 0 3 1 2 3 1 3 4 3 1 2 2 4 4 4 1 3 3 3 0 0 0 0 0 0 0 0 0 0 
3 0 2 1 2 3 3 0 2 1 3 3 3 1 3 1 1 3 1 3 1 0 4 2 0 0 1 2 2 3 3 3 1 3 4 1 2 3 3 2 0 1 2 4 3 0 1 4 2 3 1 4 0 2 4 0 2 3 1 3 3 3 2 1 1 3 1 1 1 1 1 0 0 2 2 1 0 1 3 1 1 0 3 1 2 2 2 3 4 3 1 2 2 3 4 4 1 3 3 3 0 0 0 0 0 0 0 0 0 0 
#TS150
3 0 2 3 2 3 3 0 4 1 3 3 3 1 3 1 2 2 1 3 2 0 4 2 0 0 1 3 2 3 3 2 1 2 4 1 2 2 4 2 0 1 2 4 3 0 1 3 2 3 1 4 1 3 4 0 2 4 2 3 3 3 2 1 2 3 1 2 2 0 1 0 0 2 2 1 0 1 4 1 2 0 3 1 2 3 1 3 4 3 1 2 2 3 4 4 1 3 3 4 0 0 0 0 0 0 0 0 0 0 
3 0 2 3 2 3 3 0 2 1 3 3 3 1 3 1 2 2 2 4 2 0 4 3 0 0 1 4 2 3 3 3 1 2 4 1 2 3 3 2 0 1 2 4 3 0 1 3 2 3 1 4 0 3 4 0 2 4 2 3 3 3 2 1 2 2 1 2 1 0 1 0 0 2 2 1 0 1 3 1 2 0 3 1 2 3 1 3 4 3 1 2 2 3 4 4 1 3 3 3 0 0 0 0 0 0 0 0 0 0 
#TS151
3 0 2 3 2 3 3 0 2 1 3 3 3 1 3 1 2 2 1 3 2 0 4 2 0 0 1 3 2 3 3 3 1 3 4 1 2 2 4 2 0 1 2 4 2 0 1 3 2 2 1 4 1 3 4 0 2 4 2 3 3 3 2 1 1 3 1 2 1 1 1 0 0 2 2 1 0 1 3 1 1 1 3 1 2 2 1 3 4 2 1 2 2 3 4 4 1 3 3 3 0 0 0 0 0 0 0 0 0 0 
3 0 2 3 2 3 3 0 2 1 3 2 2 0 3 1 2 2 1 3 3 0 4 2 0 0 1 3 2 3 2 3 1 3 4 1 2 2 3 2 0 1 3 4 2 0 1 3 2 2 2 4 0 3 4 0 3 3 3 3 3 3 2 1 1 3 2 1 1 1 1 1 0 2 2 1 0 1 3 1 1 1 3 1 1 2 1 3 3 2 1 2 2 3 4 4 1 3 3 3 0 0 0 0 0 0 0 0 0 0 
#TS152
3 0 3 0 0 3 3 4 0 1 3 4 0 2 2 2 0 2 2 3 0 4 2 3 3 0 1 0 2 3 1 3 0 0 4 0 2 1 3 0 0 1 2 4 2 3 3 0 2 4 0 2 0 0 4 0 2 1 0 4 3 1 1 2 1 4 1 0 1 3 1 0 0 4 2 0 0 1 3 0 1 2 3 0 2 3 2 4 3 3 0 1 2 2 4 4 0 0 0 3 0 0 0 0 0 0 0 0 1 0 
3 0 3 0 0 3 3 4 0 1 3 3 0 2 3 2 0 2 2 3 1 4 1 2 3 0 1 0 3 3 2 3 0 0 4 0 2 1 3 0 0 1 2 4 3 3 4 0 2 3 0 4 0 0 3 0 1 1 0 3 3 1 1 1 1 3 1 0 1 3 0 0 0 2 2 0 0 1 3 0 1 0 3 0 2 3 1 3 1 3 1 0 2 3 3 4 1 0 0 3 0 0 0 0 0 0 0 0 1 0 
#TS153
3 0 2 3 3 3 3 0 2 1 3 2 3 1 3 1 2 2 1 3 3 0 4 2 0 0 1 3 2 3 3 2 1 2 4 1 2 3 4 2 0 1 3 4 3 0 1 2 2 2 2 4 1 3 4 0 2 4 2 3 2 3 2 1 1 3 1 2 1 0 1 0 0 3 2 1 0 1 3 1 1 0 3 1 2 3 1 2 4 2 2 2 2 3 4 4 1 3 3 3 0 0 0 0 0 0 0 0 0 0 
3 0 2 3 2 3 3 0 1 1 3 3 3 0 3 1 2 2 1 3 2 0 4 2 0 0 1 2 1 3 3 3 1 3 4 1 2 3 4 2 0 1 2 4 3 0 1 3 2 3 1 4 1 3 4 0 3 4 2 3 3 3 2 1 1 3 1 2 1 1 1 0 0 2 2 1 0 1 3 1 1 0 3 1 2 3 1 2 4 2 2 2 2 3 4 4 0 3 3 3 0 0 0 0 0 0 0 0 0 0 
#TS154
3 0 2 3 2 3 3 0 2 1 3 2 3 1 3 1 2 2 1 3 3 0 4 2 0 0 1 3 3 3 3 3 1 3 4 1 2 3 3 2 0 1 2 4 3 0 2 3 3 3 1 4 1 3 3 0 2 4 3 3 3 3 2 1 1 3 1 2 2 1 1 1 0 2 1 1 0 1 3 1 2 0 3 1 2 3 1 3 4 3 1 2 2 3 4 4 1 3 3 4 0 0 0 0 0 0 0 0 0 0 
3 0 2 3 2 3 3 0 4 1 3 2 2 1 3 1 3 2 1 3 2 0 4 2 0 0 1 3 2 3 3 2 1 3 4 1 2 3 3 2 0 1 1 4 3 0 1 3 2 3 1 4 0 4 3 0 2 4 2 3 2 3 2 1 1 3 1 2 2 1 1 0 0 2 2 1 0 1 3 1 2 0 3 1 2 3 1 3 4 3 1 2 2 3 4 4 0 3 3 3 0 0 0 0 0 0 0 0 0 0 
#TS155
1 0 3 3 0 3 2 4 0 1 0 3 1 2 3 1 0 3 3 3 1 0 4 4 0 0 1 3 1 1 4 3 0 3 1 1 3 3 3 0 0 1 2 3 3 0 1 4 2 2 1 4 1 3 2 2 1 1 1 3 2 3 4 0 1 2 0 2 1 0 0 0 0 1 3 3 0 1 0 1 2 3 2 0 2 3 3 1 0 3 0 2 4 3 3 4 1 0 3 3 0 0 0 1 0 0 0 0 0 0 
0 0 2 3 0 3 1 3 0 1 0 3 1 3 3 1 1 3 2 3 1 0 4 4 0 0 1 3 3 1 4 3 0 3 1 1 3 3 3 0 0 2 3 2 3 0 1 4 3 1 1 4 2 3 1 3 0 0 0 3 2 3 3 0 1 2 0 2 1 0 0 0 1 3 3 3 0 1 0 2 3 4 1 0 2 3 3 1 0 3 0 2 4 3 4 4 2 0 3 3 0 0 0 1 0 0 0 0 0 0 
#TS156
3 0 3 3 2 3 3 1 1 1 1 1 1 1 3 1 2 2 1 3 2 0 4 3 0 0 1 3 2 3 3 3 1 3 4 1 2 3 3 1 1 1 2 4 3 0 1 3 2 2 2 4 1 3 3 0 4 4 2 3 4 4 2 1 1 3 2 2 2 1 1 1 0 2 2 1 0 2 2 2 2 2 4 1 1 3 1 3 2 1 2 2 2 4 3 4 1 3 3 3 0 0 0 0 0 0 0 0 0 0 
3 0 1 4 2 3 3 1 2 1 3 2 3 1 3 1 2 2 1 3 3 0 4 3 0 0 1 3 2 3 3 4 1 4 4 1 2 3 4 2 0 1 2 4 3 0 1 3 2 2 1 4 1 3 3 0 3 4 2 3 3 3 2 1 1 3 2 2 3 0 1 0 0 1 2 1 0 1 3 2 1 2 3 1 1 3 1 3 2 1 2 3 3 4 4 4 1 3 3 3 0 0 0 0 0 0 0 0 0 0 
#TS157
2 2 4 1 3 3 2 4 2 3 3 2 3 0 2 2 2 1 1 3 2 0 3 1 0 0 1 3 2 3 3 3 1 3 4 1 4 3 3 2 0 3 2 4 2 2 1 3 2 3 2 4 3 1 4 0 2 3 2 3 3 3 2 1 1 3 1 2 1 0 1 0 0 2 2 1 0 1 3 1 1 0 3 1 2 2 1 3 4 3 1 2 2 3 3 3 1 3 3 2 0 0 0 0 0 0 0 0 0 0 
2 1 2 1 4 3 2 2 2 3 3 2 2 1 3 2 4 2 0 3 3 0 4 2 0 0 1 4 2 3 3 3 1 3 4 1 2 3 4 2 0 3 1 4 3 0 1 3 3 2 1 4 2 3 4 0 3 4 3 3 3 2 2 1 1 3 1 2 1 1 1 0 0 2 2 1 0 1 3 1 0 1 3 1 2 2 1 3 4 3 2 2 2 3 4 4 1 3 2 3 0 0 0 0 0 0 0 0 0 0 
#TS158
0 4 2 0 0 3 0 4 3 4 2 1 4 3 3 3 3 1 1 0 1 0 3 2 0 0 1 2 0 3 3 3 1 2 0 0 2 3 0 0 0 0 3 0 3 0 0 0 4 4 0 4 0 1 3 4 1 0 0 3 2 3 3 1 0 3 4 0 1 1 1 2 0 2 3 2 0 2 1 3 0 2 3 0 2 3 1 2 4 0 3 3 3 3 4 4 1 1 2 4 0 0 0 0 0 0 0 0 0 0 
1 4 2 0 3 3 0 4 3 4 3 3 3 3 3 2 4 1 0 1 1 0 4 2 0 0 0 4 1 3 3 3 1 3 1 1 2 3 3 2 0 0 2 2 2 0 1 3 4 3 0 4 0 1 3 2 1 2 1 3 3 3 2 1 0 3 2 2 1 1 1 2 0 3 3 2 0 2 2 3 0 1 3 0 1 3 2 2 1 2 3 2 2 3 4 4 1 2 4 3 0 0 0 0 0 0 0 0 0 0 
#TS159
0 1 4 3 0 3 2 3 2 3 3 3 3 0 2 0 2 1 1 2 3 0 1 2 4 0 1 3 2 3 3 3 0 4 3 3 3 3 3 2 0 3 1 3 3 3 1 3 3 0 4 4 3 1 1 2 3 1 1 3 3 3 2 1 1 3 1 2 1 0 4 0 0 2 2 1 0 2 3 1 1 1 3 1 1 2 1 4 4 3 1 2 2 1 3 4 2 3 4 0 0 0 1 0 0 0 0 0 0 0 
0 2 3 4 0 3 3 3 2 3 4 3 4 0 2 0 2 2 1 3 4 0 3 2 4 0 1 3 2 3 3 3 1 3 4 4 3 4 3 2 0 4 0 3 3 4 1 4 3 0 4 4 4 1 1 2 4 1 1 3 3 3 1 1 0 4 1 2 1 0 4 0 0 2 1 1 0 3 3 1 1 0 3 1 1 3 1 3 4 3 1 2 2 0 3 4 1 3 2 0 0 0 1 0 0 0 0 0 0 0 
#TS160
2 1 2 0 4 3 2 3 2 3 2 4 3 3 3 2 3 1 0 2 2 0 4 2 0 0 1 3 1 3 3 3 1 3 3 1 1 3 3 2 0 0 3 3 3 0 1 3 3 3 1 4 0 3 3 0 2 4 2 3 3 3 2 1 1 2 2 2 2 1 2 2 1 3 2 1 0 1 2 3 1 1 3 0 1 3 1 3 1 1 2 2 2 3 4 4 2 3 3 3 0 0 0 0 0 0 0 0 0 0 
3 1 2 3 4 3 3 2 2 3 2 3 2 2 3 1 3 2 0 3 4 0 4 2 0 0 0 3 2 3 3 3 1 3 4 1 2 3 3 2 0 1 2 3 3 0 1 3 2 2 1 4 0 3 3 0 2 4 2 3 3 3 2 1 1 3 2 2 1 1 1 1 1 3 2 2 0 2 2 2 1 1 4 1 1 3 1 2 3 2 3 2 3 4 4 4 1 3 3 3 0 0 0 0 0 0 0 0 0 0 
#TS161
3 0 2 3 2 0 3 0 2 0 3 0 1 0 2 3 2 2 1 3 4 1 4 3 0 0 1 1 0 3 1 3 1 0 1 0 1 2 2 0 1 2 2 4 3 0 3 0 2 0 1 0 4 3 4 0 2 4 2 3 3 0 2 0 1 2 3 3 0 4 1 3 1 3 0 3 0 1 3 2 2 0 3 1 3 3 1 3 4 3 1 2 2 4 4 4 2 3 3 3 0 0 0 0 0 0 0 0 0 0 
3 0 2 3 2 2 3 0 2 1 3 0 2 0 3 2 3 2 1 3 3 0 4 3 0 0 1 2 1 3 1 3 1 2 2 0 1 2 2 1 0 2 2 4 3 0 3 3 3 2 1 4 3 3 4 0 2 3 3 3 3 0 2 1 1 3 3 2 1 4 1 3 3 4 1 1 0 1 3 0 2 0 3 0 2 3 1 3 4 3 1 2 2 3 4 4 2 3 3 3 0 0 0 0 0 0 0 0 0 0 
#TS162
3 0 3 3 2 3 3 0 2 1 3 3 2 1 3 1 3 2 1 3 2 0 4 3 0 0 1 3 2 3 3 3 1 3 4 2 2 3 3 2 0 1 3 4 3 0 2 3 2 3 1 4 1 3 4 0 2 4 2 3 3 3 1 1 1 3 1 2 1 1 1 0 0 2 2 1 0 1 3 1 1 0 3 0 2 3 1 3 4 3 1 2 2 4 3 4 0 3 3 3 0 0 0 0 0 0 0 0 0 0 
3 0 2 3 2 3 3 0 2 1 3 3 3 1 3 2 3 2 0 3 2 0 4 2 0 0 1 3 3 3 3 3 2 3 4 1 2 3 3 2 0 1 1 4 3 0 1 3 2 3 1 4 0 3 4 0 2 4 2 3 3 3 2 1 1 2 1 2 1 1 1 0 0 2 2 1 0 1 3 1 1 2 3 0 2 3 1 3 4 2 1 2 2 4 4 4 0 3 3 3 0 0 0 0 0 0 0 0 0 0 
#TS163
2 0 2 1 2 3 3 1 2 1 3 3 3 1 2 2 1 2 1 3 1 0 4 2 0 2 1 3 2 3 3 3 0 3 3 1 2 3 3 2 0 1 2 4 3 0 2 3 4 4 0 4 0 2 4 1 2 3 2 4 3 3 0 1 1 2 1 2 1 1 1 0 0 2 2 1 0 1 3 1 1 0 3 1 2 3 1 3 4 3 1 1 2 3 4 4 0 3 3 3 0 0 0 0 0 0 0 0 0 0 
3 0 2 3 2 3 3 0 2 1 3 3 3 1 3 1 2 2 1 3 2 0 4 2 0 1 1 4 2 3 3 3 1 3 4 1 2 3 3 2 0 1 2 3 2 0 1 3 2 2 0 4 1 3 4 0 2 4 2 3 3 3 1 1 1 2 1 2 1 0 1 0 0 2 2 0 0 1 3 0 1 1 2 1 3 3 1 3 4 3 1 1 1 3 4 4 0 3 3 3 0 0 0 0 0 0 0 0 0 0 
#TS164
0 0 1 0 0 3 1 0 0 3 3 4 4 2 3 1 4 1 4 3 0 2 4 2 0 2 0 3 2 0 4 2 1 3 0 2 2 3 4 2 0 1 2 1 0 0 2 2 3 4 0 4 0 0 0 3 0 0 0 3 4 3 1 1 2 3 1 1 1 1 0 0 0 3 2 1 0 1 3 0 0 3 2 0 0 3 0 0 2 3 1 0 0 3 4 1 0 3 3 3 1 0 0 0 0 0 0 0 0 0 
0 2 0 0 0 3 0 0 0 3 3 4 3 2 3 1 4 1 3 3 0 3 4 2 0 3 0 3 2 0 4 2 1 3 0 1 2 3 4 2 0 1 1 1 0 0 2 2 4 4 0 4 0 0 0 3 0 0 0 4 4 3 0 1 1 2 1 2 1 1 0 0 0 2 2 1 0 1 2 0 1 3 3 0 0 3 1 0 1 4 1 0 0 3 4 1 0 3 3 3 1 0 0 0 0 0 0 0 0 0 
#TS165
3 0 2 3 2 3 3 0 2 1 3 3 3 1 3 1 2 2 1 3 2 0 4 2 0 0 1 3 2 3 3 3 1 3 4 1 2 3 3 2 0 1 2 4 3 0 1 3 2 3 1 4 0 3 4 0 2 4 2 3 3 3 2 1 1 3 1 2 1 1 1 0 0 2 2 1 0 1 3 1 1 0 3 1 2 3 1 3 4 3 1 2 2 3 4 4 1 3 3 3 1 0 0 0 0 0 0 0 0 0 
3 0 0 3 1 3 2 0 2 1 3 3 3 1 3 1 4 2 2 3 1 2 4 2 0 0 0 3 3 0 3 2 0 3 4 1 2 3 4 2 0 1 2 4 4 0 1 2 2 3 0 4 0 2 3 0 2 4 2 4 3 3 2 1 0 4 1 2 1 1 0 0 0 1 2 1 0 1 2 0 1 2 3 0 0 3 0 2 4 3 0 1 2 3 4 1 0 3 3 3 1 0 0 0 0 0 0 0 0 0 
#TS166
3 0 2 3 2 3 3 0 2 1 3 3 3 1 3 1 2 2 1 3 2 0 4 2 0 0 1 3 2 3 3 3 1 3 4 1 2 3 3 2 0 1 2 4 3 0 1 3 2 3 1 4 0 3 4 0 2 4 2 3 3 3 2 1 1 3 1 2 1 1 1 0 0 2 2 1 0 1 3 1 1 0 3 1 2 3 1 3 4 3 1 2 2 3 4 4 1 3 3 3 0 0 0 1 0 0 0 0 0 0 
3 0 2 3 0 3 2 3 1 1 1 3 1 1 3 1 2 3 2 2 2 0 4 4 0 0 1 3 1 2 3 2 0 3 4 1 2 3 4 0 0 1 2 4 3 0 1 3 1 1 1 4 0 3 4 0 2 3 2 3 3 3 3 0 1 3 1 2 1 1 0 0 0 2 2 3 0 1 0 1 4 3 3 0 2 3 2 3 4 3 1 2 3 4 3 4 1 1 3 2 0 0 0 1 0 0 0 0 0 0 
#TS167
3 0 2 1 2 3 3 0 2 1 3 3 3 1 3 1 1 3 1 3 1 0 4 2 0 0 1 2 2 3 3 3 1 3 4 1 2 3 3 2 0 1 2 4 3 0 1 4 2 3 1 4 0 2 4 0 2 3 1 3 3 3 2 1 1 3 1 1 1 1 1 0 0 2 2 1 0 1 3 1 1 0 3 1 2 2 2 3 4 3 1 2 2 3 4 4 1 3 3 3 0 0 0 0 0 0 0 0 0 0 
3 0 2 3 2 3 3 0 4 1 3 3 3 1 3 1 2 2 1 3 2 0 4 2 0 0 1 3 2 3 3 2 1 2 4 1 2 2 4 2 0 1 2 4 3 0 1 3 2 3 1 4 1 3 4 0 2 4 2 3 3 3 2 1 2 3 1 2 2 0 1 0 0 2 2 1 0 1 4 1 2 0 3 1 2 3 1 3 4 3 1 2 2 3 4 4 1 3 3 4 0 0 0 0 0 0 0 0 0 0 
#TS168
3 0 2 3 3 3 4 1 3 2 2 2 2 1 2 1 3 1 0 3 3 0 4 2 0 0 1 3 2 3 3 3 1 3 4 2 2 3 3 2 0 1 2 4 2 0 1 3 2 2 2 4 0 3 4 0 3 4 2 3 3 4 2 1 1 3 1 2 2 1 1 1 0 2 2 1 0 1 3 2 1 1 3 0 2 3 1 3 4 3 2 2 3 3 4 4 2 3 2 3 0 0 0 0 0 0 0 0 0 0 
3 0 2 3 3 3 3 1 2 1 3 2 2 1 2 2 3 1 1 3 3 0 4 2 0 0 1 2 2 3 3 4 1 3 4 1 3 3 3 2 0 1 2 4 3 0 2 3 2 2 3 4 1 3 4 0 2 3 2 3 3 4 2 1 1 3 1 3 2 1 1 1 0 3 2 1 0 1 3 2 1 0 3 0 1 4 1 3 4 3 1 1 2 4 3 4 1 3 3 3 0 0 0 0 0 0 0 0 0 0 
#TS169
2 0 4 3 0 3 3 1 1 2 3 3 3 2 1 0 1 2 2 3 0 0 4 2 0 0 0 3 2 3 3 3 0 3 3 3 2 3 2 2 3 0 4 3 3 1 1 3 2 4 0 4 0 2 4 0 2 2 1 4 4 3 2 0 1 4 1 2 1 0 2 0 0 3 2 1 4 1 3 1 1 0 3 4 2 1 0 3 4 0 3 2 2 3 4 4 0 3 4 3 0 1 0 0 0 0 0 0 0 0 
2 0 3 3 0 3 3 1 1 2 3 3 3 2 1 0 1 2 3 3 1 0 4 2 0 0 1 3 2 3 2 2 0 3 2 3 2 3 3 2 4 0 4 4 3 1 0 4 2 3 0 4 0 1 3 0 2 2 2 4 3 3 2 0 1 4 1 2 1 0 3 0 0 2 2 1 4 1 3 1 0 0 3 4 2 1 0 3 3 0 3 2 2 2 4 4 1 3 2 3 0 1 0 0 0 0 0 0 0 0 
#TS170
3 0 3 1 1 3 3 4 2 1 3 3 0 1 3 2 1 2 2 3 1 4 3 2 3 0 1 1 2 3 1 3 0 0 4 0 3 2 3 0 0 1 2 4 3 0 1 0 2 3 0 2 0 1 3 0 2 4 2 4 3 3 2 2 2 4 1 1 1 1 1 0 0 2 1 1 0 1 3 0 1 1 3 0 2 3 1 4 4 3 1 1 2 2 3 4 0 0 0 3 0 0 0 0 0 0 0 0 1 0 
3 0 2 1 1 4 3 4 2 1 3 3 0 1 4 1 1 2 2 3 1 4 2 3 4 0 1 0 4 3 1 3 0 0 4 0 2 1 3 0 0 1 2 4 3 0 2 0 2 3 0 3 0 0 4 0 2 1 1 4 3 4 2 2 1 4 1 0 1 1 0 0 0 2 2 1 0 1 3 0 1 0 3 0 2 3 1 4 4 4 0 1 2 2 4 3 0 0 1 3 0 0 0 0 0 0 0 0 1 0 
#TS171
2 1 3 0 0 2 3 3 3 3 3 4 3 2 0 0 3 1 2 3 0 0 0 1 0 0 0 3 1 0 4 0 0 2 1 3 2 3 3 2 0 0 3 4 3 0 1 0 3 4 4 0 0 2 2 2 2 1 0 4 4 3 2 1 1 3 1 2 3 1 1 0 0 0 2 1 3 3 3 1 0 0 3 1 2 2 0 3 4 3 1 2 2 3 4 4 1 3 1 3 0 0 0 0 1 0 0 0 0 0 
1 1 3 0 0 2 2 2 3 3 4 3 3 2 0 0 2 2 1 3 0 0 0 0 0 0 0 3 2 0 4 0 0 3 0 3 2 3 3 3 0 0 3 4 3 1 1 0 2 4 4 0 0 2 2 1 2 1 1 4 3 3 2 1 1 3 1 2 1 1 1 0 0 0 2 1 3 3 2 1 1 1 3 1 2 2 0 2 4 3 1 2 2 3 3 4 1 4 1 2 0 0 0 0 1 0 0 0 0 0 
#TS172
1 1 3 0 0 2 2 2 3 3 4 3 3 2 0 0 2 2 1 3 0 0 0 0 0 0 0 3 2 0 4 0 0 3 0 3 2 3 3 3 0 0 3 4 3 1 1 0 2 4 4 0 0 2 2 1 2 1 1 4 3 3 2 1 1 3 1 2 1 1 1 0 0 0 2 1 3 3 2 1 1 1 3 1 2 2 0 2 4 3 1 2 2 3 3 4 1 4 1 2 0 0 0 0 1 0 0 0 0 0 
1 1 3 0 0 2 2 2 2 4 3 3 3 2 0 0 3 2 2 3 0 0 0 1 0 0 0 3 2 0 3 0 0 3 0 3 2 3 3 2 0 0 3 3 3 1 0 0 2 4 4 0 0 2 4 1 2 1 0 4 3 4 2 1 1 3 1 2 1 1 1 0 0 0 2 1 3 4 3 1 1 1 3 0 2 1 0 3 3 3 1 2 2 3 4 4 1 3 1 3 0 0 0 0 0 0 0 0 0 0 
#TS173
1 0 3 0 0 3 2 0 2 2 3 3 3 1 0 0 1 1 3 3 0 0 0 1 0 0 0 3 2 0 4 2 0 2 1 3 2 3 3 1 0 0 2 4 3 1 1 0 2 4 4 0 0 3 3 2 2 1 2 4 4 3 1 1 1 4 1 2 1 0 1 0 0 0 2 1 2 4 3 1 1 0 3 1 2 2 0 3 4 3 0 2 3 3 4 4 1 3 1 3 0 0 0 0 1 0 0 0 0 0 
0 0 3 0 0 3 3 1 4 3 4 3 3 2 0 0 2 2 2 3 0 0 0 1 0 0 1 3 2 0 4 0 0 3 0 4 2 3 2 1 0 0 2 4 3 1 1 0 3 4 4 0 0 3 3 2 1 1 0 4 3 3 2 1 1 4 1 2 1 0 1 0 0 0 2 1 2 2 3 1 1 0 3 1 2 2 0 3 4 3 1 2 2 3 3 4 1 3 1 3 0 0 0 0 1 0 0 0 0 0 
#TS174
3 0 2 4 2 2 3 0 2 1 2 1 1 0 3 1 2 2 0 3 3 0 4 2 0 0 1 3 2 3 3 3 1 3 4 2 2 3 3 2 0 1 2 4 4 0 1 3 2 2 2 4 1 3 2 0 3 4 2 3 4 3 2 1 1 3 1 1 1 1 1 0 0 2 2 1 0 0 3 1 1 0 3 0 2 3 1 3 4 3 1 2 2 3 4 4 1 3 4 3 0 0 0 0 0 0 0 0 0 0 
3 0 2 3 3 3 3 0 2 1 3 2 3 1 3 1 2 2 1 3 3 0 4 2 0 0 1 3 2 3 3 2 1 2 4 1 2 3 4 2 0 1 3 4 3 0 1 2 2 2 2 4 1 3 4 0 2 4 2 3 2 3 2 1 1 3 1 2 1 0 1 0 0 3 2 1 0 1 3 1 1 0 3 1 2 3 1 2 4 2 2 2 2 3 4 4 1 3 3 3 0 0 0 0 0 0 0 0 0 0 
#TS175
0 0 2 3 0 3 1 3 0 1 0 3 1 3 3 1 1 3 2 3 1 0 4 4 0 0 1 3 3 1 4 3 0 3 1 1 3 3 3 0 0 2 3 2 3 0 1 4 3 1 1 4 2 3 1 3 0 0 0 3 2 3 3 0 1 2 0 2 1 0 0 0 1 3 3 3 0 1 0 2 3 4 1 0 2 3 3 1 0 3 0 2 4 3 4 4 2 0 3 3 0 0 0 1 0 0 0 0 0 0 
0 0 3 3 0 3 1 4 1 2 0 4 2 3 3 2 2 4 2 3 1 0 4 4 0 0 1 3 2 1 4 3 0 3 0 1 2 3 3 0 0 2 2 3 3 0 0 4 3 1 1 4 3 3 1 2 1 0 1 3 3 4 3 0 1 2 0 2 1 1 0 0 0 2 2 3 0 1 0 1 2 3 1 0 2 3 4 1 0 4 0 2 3 3 3 4 2 0 3 3 0 0 0 1 0 0 0 0 0 0 
#TS176
3 0 2 3 2 3 3 0 2 1 3 0 3 1 3 1 2 2 1 3 2 1 4 3 0 0 1 2 2 3 2 3 1 1 4 1 2 3 3 0 1 1 3 4 2 0 3 1 1 1 2 1 0 3 4 0 2 4 2 3 3 3 1 1 1 3 1 2 1 1 0 1 0 2 1 3 0 1 3 1 1 1 3 1 2 3 1 3 4 2 1 2 2 4 4 4 2 3 3 3 0 0 0 0 0 0 0 0 0 1 
3 0 2 3 2 3 3 0 3 1 3 0 2 0 3 1 2 2 0 3 2 1 4 4 0 0 1 0 2 3 4 3 1 0 3 0 2 3 3 0 1 0 2 4 3 0 2 0 2 0 2 0 1 3 4 0 2 4 2 3 3 4 2 1 0 2 2 2 1 1 0 1 0 3 0 3 0 1 3 2 1 1 3 1 2 3 1 3 4 3 1 2 2 3 4 4 1 3 3 3 0 0 0 0 0 0 0 0 0 1 
#TS177
3 0 2 3 2 3 3 0 1 1 3 3 3 0 3 1 2 2 1 3 2 0 4 2 0 0 1 2 1 3 3 3 1 3 4 1 2 3 4 2 0 1 2 4 3 0 1 3 2 3 1 4 1 3 4 0 3 4 2 3 3 3 2 1 1 3 1 2 1 1 1 0 0 2 2 1 0 1 3 1 1 0 3 1 2 3 1 2 4 2 2 2 2 3 4 4 0 3 3 3 0 0 0 0 0 0 0 0 0 0 
3 0 2 3 2 3 3 0 2 1 3 2 3 1 2 1 2 2 1 3 3 0 4 2 0 0 1 3 2 3 3 3 0 3 4 1 2 2 3 2 0 1 2 4 3 0 1 3 2 2 2 4 1 3 3 0 2 4 2 4 2 3 2 1 2 3 1 2 1 1 1 0 0 2 2 1 0 2 3 1 1 0 4 1 2 3 1 3 4 2 1 2 2 3 4 4 1 3 4 3 0 0 0 0 0 0 0 0 0 0 
#TS178
3 0 2 3 2 3 3 0 2 1 3 2 3 1 3 1 2 2 1 3 3 0 4 2 0 0 0 3 3 3 3 3 1 3 4 1 2 4 3 1 0 0 3 4 2 0 0 2 2 3 1 4 1 3 4 0 3 4 2 3 3 3 2 1 1 3 1 2 3 1 1 1 0 2 1 1 0 1 3 2 1 1 3 1 2 3 1 3 3 2 3 2 2 4 3 4 1 3 3 3 0 0 0 0 0 0 0 0 0 0 
3 0 2 3 2 3 3 0 2 1 3 3 3 1 3 2 3 1 1 3 2 0 4 2 0 0 1 3 2 3 3 4 1 3 4 1 2 3 3 2 0 0 3 4 2 0 1 2 2 3 1 4 0 3 4 0 2 4 3 3 3 3 2 1 2 3 1 2 1 1 1 0 0 2 2 1 0 2 3 2 1 0 3 0 2 3 1 2 4 2 3 2 2 3 4 4 1 3 3 3 0 0 0 0 0 0 0 0 0 0 
#TS179
2 0 3 0 0 3 3 0 2 0 3 3 3 1 1 1 0 2 3 3 1 0 4 2 1 0 1 3 2 3 4 2 0 4 3 1 3 3 3 0 0 1 3 4 3 0 1 3 2 3 1 4 2 0 4 0 2 4 2 4 3 3 3 1 2 3 1 2 1 0 1 0 0 2 2 1 2 1 3 1 1 0 3 1 2 3 0 2 4 3 2 1 2 3 4 0 3 3 4 3 0 0 0 0 0 0 0 1 0 0 
1 0 3 0 0 3 3 0 2 0 3 3 3 1 1 1 0 2 3 3 1 0 4 2 2 1 0 3 2 3 4 2 0 3 2 1 4 3 3 0 0 1 2 4 3 0 1 3 3 3 0 4 3 0 3 1 2 4 2 4 4 3 2 1 1 3 1 2 1 1 1 0 0 2 2 1 1 1 3 1 1 0 3 1 1 3 0 3 4 3 1 2 2 3 4 0 4 3 3 3 0 0 0 0 0 0 0 1 0 0 
#TS180
3 0 2 3 1 3 4 0 2 1 3 3 3 1 1 0 2 2 1 3 2 0 4 2 0 0 1 3 2 3 2 3 1 3 4 3 2 3 3 2 3 0 3 4 3 0 1 3 2 3 1 4 0 3 4 0 2 3 2 3 3 3 2 0 1 4 1 1 1 1 2 0 0 2 2 1 4 1 3 1 0 0 3 3 2 1 0 3 3 0 1 2 2 3 4 4 1 3 2 3 0 1 0 0 0 0 0 0 0 0 
2 0 3 3 0 3 3 0 1 1 3 3 3 1 0 0 1 2 2 3 1 0 4 2 0 0 0 3 2 3 3 3 1 3 4 4 2 3 3 2 4 0 4 4 3 0 1 3 2 3 1 4 0 2 3 0 2 2 2 3 3 3 2 0 1 3 1 2 1 1 2 0 0 2 1 1 4 1 3 1 1 0 3 4 2 1 0 3 3 0 1 2 2 3 3 4 1 4 2 4 0 1 0 0 0 0 0 0 0 0 
#TS181
0 2 0 0 0 3 0 0 0 3 3 4 3 2 3 1 4 1 3 3 0 3 4 2 0 3 0 3 2 0 4 2 1 3 0 1 2 3 4 2 0 1 1 1 0 0 2 2 4 4 0 4 0 0 0 3 0 0 0 4 4 3 0 1 1 2 1 2 1 1 0 0 0 2 2 1 0 1 2 0 1 3 3 0 0 3 1 0 1 4 1 0 0 3 4 1 0 3 3 3 1 0 0 0 0 0 0 0 0 0 
0 3 0 0 0 3 0 0 0 4 3 4 4 4 3 0 4 1 3 2 0 3 4 3 0 2 0 3 2 0 4 2 1 3 0 1 2 3 4 2 0 1 2 0 0 0 2 3 3 3 0 4 0 0 0 3 0 0 1 4 3 2 0 1 0 3 2 2 1 1 0 0 0 2 2 1 0 1 3 0 0 3 1 0 0 3 1 0 1 3 1 0 0 4 3 1 0 3 2 3 1 0 0 0 0 0 0 0 0 0 
#TS182
3 0 2 3 0 3 3 0 3 0 3 2 3 0 2 0 2 2 1 3 2 0 2 2 3 0 1 3 2 3 3 3 1 3 4 4 2 3 4 3 0 1 1 4 3 1 1 2 3 1 2 4 0 2 2 0 2 3 1 3 3 3 1 1 2 3 1 2 1 0 3 0 0 2 2 1 0 3 3 1 1 0 3 1 1 3 1 3 4 3 1 2 2 2 4 4 1 3 4 1 0 0 1 0 0 0 0 0 0 0 
2 0 3 4 0 3 3 0 2 1 3 2 2 0 3 0 0 1 2 3 1 0 1 3 4 0 1 3 2 3 3 2 1 3 4 3 2 3 4 2 0 1 0 4 3 2 0 3 2 0 3 4 1 2 2 2 4 1 2 3 3 3 2 1 1 2 1 2 1 0 4 0 0 2 2 1 0 3 3 1 1 1 3 1 2 3 1 3 4 3 2 2 2 1 3 4 0 2 3 0 0 0 1 0 0 0 0 0 0 0 
#TS183
3 0 2 3 2 3 3 0 1 1 3 3 3 1 3 1 2 2 1 3 2 0 4 1 0 0 1 3 1 3 3 3 1 4 4 1 2 3 3 2 0 1 2 4 2 0 1 4 2 4 2 4 1 3 4 0 2 4 2 4 3 3 2 1 1 3 2 2 0 1 1 1 1 2 2 1 0 1 3 1 1 0 3 1 3 3 1 3 4 4 1 2 2 3 4 4 2 3 3 4 0 0 0 0 0 0 0 0 0 0 
3 0 2 3 2 3 3 0 2 1 3 3 3 2 3 1 2 2 1 4 2 0 4 2 0 0 1 3 2 3 3 3 0 3 4 1 2 3 3 2 0 1 1 4 3 0 2 3 2 3 1 4 0 3 4 0 2 4 1 3 3 3 1 1 1 3 1 2 1 1 1 0 0 1 2 1 0 1 3 1 2 1 3 1 2 3 1 3 4 3 1 1 2 4 4 4 1 4 4 4 0 0 0 0 0 0 0 0 0 0 
#TS184
0 4 2 0 0 3 1 4 4 4 2 1 3 3 3 3 4 1 1 0 1 0 4 2 0 0 1 2 1 4 3 2 1 1 0 0 2 2 0 0 0 0 3 0 3 0 0 0 4 4 0 4 0 0 3 4 0 0 0 4 3 3 2 1 0 3 3 0 2 1 1 2 0 2 2 2 0 2 2 2 0 0 3 0 2 3 1 1 4 0 3 3 3 3 3 4 1 1 3 3 0 0 0 0 0 1 0 0 0 0 
0 3 2 0 0 3 0 3 2 4 2 1 3 3 3 4 3 2 1 0 1 0 3 2 0 0 1 1 0 3 3 3 1 1 0 0 1 3 0 0 0 0 2 0 2 0 0 0 4 4 0 4 0 0 3 4 0 1 0 4 2 4 2 1 0 2 4 0 1 1 1 2 0 2 3 2 0 2 1 3 0 1 3 0 2 3 1 1 4 0 3 3 4 4 4 4 1 1 3 3 0 0 0 0 0 1 0 0 0 0 
#TS185
2 0 3 0 0 3 3 0 2 0 3 3 3 2 1 1 0 2 3 3 1 0 4 2 2 1 2 3 2 3 4 3 0 4 2 1 4 2 3 0 0 1 1 4 3 0 1 3 2 3 0 3 3 0 4 0 2 4 2 4 3 3 1 1 0 3 1 3 1 1 1 0 0 2 2 1 1 1 3 1 1 1 3 1 2 3 0 3 4 3 1 1 2 3 3 0 3 3 3 3 0 0 0 0 0 0 0 0 0 0 
2 0 2 1 2 3 3 1 2 1 3 3 3 1 2 2 1 2 1 3 1 0 4 2 0 2 1 3 2 3 3 3 0 3 3 1 2 3 3 2 0 1 2 4 3 0 2 3 4 4 0 4 0 2 4 1 2 3 2 4 3 3 0 1 1 2 1 2 1 1 1 0 0 2 2 1 0 1 3 1 1 0 3 1 2 3 1 3 4 3 1 1 2 3 4 4 0 3 3 3 0 0 0 0 0 0 0 0 0 0 
#TS186
3 0 2 3 2 3 3 0 2 1 3 3 3 2 3 1 2 2 1 4 2 0 4 2 0 0 1 3 2 3 3 3 0 3 4 1 2 3 3 2 0 1 1 4 3 0 2 3 2 3 1 4 0 3 4 0 2 4 1 3 3 3 1 1 1 3 1 2 1 1 1 0 0 1 2 1 0 1 3 1 2 1 3 1 2 3 1 3 4 3 1 1 2 4 4 4 1 4 4 4 0 0 0 0 0 0 0 0 0 0 
3 0 2 3 2 3 3 0 2 1 4 3 2 1 3 1 2 2 1 3 2 0 3 2 0 0 1 3 3 3 3 2 1 3 4 1 2 3 3 2 0 1 2 3 3 0 2 3 2 3 1 4 1 4 4 0 2 4 2 3 3 3 2 1 1 3 2 2 1 2 1 0 0 2 2 1 0 1 3 1 2 0 3 1 2 3 1 3 4 3 1 1 2 3 4 4 1 3 3 4 0 0 0 0 0 0 0 0 0 0 
#TS187
3 0 2 1 2 3 3 1 2 1 3 3 3 2 3 1 0 1 2 3 1 0 4 2 0 0 1 3 2 3 3 3 1 3 3 1 2 3 3 2 0 1 3 4 3 0 1 3 2 4 0 4 0 2 3 1 2 3 2 3 3 3 2 1 1 3 1 2 1 1 1 0 0 2 2 2 0 1 3 1 1 0 3 1 2 2 1 3 4 3 1 1 2 2 2 4 1 3 4 3 0 0 0 0 0 0 0 0 0 0 
2 0 2 3 2 3 2 0 3 1 3 3 3 1 3 1 2 2 1 3 2 0 4 2 0 0 1 4 2 3 3 3 1 3 4 1 2 3 3 2 0 1 3 4 2 0 1 2 2 3 0 4 0 3 4 0 2 3 3 3 3 4 2 1 1 4 1 2 1 1 1 0 0 2 2 1 0 1 4 1 1 0 3 1 2 3 1 3 4 3 2 2 2 3 4 4 1 3 3 3 0 0 0 0 0 0 0 0 0 0 
#TS188
3 0 2 3 2 3 4 0 2 1 3 1 3 0 3 1 3 2 1 3 2 0 4 2 0 0 1 3 2 3 3 2 0 3 4 1 2 3 3 1 0 0 2 4 2 0 1 3 2 2 1 4 1 3 4 0 2 4 2 3 3 3 1 1 1 3 1 2 1 1 1 0 0 2 2 1 0 1 2 2 1 1 3 0 2 2 1 2 2 1 2 2 2 3 4 4 1 3 4 3 0 0 0 0 0 0 0 0 0 0 
3 0 2 3 2 3 3 0 1 1 3 2 3 1 3 1 2 1 1 3 2 0 3 2 0 0 1 3 2 3 3 2 1 3 4 1 2 3 3 2 0 1 3 4 2 0 1 3 2 3 1 4 1 2 3 0 2 3 2 3 3 3 2 1 1 3 2 2 1 0 2 0 0 1 2 1 0 1 3 2 0 1 3 0 2 3 1 3 2 3 2 2 2 3 4 4 1 3 3 3 0 0 0 0 0 0 0 0 0 0 
#TS189
4 0 2 3 2 1 3 0 1 0 3 0 2 0 2 3 2 2 1 3 4 1 4 4 0 0 1 1 0 3 2 3 1 0 1 0 2 1 2 0 1 2 2 4 3 0 4 0 2 0 1 0 3 3 4 0 2 4 3 3 3 0 2 1 1 2 4 2 0 4 1 3 1 4 0 4 0 1 3 1 0 0 3 0 2 3 1 3 4 3 1 2 2 4 4 4 1 3 3 3 0 0 0 0 0 0 0 0 0 1 
3 0 2 3 2 0 3 0 2 0 3 0 1 0 2 3 2 2 1 3 4 1 4 3 0 0 1 1 0 3 1 3 1 0 1 0 1 2 2 0 1 2 2 4 3 0 3 0 2 0 1 0 4 3 4 0 2 4 2 3 3 0 2 0 1 2 3 3 0 4 1 3 1 3 0 3 0 1 3 2 2 0 3 1 3 3 1 3 4 3 1 2 2 4 4 4 2 3 3 3 0 0 0 0 0 0 0 0 0 0 
#TS190
3 0 3 2 2 3 2 0 2 1 3 3 3 1 3 1 2 2 1 3 2 0 4 2 0 0 1 3 2 3 3 3 1 3 4 1 2 3 3 2 0 1 2 4 3 0 1 3 3 3 0 4 0 3 4 0 2 3 2 3 3 3 1 1 1 3 2 2 1 1 1 0 0 2 2 1 0 1 3 1 1 0 3 0 2 3 1 3 4 3 1 2 1 4 4 4 1 3 3 3 0 0 0 0 0 0 0 0 0 0 
3 0 2 3 2 3 3 0 2 1 3 4 3 1 3 1 2 2 1 4 2 0 4 2 0 0 1 3 2 3 3 3 1 3 4 1 2 3 3 2 0 1 1 4 3 0 1 3 2 3 0 4 0 3 4 0 2 3 1 3 3 3 2 1 1 3 1 2 1 1 1 0 0 2 2 1 0 1 3 1 0 0 3 0 3 3 1 3 4 3 2 2 2 3 3 4 1 2 3 3 0 0 0 0 0 0 0 0 0 0 
#TS191
3 0 2 3 2 3 4 0 2 1 3 3 2 1 3 1 2 2 2 3 2 0 4 2 0 0 1 3 3 3 3 2 1 4 4 1 2 3 3 2 0 2 2 4 3 0 1 3 2 3 1 4 0 3 4 0 3 4 2 3 3 3 2 1 1 2 1 2 1 0 1 0 0 2 2 1 0 1 3 1 1 1 3 1 2 4 1 3 4 3 1 2 2 3 4 4 1 3 3 3 0 0 0 0 0 0 0 0 0 0 
3 0 3 3 2 3 3 0 2 1 3 3 3 1 3 1 2 2 1 3 2 0 4 2 0 0 1 3 2 3 3 1 1 4 4 1 2 3 3 2 0 1 2 4 3 0 1 3 2 3 1 4 0 3 3 0 2 4 2 3 3 3 2 1 1 3 1 2 1 1 1 1 0 2 2 1 0 1 3 1 1 1 3 1 2 3 1 3 4 3 1 2 2 3 4 4 1 3 2 3 0 0 0 0 0 0 0 0 0 0 
#TS192
3 0 3 1 2 4 3 4 0 1 3 3 0 2 3 2 1 2 3 3 1 4 2 2 3 0 1 0 2 3 2 3 0 0 4 0 2 1 3 0 0 1 2 4 2 2 3 0 2 3 0 2 0 0 4 0 2 2 1 3 3 1 1 1 1 3 1 0 1 2 0 0 0 2 2 0 0 1 3 0 3 0 2 0 2 3 2 3 2 3 1 1 3 2 4 4 0 0 0 2 0 0 0 0 0 0 0 0 0 0 
3 0 2 2 2 3 2 1 0 1 3 3 2 1 3 2 1 2 2 3 1 0 3 2 0 0 1 2 0 3 2 2 1 3 3 0 1 1 3 2 0 1 2 4 2 1 4 4 2 3 0 4 0 3 3 0 2 3 0 3 3 2 2 1 1 3 1 1 1 3 0 0 0 2 2 0 0 1 3 0 2 0 3 0 2 3 2 3 2 3 1 0 1 2 4 4 1 2 2 3 0 0 0 0 0 0 0 0 0 0 
#TS193
3 0 2 3 2 3 3 0 2 1 3 4 3 1 3 1 2 2 1 4 2 0 4 2 0 0 1 3 2 3 3 3 1 3 4 1 2 3 3 2 0 1 1 4 3 0 1 3 2 3 0 4 0 3 4 0 2 3 1 3 3 3 2 1 1 3 1 2 1 1 1 0 0 2 2 1 0 1 3 1 0 0 3 0 3 3 1 3 4 3 2 2 2 3 3 4 1 2 3 3 0 0 0 0 0 0 0 0 0 0 
3 0 2 3 2 3 3 0 2 1 3 3 3 1 3 1 2 1 0 3 2 0 4 3 0 0 1 3 2 3 3 3 1 3 4 1 2 3 3 2 0 1 2 4 3 0 1 3 3 3 1 4 0 3 3 0 2 3 2 3 2 3 2 1 1 3 3 1 1 1 1 0 0 2 2 1 0 1 3 1 1 1 3 1 2 3 1 3 4 3 1 2 2 3 3 4 1 3 3 3 0 0 0 0 0 0 0 0 0 0 
#TS194
3 0 3 3 4 3 2 1 2 3 2 3 2 2 2 2 2 2 1 3 2 0 3 1 0 0 0 3 2 3 3 3 1 3 4 1 2 3 3 2 0 1 2 4 2 0 0 3 4 2 1 4 1 3 4 0 2 4 2 3 3 3 2 1 1 3 2 2 1 0 1 0 0 2 2 1 0 1 3 2 1 0 3 1 1 3 1 3 4 2 1 2 3 3 3 4 1 3 3 3 0 0 0 0 0 0 0 0 0 0 
3 0 2 3 3 3 4 1 3 2 2 2 2 1 2 1 3 1 0 3 3 0 4 2 0 0 1 3 2 3 3 3 1 3 4 2 2 3 3 2 0 1 2 4 2 0 1 3 2 2 2 4 0 3 4 0 3 4 2 3 3 4 2 1 1 3 1 2 2 1 1 1 0 2 2 1 0 1 3 2 1 1 3 0 2 3 1 3 4 3 2 2 3 3 4 4 2 3 2 3 0 0 0 0 0 0 0 0 0 0 
#TS195
3 0 2 3 2 3 3 0 2 1 3 3 3 1 3 1 2 1 0 3 2 0 4 3 0 0 1 3 2 3 3 3 1 3 4 1 2 3 3 2 0 1 2 4 3 0 1 3 3 3 1 4 0 3 3 0 2 3 2 3 2 3 2 1 1 3 3 1 1 1 1 0 0 2 2 1 0 1 3 1 1 1 3 1 2 3 1 3 4 3 1 2 2 3 3 4 1 3 3 3 0 0 0 0 0 0 0 0 0 0 
4 0 2 3 2 3 3 0 3 1 3 3 3 1 3 1 2 2 1 3 2 0 4 2 0 0 1 4 2 3 3 3 0 2 4 1 2 3 3 3 0 1 3 4 2 0 1 3 2 3 1 4 0 3 4 0 2 4 2 2 3 3 2 1 1 3 1 2 1 1 1 0 0 2 2 1 0 1 3 1 2 0 3 1 2 3 2 2 4 3 1 2 2 3 4 4 1 3 3 3 0 0 0 0 0 0 0 0 0 0 
#TS196
3 0 2 3 2 3 3 0 2 0 3 0 3 0 3 2 2 2 2 3 2 1 4 3 0 0 1 1 1 3 3 3 1 0 2 0 2 2 3 0 0 1 2 4 3 0 3 1 2 0 1 0 3 2 4 0 2 4 2 3 3 3 2 1 1 3 1 2 1 1 0 2 0 2 0 4 0 1 3 1 1 0 3 1 2 2 1 3 4 3 1 2 2 3 4 4 2 3 3 3 0 0 0 0 0 0 0 0 0 1 
3 0 2 3 2 3 3 0 2 0 3 0 2 0 3 0 2 2 1 3 3 1 4 3 0 0 1 1 0 3 3 3 1 0 1 0 2 2 3 0 1 1 2 4 3 0 3 0 2 0 2 1 4 3 4 0 2 4 3 3 3 3 1 0 1 3 2 2 1 1 0 2 0 3 0 4 0 2 3 1 2 1 3 1 2 3 1 3 4 3 1 2 2 3 4 4 1 3 3 3 0 0 0 0 0 0 0 0 0 1 
#TS197
3 0 2 3 2 3 3 0 2 1 3 2 3 1 3 1 2 2 1 3 2 0 3 2 0 0 1 3 2 3 3 3 1 4 4 1 2 3 3 2 0 1 2 4 3 0 1 3 3 2 2 4 1 3 4 0 2 4 3 3 3 4 2 1 1 3 2 2 1 1 1 1 0 2 2 2 0 1 3 0 1 1 3 1 2 4 1 3 4 3 1 2 2 3 4 4 0 3 3 4 0 0 0 0 0 0 0 0 0 0 
3 0 3 3 2 3 3 0 1 1 3 3 3 1 3 1 2 1 1 3 2 0 4 2 0 0 1 3 2 3 3 3 1 3 4 1 2 3 3 2 0 1 2 4 3 0 1 3 2 2 2 4 0 3 4 0 2 4 2 3 3 3 1 1 1 2 2 2 4 0 1 1 1 3 2 1 0 1 3 0 0 0 3 1 2 3 1 3 4 3 0 2 2 3 3 4 1 3 3 3 0 0 0 0 0 0 0 0 0 0 
#TS198
3 0 2 3 2 3 3 0 0 1 3 3 3 1 3 2 3 2 1 3 2 0 4 2 0 0 1 3 1 3 3 4 0 3 4 1 2 3 3 2 0 1 2 4 2 0 3 4 2 3 1 4 0 2 4 0 2 4 1 3 3 3 1 1 1 3 1 2 1 2 1 1 0 2 2 1 0 1 3 1 2 0 3 0 2 3 1 3 3 3 0 1 2 4 4 4 1 3 4 4 0 0 0 0 0 0 0 0 0 0 
3 0 2 3 2 3 2 0 2 1 3 3 2 1 3 2 2 2 2 3 2 0 4 1 0 0 1 3 2 3 2 4 1 3 4 1 2 3 3 2 0 1 2 4 2 0 3 4 1 3 1 4 0 3 4 0 4 4 2 3 3 3 2 1 1 2 3 2 0 2 1 2 1 2 2 1 0 1 3 0 1 0 3 0 2 3 1 4 4 3 1 1 1 3 4 4 1 3 3 3 0 0 0 0 0 0 0 0 0 0 
#TS199
3 0 3 3 2 3 3 0 1 1 3 3 3 1 3 1 2 1 1 3 2 0 4 2 0 0 1 3 2 3 3 3 1 3 4 1 2 3 3 2 0 1 2 4 3 0 1 3 2 2 2 4 0 3 4 0 2 4 2 3 3 3 1 1 1 2 2 2 4 0 1 1 1 3 2 1 0 1 3 0 0 0 3 1 2 3 1 3 4 3 0 2 2 3 3 4 1 3 3 3 0 0 0 0 0 0 0 0 0 0 
4 0 2 3 2 3 3 0 2 1 3 3 3 1 3 1 2 2 2 3 2 0 4 2 0 0 1 3 2 3 2 2 1 4 4 1 2 3 3 2 0 1 2 4 3 0 1 3 2 3 1 4 0 3 4 0 2 3 3 3 4 4 1 1 2 3 1 1 2 1 1 0 0 3 1 1 0 1 3 1 1 1 3 1 2 3 1 3 4 3 1 2 2 3 4 4 1 3 2 4 0 0 0 0 0 0 0 0 0 0 
#TS200
0 2 4 3 0 3 0 4 2 2 0 3 2 3 4 2 2 2 1 2 1 0 4 4 0 0 1 3 1 1 4 3 0 4 0 1 2 3 3 0 0 3 2 1 2 0 0 4 3 1 0 4 2 3 1 2 1 1 0 3 2 3 4 0 1 3 0 1 0 1 0 0 0 2 3 3 0 1 0 2 3 4 0 0 2 3 4 1 0 3 0 2 4 3 4 4 2 0 2 3 0 0 0 1 0 0 0 0 0 0 
0 2 3 2 0 3 0 3 2 2 1 3 3 4 3 2 2 4 1 1 2 0 4 4 0 0 1 3 1 1 3 2 0 4 0 1 2 3 3 0 0 2 2 2 3 0 0 4 2 1 0 4 2 3 1 1 0 0 1 3 2 3 4 0 1 2 0 2 1 1 0 0 0 2 4 3 0 1 0 1 2 3 0 0 2 3 4 1 0 3 0 2 4 3 4 4 2 0 3 3 0 0 0 1 0 0 0 0 0 0 
#TS201
3 0 3 0 0 3 3 4 0 1 3 3 0 2 3 2 0 2 2 3 1 4 1 2 3 0 1 0 3 3 2 3 0 0 4 0 2 1 3 0 0 1 2 4 3 3 4 0 2 3 0 4 0 0 3 0 1 1 0 3 3 1 1 1 1 3 1 0 1 3 0 0 0 2 2 0 0 1 3 0 1 0 3 0 2 3 1 3 1 3 1 0 2 3 3 4 1 0 0 3 0 0 0 0 0 0 0 0 1 0 
3 0 3 0 1 3 3 3 0 2 4 3 0 2 3 2 0 2 2 3 0 3 2 2 3 0 1 0 2 3 2 3 0 0 4 0 2 1 3 0 0 1 2 4 2 3 4 0 3 3 0 2 0 0 4 0 1 2 0 3 3 2 1 3 1 4 1 0 1 2 0 0 0 2 2 0 0 1 4 0 1 1 3 0 3 4 1 4 2 3 1 1 2 2 3 4 1 0 0 4 0 0 0 0 0 0 0 0 1 0 
