# knockout 1
0 3 4 0 0 0 0 3 1 4 0 0 0 0 0 
0 3 4 0 0 0 0 3 1 4 0 0 0 0 0 
# knockout 2
4 0 4 0 0 0 0 3 1 3 0 0 0 0 0 
4 0 4 0 0 0 0 3 1 3 0 0 0 0 0 
# knockout 3
3 3 0 4 0 0 0 3 1 3 0 0 0 0 0 
3 3 0 4 0 0 0 3 1 3 0 0 0 0 0 
# knockout 4
3 3 4 0 0 0 0 3 1 3 0 0 0 0 0 
3 3 4 0 0 0 0 3 1 3 0 0 0 0 0 
# knockout 5
2 4 4 0 0 0 0 3 3 3 0 0 0 0 0 
2 4 4 0 0 0 0 3 3 3 0 0 0 0 0 
# knockout 6
0 3 4 0 0 0 0 4 4 3 0 0 0 0 0 
0 3 4 0 0 0 0 4 4 3 0 0 0 0 0 
# knockout 7
4 4 3 0 0 0 0 3 1 4 0 0 0 0 0 
4 4 3 0 0 0 0 3 1 4 0 0 0 0 0 
# knockout 8
0 1 4 0 4 4 4 0 4 3 0 0 0 0 0 
0 1 4 0 4 4 4 0 4 3 0 0 0 0 0 
# knockout 9
3 4 3 0 0 0 0 3 0 3 0 0 0 0 0 
3 4 3 0 0 0 0 3 0 3 0 0 0 0 0 
# knockout 10
3 4 0 4 0 0 0 4 3 0 0 0 0 0 0 
3 4 0 4 0 0 0 4 3 0 0 0 0 0 0 
