# knockout 1
0 0 0 0 3 4 4 3 2 3 3 2 3 2 2 0 1 2 4 1 1 4 3 2 3 3 2 3 3 2 2 0 0 0 0 3 0 0 3 2 3 3 1 0 2 3 4 0 1 1 3 2 4 4 0 4 3 3 2 1 1 4 3 0 4 2 4 3 3 3 0 0 3 2 1 4 3 0 3 1 4 0 4 1 0 1 1 1 4 0 4 3 0 0 0 4 3 0 4 1 0 0 0 0 0 0 0 0 0 0 
0 0 0 0 3 4 4 3 2 3 3 2 3 2 2 0 1 2 4 1 1 4 3 2 3 3 2 3 3 2 2 0 0 0 0 3 0 0 3 2 3 3 1 0 2 3 4 0 1 1 3 2 4 4 0 4 3 3 2 1 1 4 3 0 4 2 4 3 3 3 0 0 3 2 1 4 3 0 3 1 4 0 4 1 0 1 1 1 4 0 4 3 0 0 0 4 3 0 4 1 0 0 0 0 0 0 0 0 0 0 
# knockout 2
1 0 3 1 2 3 1 1 2 4 3 1 3 2 2 0 2 2 4 1 2 3 3 2 3 2 3 3 3 2 2 0 0 0 0 2 0 0 3 1 3 3 1 0 2 2 4 0 1 1 3 2 4 4 0 4 3 2 2 1 1 4 3 0 3 2 4 3 3 3 0 0 3 2 0 4 3 0 3 1 4 0 2 2 0 1 2 1 3 0 4 3 0 0 0 4 3 0 4 1 0 0 0 0 0 0 0 0 0 0 
1 0 3 1 2 3 1 1 2 4 3 1 3 2 2 0 2 2 4 1 2 3 3 2 3 2 3 3 3 2 2 0 0 0 0 2 0 0 3 1 3 3 1 0 2 2 4 0 1 1 3 2 4 4 0 4 3 2 2 1 1 4 3 0 3 2 4 3 3 3 0 0 3 2 0 4 3 0 3 1 4 0 2 2 0 1 2 1 3 0 4 3 0 0 0 4 3 0 4 1 0 0 0 0 0 0 0 0 0 0 
# knockout 3
1 0 0 1 1 3 1 1 2 4 3 2 2 2 2 0 3 2 3 1 2 3 3 2 2 2 4 3 3 2 4 0 0 0 0 2 0 0 2 1 3 3 1 0 2 3 2 0 1 1 3 3 4 3 0 4 4 3 2 0 1 4 4 0 3 2 4 3 3 3 0 0 4 3 0 4 3 0 3 1 4 0 3 3 0 1 1 1 3 0 4 3 0 0 0 4 3 0 4 1 0 0 0 0 0 0 0 0 0 0 
1 0 0 1 1 3 1 1 2 4 3 2 2 2 2 0 3 2 3 1 2 3 3 2 2 2 4 3 3 2 4 0 0 0 0 2 0 0 2 1 3 3 1 0 2 3 2 0 1 1 3 3 4 3 0 4 4 3 2 0 1 4 4 0 3 2 4 3 3 3 0 0 4 3 0 4 3 0 3 1 4 0 3 3 0 1 1 1 3 0 4 3 0 0 0 4 3 0 4 1 0 0 0 0 0 0 0 0 0 0 
# knockout 4
1 0 3 0 2 3 1 1 2 3 3 2 2 1 1 0 2 2 3 1 2 3 3 2 2 2 3 3 3 2 2 0 0 0 0 2 0 0 4 0 3 3 1 0 2 3 4 0 1 1 4 2 4 3 0 4 3 3 2 1 1 4 3 0 3 2 4 3 3 3 0 0 3 2 0 4 3 0 3 1 4 0 4 2 0 1 1 1 3 0 4 3 0 0 0 4 3 0 4 1 0 0 0 0 0 0 0 0 0 0 
1 0 3 0 2 3 1 1 2 3 3 2 2 1 1 0 2 2 3 1 2 3 3 2 2 2 3 3 3 2 2 0 0 0 0 2 0 0 4 0 3 3 1 0 2 3 4 0 1 1 4 2 4 3 0 4 3 3 2 1 1 4 3 0 3 2 4 3 3 3 0 0 3 2 0 4 3 0 3 1 4 0 4 2 0 1 1 1 3 0 4 3 0 0 0 4 3 0 4 1 0 0 0 0 0 0 0 0 0 0 
# knockout 5
1 0 3 2 0 2 1 0 2 3 3 2 2 2 2 0 3 1 4 1 2 3 3 2 3 1 2 3 3 2 2 0 0 0 0 2 0 0 4 1 4 3 2 0 2 3 4 0 1 1 4 2 4 3 0 4 3 3 1 1 1 3 3 0 3 2 4 3 3 2 0 0 3 4 0 3 3 0 3 1 4 0 2 2 0 1 1 1 2 0 4 3 0 0 0 4 2 0 4 1 0 0 0 0 0 0 0 0 0 0 
1 0 3 2 0 2 1 0 2 3 3 2 2 2 2 0 3 1 4 1 2 3 3 2 3 1 2 3 3 2 2 0 0 0 0 2 0 0 4 1 4 3 2 0 2 3 4 0 1 1 4 2 4 3 0 4 3 3 1 1 1 3 3 0 3 2 4 3 3 2 0 0 3 4 0 3 3 0 3 1 4 0 2 2 0 1 1 1 2 0 4 3 0 0 0 4 2 0 4 1 0 0 0 0 0 0 0 0 0 0 
# knockout 6
2 0 3 2 1 0 1 0 2 3 3 1 2 1 1 0 3 0 0 0 2 3 3 4 4 1 1 0 0 4 2 3 3 0 1 0 3 0 3 3 3 3 1 0 2 4 4 0 1 2 3 1 1 2 0 4 3 3 2 1 0 1 3 1 3 2 4 0 3 3 0 0 4 2 0 4 3 2 3 1 4 0 4 2 0 1 1 4 0 0 3 3 2 2 0 4 3 0 3 2 0 0 0 0 0 0 0 0 0 0 
2 0 3 2 1 0 1 0 2 3 3 1 2 1 1 0 3 0 0 0 2 3 3 4 4 1 1 0 0 4 2 3 3 0 1 0 3 0 3 3 3 3 1 0 2 4 4 0 1 2 3 1 1 2 0 4 3 3 2 1 0 1 3 1 3 2 4 0 3 3 0 0 4 2 0 4 3 2 3 1 4 0 4 2 0 1 1 4 0 0 3 3 2 2 0 4 3 0 3 2 0 0 0 0 0 0 0 0 0 0 
# knockout 7
1 0 3 1 1 3 0 0 3 2 3 2 3 2 2 0 3 2 3 1 2 3 3 2 2 2 3 3 3 2 3 0 0 0 0 2 0 0 2 0 3 3 1 0 2 3 4 0 1 1 3 2 4 3 0 4 3 3 2 1 1 4 3 0 3 2 4 3 3 4 0 0 2 2 0 4 4 0 3 1 4 0 2 3 0 1 1 1 3 0 4 3 0 0 0 4 3 0 3 1 0 0 0 0 0 0 0 0 0 0 
1 0 3 1 1 3 0 0 3 2 3 2 3 2 2 0 3 2 3 1 2 3 3 2 2 2 3 3 3 2 3 0 0 0 0 2 0 0 2 0 3 3 1 0 2 3 4 0 1 1 3 2 4 3 0 4 3 3 2 1 1 4 3 0 3 2 4 3 3 4 0 0 2 2 0 4 4 0 3 1 4 0 2 3 0 1 1 1 3 0 4 3 0 0 0 4 3 0 3 1 0 0 0 0 0 0 0 0 0 0 
# knockout 8
1 0 3 1 1 3 1 0 1 4 3 2 2 2 2 0 2 1 3 0 2 3 3 2 3 2 3 3 3 2 2 0 0 0 0 3 0 0 4 1 3 3 1 0 2 3 4 0 1 1 3 3 4 3 0 4 4 3 2 1 1 4 4 0 4 2 4 3 4 4 0 0 3 2 0 4 3 0 3 1 3 0 2 2 0 1 1 2 2 0 4 4 0 0 0 4 3 0 4 1 0 0 0 0 0 0 0 0 0 0 
1 0 3 1 1 3 1 0 1 4 3 2 2 2 2 0 2 1 3 0 2 3 3 2 3 2 3 3 3 2 2 0 0 0 0 3 0 0 4 1 3 3 1 0 2 3 4 0 1 1 3 3 4 3 0 4 4 3 2 1 1 4 4 0 4 2 4 3 4 4 0 0 3 2 0 4 3 0 3 1 3 0 2 2 0 1 1 2 2 0 4 4 0 0 0 4 3 0 4 1 0 0 0 0 0 0 0 0 0 0 
# knockout 9
2 0 3 2 1 1 1 0 0 3 0 2 3 4 3 0 3 0 3 0 2 3 3 3 3 1 2 4 2 2 2 0 1 0 1 2 0 4 2 3 3 3 1 0 2 2 4 3 1 1 3 2 4 3 0 4 3 3 1 1 1 1 4 0 3 2 4 3 3 3 0 0 3 2 0 4 4 0 3 1 4 0 2 2 0 1 1 2 0 2 1 3 1 0 0 4 3 0 4 1 0 0 0 0 0 0 0 0 0 0 
2 0 3 2 1 1 1 0 0 3 0 2 3 4 3 0 3 0 3 0 2 3 3 3 3 1 2 4 2 2 2 0 1 0 1 2 0 4 2 3 3 3 1 0 2 2 4 3 1 1 3 2 4 3 0 4 3 3 1 1 1 1 4 0 3 2 4 3 3 3 0 0 3 2 0 4 4 0 3 1 4 0 2 2 0 1 1 2 0 2 1 3 1 0 0 4 3 0 4 1 0 0 0 0 0 0 0 0 0 0 
# knockout 10
1 0 3 1 1 3 1 1 2 0 2 2 2 2 2 0 2 2 3 1 2 3 3 2 3 2 3 3 3 2 3 0 0 0 0 2 0 0 3 2 3 3 1 0 2 3 4 0 1 1 3 2 4 3 0 4 3 3 2 1 1 4 3 0 3 2 4 3 3 4 0 0 3 2 0 4 3 0 3 1 4 0 2 2 0 1 1 1 3 0 3 3 0 0 0 4 3 0 4 1 0 0 0 0 0 0 0 0 0 0 
1 0 3 1 1 3 1 1 2 0 2 2 2 2 2 0 2 2 3 1 2 3 3 2 3 2 3 3 3 2 3 0 0 0 0 2 0 0 3 2 3 3 1 0 2 3 4 0 1 1 3 2 4 3 0 4 3 3 2 1 1 4 3 0 3 2 4 3 3 4 0 0 3 2 0 4 3 0 3 1 4 0 2 2 0 1 1 1 3 0 3 3 0 0 0 4 3 0 4 1 0 0 0 0 0 0 0 0 0 0 
# knockout 11
4 0 3 2 1 2 1 1 2 4 0 2 2 2 2 0 2 0 3 0 2 3 3 2 3 3 1 3 3 2 2 0 0 0 3 2 0 4 2 3 3 3 1 0 2 3 2 4 1 1 3 2 4 3 0 4 3 3 2 1 1 1 3 0 3 3 4 3 3 3 0 0 4 2 0 4 3 0 3 1 4 0 4 3 0 0 1 2 0 3 1 3 0 0 0 4 4 0 4 1 0 0 0 0 0 0 0 0 0 0 
4 0 3 2 1 2 1 1 2 4 0 2 2 2 2 0 2 0 3 0 2 3 3 2 3 3 1 3 3 2 2 0 0 0 3 2 0 4 2 3 3 3 1 0 2 3 2 4 1 1 3 2 4 3 0 4 3 3 2 1 1 1 3 0 3 3 4 3 3 3 0 0 4 2 0 4 3 0 3 1 4 0 4 3 0 0 1 2 0 3 1 3 0 0 0 4 4 0 4 1 0 0 0 0 0 0 0 0 0 0 
# knockout 12
1 0 3 1 1 3 1 1 2 3 3 0 3 1 2 0 2 2 3 1 2 4 3 4 3 0 3 2 3 2 2 0 0 0 0 2 0 0 4 1 3 3 1 0 2 3 4 0 1 1 3 2 4 3 0 4 3 3 2 1 1 4 3 4 3 2 4 3 3 3 0 0 2 2 1 4 3 0 3 2 4 0 2 2 0 1 1 1 3 0 4 3 0 0 0 4 3 0 4 1 0 0 0 0 0 0 0 0 0 0 
1 0 3 1 1 3 1 1 2 3 3 0 3 1 2 0 2 2 3 1 2 4 3 4 3 0 3 2 3 2 2 0 0 0 0 2 0 0 4 1 3 3 1 0 2 3 4 0 1 1 3 2 4 3 0 4 3 3 2 1 1 4 3 4 3 2 4 3 3 3 0 0 2 2 1 4 3 0 3 2 4 0 2 2 0 1 1 1 3 0 4 3 0 0 0 4 3 0 4 1 0 0 0 0 0 0 0 0 0 0 
# knockout 13
1 0 3 2 1 3 1 1 3 3 3 2 0 2 2 0 2 2 3 1 2 3 3 2 3 2 3 3 3 2 2 0 0 0 0 2 0 0 3 1 3 3 1 0 2 3 3 0 1 1 3 2 4 4 0 4 3 3 1 1 1 4 3 0 4 2 4 3 3 3 0 0 3 1 1 4 3 0 3 1 4 0 2 3 0 1 1 1 3 0 4 3 0 0 0 4 3 1 4 1 0 0 0 0 0 0 0 0 0 0 
1 0 3 2 1 3 1 1 3 3 3 2 0 2 2 0 2 2 3 1 2 3 3 2 3 2 3 3 3 2 2 0 0 0 0 2 0 0 3 1 3 3 1 0 2 3 3 0 1 1 3 2 4 4 0 4 3 3 1 1 1 4 3 0 4 2 4 3 3 3 0 0 3 1 1 4 3 0 3 1 4 0 2 3 0 1 1 1 3 0 4 3 0 0 0 4 3 1 4 1 0 0 0 0 0 0 0 0 0 0 
# knockout 14
1 0 3 1 1 3 1 1 3 2 3 2 3 0 2 0 2 2 3 1 2 2 3 2 3 2 3 3 4 2 2 0 1 0 0 2 0 0 3 1 3 3 1 0 2 3 4 0 1 1 3 2 4 3 0 4 3 4 2 1 1 4 3 0 3 2 4 2 3 4 0 0 3 3 0 4 3 0 3 1 4 0 2 3 0 1 1 2 2 0 4 3 0 0 0 3 3 1 4 1 0 0 0 0 0 0 0 0 0 0 
1 0 3 1 1 3 1 1 3 2 3 2 3 0 2 0 2 2 3 1 2 2 3 2 3 2 3 3 4 2 2 0 1 0 0 2 0 0 3 1 3 3 1 0 2 3 4 0 1 1 3 2 4 3 0 4 3 4 2 1 1 4 3 0 3 2 4 2 3 4 0 0 3 3 0 4 3 0 3 1 4 0 2 3 0 1 1 2 2 0 4 3 0 0 0 3 3 1 4 1 0 0 0 0 0 0 0 0 0 0 
# knockout 15
1 0 4 2 1 2 1 0 2 3 3 3 2 2 0 0 2 2 3 1 2 3 3 2 3 3 2 3 3 2 2 0 1 0 0 2 1 0 3 1 3 3 1 0 2 3 3 0 1 1 3 3 4 4 0 4 3 3 2 1 1 4 3 0 3 2 4 3 3 3 0 0 4 2 0 3 3 0 3 1 4 0 2 2 0 1 1 2 2 0 4 3 1 0 0 4 2 0 4 1 0 0 0 0 0 0 0 0 0 0 
1 0 4 2 1 2 1 0 2 3 3 3 2 2 0 0 2 2 3 1 2 3 3 2 3 3 2 3 3 2 2 0 1 0 0 2 1 0 3 1 3 3 1 0 2 3 3 0 1 1 3 3 4 4 0 4 3 3 2 1 1 4 3 0 3 2 4 3 3 3 0 0 4 2 0 3 3 0 3 1 4 0 2 2 0 1 1 2 2 0 4 3 1 0 0 4 2 0 4 1 0 0 0 0 0 0 0 0 0 0 
# knockout 16
1 0 4 1 2 3 1 1 2 3 3 2 2 2 2 0 2 2 3 1 2 3 3 2 3 1 3 3 3 2 2 0 0 0 0 2 0 0 4 1 3 3 1 0 2 3 3 0 1 1 3 2 4 3 0 4 3 3 2 1 1 4 3 0 3 2 4 3 3 3 0 0 3 2 0 3 3 0 3 1 3 0 2 2 0 1 1 1 3 0 4 3 0 0 0 4 3 0 4 1 0 0 0 0 0 0 0 0 0 0 
1 0 4 1 2 3 1 1 2 3 3 2 2 2 2 0 2 2 3 1 2 3 3 2 3 1 3 3 3 2 2 0 0 0 0 2 0 0 4 1 3 3 1 0 2 3 3 0 1 1 3 2 4 3 0 4 3 3 2 1 1 4 3 0 3 2 4 3 3 3 0 0 3 2 0 3 3 0 3 1 3 0 2 2 0 1 1 1 3 0 4 3 0 0 0 4 3 0 4 1 0 0 0 0 0 0 0 0 0 0 
# knockout 17
1 0 3 1 2 4 1 2 2 3 3 2 3 2 2 0 0 2 3 1 2 4 3 2 3 2 2 3 3 2 2 0 0 0 0 3 0 0 3 2 3 3 1 0 2 3 4 0 1 1 3 2 4 3 0 4 3 2 2 0 1 4 3 0 3 1 4 3 3 3 0 0 2 2 0 4 3 0 3 1 4 0 3 3 0 1 1 1 3 0 4 3 1 0 0 4 3 0 3 1 0 0 0 0 0 0 0 0 0 0 
1 0 3 1 2 4 1 2 2 3 3 2 3 2 2 0 0 2 3 1 2 4 3 2 3 2 2 3 3 2 2 0 0 0 0 3 0 0 3 2 3 3 1 0 2 3 4 0 1 1 3 2 4 3 0 4 3 2 2 0 1 4 3 0 3 1 4 3 3 3 0 0 2 2 0 4 3 0 3 1 4 0 3 3 0 1 1 1 3 0 4 3 1 0 0 4 3 0 3 1 0 0 0 0 0 0 0 0 0 0 
# knockout 18
4 0 3 3 1 1 1 0 2 3 3 2 2 2 2 0 3 0 3 0 2 3 3 2 2 2 3 3 3 2 2 0 1 0 0 1 0 0 3 1 3 3 1 0 2 3 3 0 1 1 3 2 4 4 0 4 3 3 2 1 1 4 3 0 3 2 4 3 3 3 0 0 4 2 0 4 3 1 3 1 4 0 3 2 0 0 1 2 0 0 4 3 0 0 0 4 4 0 4 1 0 0 0 0 0 0 0 0 0 0 
4 0 3 3 1 1 1 0 2 3 3 2 2 2 2 0 3 0 3 0 2 3 3 2 2 2 3 3 3 2 2 0 1 0 0 1 0 0 3 1 3 3 1 0 2 3 3 0 1 1 3 2 4 4 0 4 3 3 2 1 1 4 3 0 3 2 4 3 3 3 0 0 4 2 0 4 3 1 3 1 4 0 3 2 0 0 1 2 0 0 4 3 0 0 0 4 4 0 4 1 0 0 0 0 0 0 0 0 0 0 
# knockout 19
1 0 3 1 2 3 1 1 1 3 3 2 1 1 2 0 2 1 0 1 2 3 3 2 3 2 3 3 3 2 2 0 0 0 0 2 0 0 2 1 3 3 1 0 2 3 4 0 1 2 3 2 4 3 0 4 3 3 3 1 1 4 3 0 4 2 4 3 3 3 0 0 3 4 0 4 3 0 3 1 4 0 2 2 0 1 2 1 3 0 4 3 0 0 0 4 4 0 4 1 0 0 0 0 0 0 0 0 0 0 
1 0 3 1 2 3 1 1 1 3 3 2 1 1 2 0 2 1 0 1 2 3 3 2 3 2 3 3 3 2 2 0 0 0 0 2 0 0 2 1 3 3 1 0 2 3 4 0 1 2 3 2 4 3 0 4 3 3 3 1 1 4 3 0 4 2 4 3 3 3 0 0 3 4 0 4 3 0 3 1 4 0 2 2 0 1 2 1 3 0 4 3 0 0 0 4 4 0 4 1 0 0 0 0 0 0 0 0 0 0 
# knockout 20
1 0 4 1 1 3 1 1 2 3 3 1 2 2 2 0 2 2 3 0 2 3 3 2 3 3 3 3 3 2 2 0 0 0 0 2 0 0 3 1 3 3 1 0 2 2 4 0 1 1 3 2 4 3 0 4 3 3 1 1 1 4 3 0 3 2 4 3 3 3 0 0 3 2 0 3 3 0 3 2 4 0 3 3 0 1 1 1 3 0 4 3 0 0 0 4 3 0 4 1 0 0 0 0 0 0 0 0 0 0 
1 0 4 1 1 3 1 1 2 3 3 1 2 2 2 0 2 2 3 0 2 3 3 2 3 3 3 3 3 2 2 0 0 0 0 2 0 0 3 1 3 3 1 0 2 2 4 0 1 1 3 2 4 3 0 4 3 3 1 1 1 4 3 0 3 2 4 3 3 3 0 0 3 2 0 3 3 0 3 2 4 0 3 3 0 1 1 1 3 0 4 3 0 0 0 4 3 0 4 1 0 0 0 0 0 0 0 0 0 0 
# knockout 21
1 3 3 1 1 3 1 2 1 4 1 2 2 2 2 0 2 4 3 1 0 3 3 2 3 2 0 2 3 2 2 0 0 0 0 2 0 4 4 3 3 3 0 0 3 3 4 4 2 1 3 2 4 3 0 4 3 0 0 1 0 4 1 0 3 3 4 3 3 3 4 0 3 2 2 4 4 0 2 0 4 1 2 3 0 1 1 1 3 4 0 3 0 0 0 4 2 4 4 1 0 0 0 0 0 0 0 0 0 0 
1 3 3 1 1 3 1 2 1 4 1 2 2 2 2 0 2 4 3 1 0 3 3 2 3 2 0 2 3 2 2 0 0 0 0 2 0 4 4 3 3 3 0 0 3 3 4 4 2 1 3 2 4 3 0 4 3 0 0 1 0 4 1 0 3 3 4 3 3 3 4 0 3 2 2 4 4 0 2 0 4 1 2 3 0 1 1 1 3 4 0 3 0 0 0 4 2 4 4 1 0 0 0 0 0 0 0 0 0 0 
# knockout 22
1 0 3 2 4 3 0 1 2 3 3 2 2 2 1 0 2 2 3 1 2 0 0 2 3 1 2 3 3 2 2 0 0 0 0 2 0 0 3 1 4 3 1 0 2 3 4 0 1 1 3 2 4 3 0 4 3 3 2 1 1 4 4 0 3 2 4 3 3 3 0 0 4 2 0 4 3 0 3 3 4 0 2 4 0 1 1 1 3 0 4 3 0 0 0 4 3 0 4 1 0 0 0 0 0 0 0 0 0 0 
1 0 3 2 4 3 0 1 2 3 3 2 2 2 1 0 2 2 3 1 2 0 0 2 3 1 2 3 3 2 2 0 0 0 0 2 0 0 3 1 4 3 1 0 2 3 4 0 1 1 3 2 4 3 0 4 3 3 2 1 1 4 4 0 3 2 4 3 3 3 0 0 4 2 0 4 3 0 3 3 4 0 2 4 0 1 1 1 3 0 4 3 0 0 0 4 3 0 4 1 0 0 0 0 0 0 0 0 0 0 
# knockout 23
1 0 3 1 1 3 1 1 2 3 3 2 2 2 2 0 2 2 3 1 2 4 0 2 2 2 3 3 4 2 2 0 0 0 0 2 0 0 4 2 3 3 1 0 2 3 2 0 2 1 3 2 4 3 0 4 3 3 2 1 0 4 3 0 3 2 4 3 3 3 0 0 3 3 0 4 3 0 3 4 0 4 2 1 0 1 1 1 3 0 4 3 0 0 0 4 3 0 4 1 0 0 0 0 0 0 0 0 0 0 
1 0 3 1 1 3 1 1 2 3 3 2 2 2 2 0 2 2 3 1 2 4 0 2 2 2 3 3 4 2 2 0 0 0 0 2 0 0 4 2 3 3 1 0 2 3 2 0 2 1 3 2 4 3 0 4 3 3 2 1 0 4 3 0 3 2 4 3 3 3 0 0 3 3 0 4 3 0 3 4 0 4 2 1 0 1 1 1 3 0 4 3 0 0 0 4 3 0 4 1 0 0 0 0 0 0 0 0 0 0 
# knockout 24
1 0 3 1 1 4 1 1 2 3 3 2 2 2 2 0 3 2 3 2 2 3 3 0 0 2 2 3 3 2 2 0 0 0 0 2 0 0 3 1 3 3 2 0 2 3 4 0 1 1 3 2 4 3 0 4 3 3 2 1 1 4 3 0 3 2 4 3 3 3 0 1 3 2 1 4 3 0 3 1 4 0 3 3 0 1 1 1 3 0 4 3 0 0 0 4 4 1 4 1 0 0 0 0 0 0 0 0 0 0 
1 0 3 1 1 4 1 1 2 3 3 2 2 2 2 0 3 2 3 2 2 3 3 0 0 2 2 3 3 2 2 0 0 0 0 2 0 0 3 1 3 3 2 0 2 3 4 0 1 1 3 2 4 3 0 4 3 3 2 1 1 4 3 0 3 2 4 3 3 3 0 1 3 2 1 4 3 0 3 1 4 0 3 3 0 1 1 1 3 0 4 3 0 0 0 4 4 1 4 1 0 0 0 0 0 0 0 0 0 0 
# knockout 25
1 0 4 1 1 3 1 1 2 3 3 2 2 2 2 0 2 2 3 1 2 4 3 2 0 2 3 3 3 1 2 0 0 0 0 3 0 0 3 1 3 3 1 0 2 2 4 0 1 1 4 2 4 3 0 4 3 3 2 1 1 4 3 0 3 2 4 3 3 4 0 1 3 2 0 4 3 0 3 1 4 0 2 3 0 1 1 2 3 0 4 4 0 0 0 4 3 1 4 1 0 0 0 0 0 0 0 0 0 0 
1 0 4 1 1 3 1 1 2 3 3 2 2 2 2 0 2 2 3 1 2 4 3 2 0 2 3 3 3 1 2 0 0 0 0 3 0 0 3 1 3 3 1 0 2 2 4 0 1 1 4 2 4 3 0 4 3 3 2 1 1 4 3 0 3 2 4 3 3 4 0 1 3 2 0 4 3 0 3 1 4 0 2 3 0 1 1 2 3 0 4 4 0 0 0 4 3 1 4 1 0 0 0 0 0 0 0 0 0 0 
# knockout 26
1 0 3 2 1 2 1 1 2 3 3 2 2 2 1 0 3 2 3 1 2 3 3 4 3 0 4 0 3 2 2 0 0 0 0 2 0 0 2 1 3 3 1 0 2 3 4 0 1 1 3 2 4 4 0 3 3 3 3 1 1 4 3 0 3 2 4 3 3 3 0 0 3 1 0 4 3 0 3 1 4 0 2 2 0 1 1 1 2 0 4 3 0 0 0 4 3 0 4 1 0 0 0 0 0 0 0 0 0 0 
1 0 3 2 1 2 1 1 2 3 3 2 2 2 1 0 3 2 3 1 2 3 3 4 3 0 4 0 3 2 2 0 0 0 0 2 0 0 2 1 3 3 1 0 2 3 4 0 1 1 3 2 4 4 0 3 3 3 3 1 1 4 3 0 3 2 4 3 3 3 0 0 3 1 0 4 3 0 3 1 4 0 2 2 0 1 1 1 2 0 4 3 0 0 0 4 3 0 4 1 0 0 0 0 0 0 0 0 0 0 
# knockout 27
1 0 4 1 1 3 1 1 2 3 3 2 2 2 1 0 2 2 3 1 2 3 3 2 3 2 0 3 3 2 2 0 0 0 0 2 0 0 3 1 3 3 1 0 2 3 2 0 1 1 3 2 4 4 0 4 3 3 2 1 1 4 3 0 3 2 4 3 4 3 0 0 3 3 0 4 3 0 3 1 4 0 2 2 0 1 1 1 3 0 4 3 0 0 0 4 3 1 4 1 0 0 0 0 0 0 0 0 0 0 
1 0 4 1 1 3 1 1 2 3 3 2 2 2 1 0 2 2 3 1 2 3 3 2 3 2 0 3 3 2 2 0 0 0 0 2 0 0 3 1 3 3 1 0 2 3 2 0 1 1 3 2 4 4 0 4 3 3 2 1 1 4 3 0 3 2 4 3 4 3 0 0 3 3 0 4 3 0 3 1 4 0 2 2 0 1 1 1 3 0 4 3 0 0 0 4 3 1 4 1 0 0 0 0 0 0 0 0 0 0 
# knockout 28
1 0 3 1 1 3 1 1 2 4 3 2 3 2 2 0 2 2 3 1 2 3 3 2 3 2 3 0 3 2 2 0 0 0 0 2 0 0 4 1 3 3 1 0 3 2 4 0 1 1 4 2 4 3 0 4 3 3 2 1 1 4 2 0 3 2 4 3 3 3 0 0 3 2 0 4 3 0 3 1 4 0 2 2 0 1 1 1 3 0 4 3 0 0 0 4 4 0 4 1 0 0 0 0 0 0 0 0 0 0 
1 0 3 1 1 3 1 1 2 4 3 2 3 2 2 0 2 2 3 1 2 3 3 2 3 2 3 0 3 2 2 0 0 0 0 2 0 0 4 1 3 3 1 0 3 2 4 0 1 1 4 2 4 3 0 4 3 3 2 1 1 4 2 0 3 2 4 3 3 3 0 0 3 2 0 4 3 0 3 1 4 0 2 2 0 1 1 1 3 0 4 3 0 0 0 4 4 0 4 1 0 0 0 0 0 0 0 0 0 0 
# knockout 29
1 0 3 1 1 2 1 0 1 3 3 1 2 2 1 0 2 2 0 1 2 3 3 3 4 0 2 0 0 4 2 3 2 0 0 0 2 0 3 1 3 3 1 0 2 3 4 0 2 2 2 1 0 1 0 4 3 2 2 1 1 4 3 0 3 2 4 0 3 3 0 0 3 3 0 4 3 0 3 1 4 0 2 2 0 2 4 2 2 0 4 3 0 0 0 4 3 0 3 3 0 0 0 0 0 0 0 0 0 0 
1 0 3 1 1 2 1 0 1 3 3 1 2 2 1 0 2 2 0 1 2 3 3 3 4 0 2 0 0 4 2 3 2 0 0 0 2 0 3 1 3 3 1 0 2 3 4 0 2 2 2 1 0 1 0 4 3 2 2 1 1 4 3 0 3 2 4 0 3 3 0 0 3 3 0 4 3 0 3 1 4 0 2 2 0 2 4 2 2 0 4 3 0 0 0 4 3 0 3 3 0 0 0 0 0 0 0 0 0 0 
# knockout 30
1 0 3 1 1 3 1 1 1 3 3 2 2 3 2 0 2 2 3 1 2 3 3 2 3 2 3 3 4 0 2 0 0 0 0 2 0 0 3 1 3 3 1 0 2 3 2 0 1 1 3 2 4 3 0 4 3 3 2 1 1 4 3 0 3 2 4 3 3 3 0 0 3 2 0 4 4 0 3 1 4 0 3 3 0 1 1 1 3 0 4 3 0 0 0 4 3 0 4 1 0 0 0 0 0 0 0 0 0 0 
1 0 3 1 1 3 1 1 1 3 3 2 2 3 2 0 2 2 3 1 2 3 3 2 3 2 3 3 4 0 2 0 0 0 0 2 0 0 3 1 3 3 1 0 2 3 2 0 1 1 3 2 4 3 0 4 3 3 2 1 1 4 3 0 3 2 4 3 3 3 0 0 3 2 0 4 4 0 3 1 4 0 3 3 0 1 1 1 3 0 4 3 0 0 0 4 3 0 4 1 0 0 0 0 0 0 0 0 0 0 
# knockout 31
1 0 2 1 1 4 1 1 2 4 3 2 2 2 2 0 2 2 3 1 2 3 3 2 3 1 3 3 3 2 0 0 0 0 0 4 0 0 3 1 3 3 1 0 2 3 4 0 1 1 3 1 4 3 0 4 3 2 2 1 1 4 3 0 3 3 4 3 3 4 0 0 4 2 1 4 3 0 3 1 4 0 2 2 0 1 1 2 3 0 4 3 0 0 0 4 3 0 4 2 0 0 0 0 0 0 0 0 0 0 
1 0 2 1 1 4 1 1 2 4 3 2 2 2 2 0 2 2 3 1 2 3 3 2 3 1 3 3 3 2 0 0 0 0 0 4 0 0 3 1 3 3 1 0 2 3 4 0 1 1 3 1 4 3 0 4 3 2 2 1 1 4 3 0 3 3 4 3 3 4 0 0 4 2 1 4 3 0 3 1 4 0 2 2 0 1 1 2 3 0 4 3 0 0 0 4 3 0 4 2 0 0 0 0 0 0 0 0 0 0 
# knockout 32
2 0 3 1 1 2 1 1 2 3 3 2 2 2 2 0 3 2 3 1 2 3 3 1 1 4 3 3 3 2 2 0 0 0 0 4 0 0 4 1 3 3 1 0 2 3 4 0 2 1 4 2 4 3 0 3 3 3 2 1 1 4 3 0 3 2 3 3 3 3 0 0 4 2 0 4 3 0 3 1 4 0 2 3 0 1 2 1 3 0 3 3 0 0 0 4 3 0 4 1 0 0 0 0 0 0 0 0 0 0 
2 0 3 1 1 2 1 1 2 3 3 2 2 2 2 0 3 2 3 1 2 3 3 1 1 4 3 3 3 2 2 0 0 0 0 4 0 0 4 1 3 3 1 0 2 3 4 0 2 1 4 2 4 3 0 3 3 3 2 1 1 4 3 0 3 2 3 3 3 3 0 0 4 2 0 4 3 0 3 1 4 0 2 3 0 1 2 1 3 0 3 3 0 0 0 4 3 0 4 1 0 0 0 0 0 0 0 0 0 0 
# knockout 33
1 0 3 1 2 3 1 1 2 3 3 2 3 2 2 0 3 2 3 1 2 3 3 2 3 2 2 3 3 2 2 0 0 0 0 4 0 0 3 1 3 3 1 0 2 3 4 0 1 1 3 2 4 3 0 4 3 3 2 1 1 4 3 0 3 2 4 3 3 3 0 0 3 2 0 3 3 0 3 1 4 0 2 2 0 1 1 1 3 0 3 2 0 0 0 4 3 0 4 1 0 0 0 0 0 0 0 0 0 0 
1 0 3 1 2 3 1 1 2 3 3 2 3 2 2 0 3 2 3 1 2 3 3 2 3 2 2 3 3 2 2 0 0 0 0 4 0 0 3 1 3 3 1 0 2 3 4 0 1 1 3 2 4 3 0 4 3 3 2 1 1 4 3 0 3 2 4 3 3 3 0 0 3 2 0 3 3 0 3 1 4 0 2 2 0 1 1 1 3 0 3 2 0 0 0 4 3 0 4 1 0 0 0 0 0 0 0 0 0 0 
# knockout 34
1 0 3 2 1 3 1 1 2 3 3 2 3 3 2 0 2 1 3 0 2 3 3 2 3 2 1 3 3 2 2 0 0 0 0 3 0 0 3 1 3 3 1 0 2 3 4 0 2 2 4 2 4 3 0 4 3 3 2 1 1 4 3 0 3 2 4 3 4 3 0 0 4 2 0 4 3 0 3 1 4 0 2 3 0 1 1 1 3 0 4 3 0 0 0 4 3 0 4 1 0 0 0 0 0 0 0 0 0 0 
1 0 3 2 1 3 1 1 2 3 3 2 3 3 2 0 2 1 3 0 2 3 3 2 3 2 1 3 3 2 2 0 0 0 0 3 0 0 3 1 3 3 1 0 2 3 4 0 2 2 4 2 4 3 0 4 3 3 2 1 1 4 3 0 3 2 4 3 4 3 0 0 4 2 0 4 3 0 3 1 4 0 2 3 0 1 1 1 3 0 4 3 0 0 0 4 3 0 4 1 0 0 0 0 0 0 0 0 0 0 
# knockout 35
1 0 3 1 1 3 1 1 1 3 3 2 2 2 1 0 2 1 3 1 2 3 3 2 3 2 2 3 3 2 2 0 0 0 0 3 0 0 3 1 3 3 1 0 2 3 4 0 1 1 3 2 4 3 0 4 3 3 2 1 0 4 3 0 4 2 4 3 3 3 0 0 3 2 0 4 3 0 3 1 4 0 2 3 0 1 1 1 3 0 4 4 0 0 0 4 4 0 4 1 0 0 0 0 0 0 0 0 0 0 
1 0 3 1 1 3 1 1 1 3 3 2 2 2 1 0 2 1 3 1 2 3 3 2 3 2 2 3 3 2 2 0 0 0 0 3 0 0 3 1 3 3 1 0 2 3 4 0 1 1 3 2 4 3 0 4 3 3 2 1 0 4 3 0 4 2 4 3 3 3 0 0 3 2 0 4 3 0 3 1 4 0 2 3 0 1 1 1 3 0 4 4 0 0 0 4 4 0 4 1 0 0 0 0 0 0 0 0 0 0 
# knockout 36
1 0 3 1 2 4 1 1 2 4 3 2 2 2 2 0 2 2 3 1 2 3 3 2 2 2 3 3 4 2 3 0 0 0 0 0 0 0 3 1 3 3 1 0 2 3 4 0 1 1 3 2 4 4 0 4 3 3 2 1 1 4 3 0 3 2 4 3 3 3 0 0 3 1 0 4 3 0 3 2 4 0 2 2 0 1 2 1 2 0 4 3 0 0 0 4 3 0 4 1 0 0 0 0 0 0 0 0 0 0 
1 0 3 1 2 4 1 1 2 4 3 2 2 2 2 0 2 2 3 1 2 3 3 2 2 2 3 3 4 2 3 0 0 0 0 0 0 0 3 1 3 3 1 0 2 3 4 0 1 1 3 2 4 4 0 4 3 3 2 1 1 4 3 0 3 2 4 3 3 3 0 0 3 1 0 4 3 0 3 2 4 0 2 2 0 1 2 1 2 0 4 3 0 0 0 4 3 0 4 1 0 0 0 0 0 0 0 0 0 0 
# knockout 37
1 0 2 1 2 2 1 1 3 3 3 3 3 2 2 0 2 2 3 1 2 4 3 2 3 2 3 3 3 2 2 0 0 0 0 3 0 0 3 1 3 3 1 0 2 3 4 0 1 1 4 2 4 3 0 4 4 3 2 1 1 4 2 0 3 2 4 3 3 3 0 4 4 2 0 4 3 0 3 1 4 0 2 2 0 1 1 1 2 0 4 3 0 0 0 4 3 0 4 1 0 0 0 0 0 0 0 0 0 0 
1 0 2 1 2 2 1 1 3 3 3 3 3 2 2 0 2 2 3 1 2 4 3 2 3 2 3 3 3 2 2 0 0 0 0 3 0 0 3 1 3 3 1 0 2 3 4 0 1 1 4 2 4 3 0 4 4 3 2 1 1 4 2 0 3 2 4 3 3 3 0 4 4 2 0 4 3 0 3 1 4 0 2 2 0 1 1 1 2 0 4 3 0 0 0 4 3 0 4 1 0 0 0 0 0 0 0 0 0 0 
# knockout 38
1 0 4 1 1 4 1 1 3 3 3 2 2 2 2 0 2 2 3 1 2 3 3 3 3 2 3 3 4 2 2 0 0 0 0 3 0 0 2 1 3 3 1 0 2 3 4 0 1 1 3 2 4 4 0 4 3 4 2 1 1 4 3 0 3 2 4 3 3 3 0 0 2 1 0 4 3 0 3 1 4 0 2 2 0 1 1 1 3 0 3 3 0 0 0 4 4 1 4 1 0 0 0 0 0 0 0 0 0 0 
1 0 4 1 1 4 1 1 3 3 3 2 2 2 2 0 2 2 3 1 2 3 3 3 3 2 3 3 4 2 2 0 0 0 0 3 0 0 2 1 3 3 1 0 2 3 4 0 1 1 3 2 4 4 0 4 3 4 2 1 1 4 3 0 3 2 4 3 3 3 0 0 2 1 0 4 3 0 3 1 4 0 2 2 0 1 1 1 3 0 3 3 0 0 0 4 4 1 4 1 0 0 0 0 0 0 0 0 0 0 
# knockout 39
2 0 3 1 1 2 1 1 3 4 3 2 2 2 2 0 2 2 3 1 2 3 3 2 3 2 2 3 3 2 2 0 0 0 0 2 0 0 0 2 3 3 1 0 2 0 4 0 1 2 4 2 4 4 0 4 3 3 1 1 1 4 3 0 3 2 4 3 3 3 0 0 4 2 0 4 3 0 2 1 4 0 2 3 0 1 1 2 3 0 4 3 0 0 0 4 3 0 4 0 0 0 0 0 0 0 0 0 0 0 
2 0 3 1 1 2 1 1 3 4 3 2 2 2 2 0 2 2 3 1 2 3 3 2 3 2 2 3 3 2 2 0 0 0 0 2 0 0 0 2 3 3 1 0 2 0 4 0 1 2 4 2 4 4 0 4 3 3 1 1 1 4 3 0 3 2 4 3 3 3 0 0 4 2 0 4 3 0 2 1 4 0 2 3 0 1 1 2 3 0 4 3 0 0 0 4 3 0 4 0 0 0 0 0 0 0 0 0 0 0 
# knockout 40
1 0 3 1 2 4 1 1 2 2 3 2 2 2 2 0 2 2 3 1 2 4 3 2 3 2 3 3 3 2 2 0 0 0 0 4 0 0 3 0 3 3 1 0 2 2 4 0 1 1 3 2 4 4 0 4 3 2 3 0 2 4 0 0 3 2 4 3 3 4 0 0 3 2 0 4 3 0 3 1 4 0 2 2 0 1 1 1 3 0 3 3 0 0 0 4 3 0 4 1 0 0 0 0 0 0 0 0 0 0 
1 0 3 1 2 4 1 1 2 2 3 2 2 2 2 0 2 2 3 1 2 4 3 2 3 2 3 3 3 2 2 0 0 0 0 4 0 0 3 0 3 3 1 0 2 2 4 0 1 1 3 2 4 4 0 4 3 2 3 0 2 4 0 0 3 2 4 3 3 4 0 0 3 2 0 4 3 0 3 1 4 0 2 2 0 1 1 1 3 0 3 3 0 0 0 4 3 0 4 1 0 0 0 0 0 0 0 0 0 0 
# knockout 41
2 0 4 3 1 2 1 0 2 4 3 3 2 2 2 0 2 0 3 0 2 4 3 2 3 2 0 3 3 2 2 0 1 0 0 2 0 0 0 4 0 3 1 0 2 1 3 0 1 1 3 2 4 4 0 4 3 3 3 4 4 1 3 0 3 2 4 3 3 3 0 0 3 2 1 4 0 3 3 1 4 0 3 3 0 1 1 2 0 0 4 3 2 3 0 4 3 0 4 1 0 0 0 0 0 0 0 0 0 0 
2 0 4 3 1 2 1 0 2 4 3 3 2 2 2 0 2 0 3 0 2 4 3 2 3 2 0 3 3 2 2 0 1 0 0 2 0 0 0 4 0 3 1 0 2 1 3 0 1 1 3 2 4 4 0 4 3 3 3 4 4 1 3 0 3 2 4 3 3 3 0 0 3 2 1 4 0 3 3 1 4 0 3 3 0 1 1 2 0 0 4 3 2 3 0 4 3 0 4 1 0 0 0 0 0 0 0 0 0 0 
# knockout 42
1 0 3 1 1 3 0 1 1 4 3 1 3 3 3 0 2 2 3 1 2 4 3 2 3 2 3 3 3 2 2 0 0 0 0 3 0 0 3 1 3 0 1 0 2 3 4 0 4 1 4 3 4 4 0 4 3 3 2 1 0 4 3 0 3 2 4 3 3 3 0 0 3 2 0 4 3 0 3 1 4 0 2 2 0 1 1 2 2 0 4 3 0 0 0 4 3 0 4 1 0 0 0 0 0 0 0 0 0 0 
1 0 3 1 1 3 0 1 1 4 3 1 3 3 3 0 2 2 3 1 2 4 3 2 3 2 3 3 3 2 2 0 0 0 0 3 0 0 3 1 3 0 1 0 2 3 4 0 4 1 4 3 4 4 0 4 3 3 2 1 0 4 3 0 3 2 4 3 3 3 0 0 3 2 0 4 3 0 3 1 4 0 2 2 0 1 1 2 2 0 4 3 0 0 0 4 3 0 4 1 0 0 0 0 0 0 0 0 0 0 
# knockout 43
1 0 3 2 2 3 1 1 2 4 3 2 2 2 2 0 2 2 3 1 2 3 4 2 3 2 3 3 3 2 2 0 1 0 0 2 0 0 3 1 3 3 0 0 2 3 4 0 2 1 3 2 4 3 0 4 3 3 2 1 0 4 4 0 3 3 4 3 3 3 0 0 3 2 1 3 3 0 3 2 4 0 2 2 0 1 1 2 1 0 4 3 0 0 0 4 4 0 4 1 0 0 0 0 0 0 0 0 0 0 
1 0 3 2 2 3 1 1 2 4 3 2 2 2 2 0 2 2 3 1 2 3 4 2 3 2 3 3 3 2 2 0 1 0 0 2 0 0 3 1 3 3 0 0 2 3 4 0 2 1 3 2 4 3 0 4 3 3 2 1 0 4 4 0 3 3 4 3 3 3 0 0 3 2 1 3 3 0 3 2 4 0 2 2 0 1 1 2 1 0 4 3 0 0 0 4 4 0 4 1 0 0 0 0 0 0 0 0 0 0 
# knockout 44
1 0 3 1 1 3 1 1 2 4 3 2 2 1 2 0 3 2 3 1 2 3 3 2 3 2 2 3 3 2 2 0 1 0 0 2 0 0 3 1 3 2 1 0 2 3 4 0 1 1 3 2 4 4 0 4 3 3 2 0 1 4 3 0 3 2 4 3 3 3 0 0 3 2 1 4 2 0 3 2 4 0 2 3 0 1 1 2 3 0 4 3 0 0 0 4 3 1 4 1 0 0 0 0 0 0 0 0 0 0 
1 0 3 1 1 3 1 1 2 4 3 2 2 1 2 0 3 2 3 1 2 3 3 2 3 2 2 3 3 2 2 0 1 0 0 2 0 0 3 1 3 2 1 0 2 3 4 0 1 1 3 2 4 4 0 4 3 3 2 0 1 4 3 0 3 2 4 3 3 3 0 0 3 2 1 4 2 0 3 2 4 0 2 3 0 1 1 2 3 0 4 3 0 0 0 4 3 1 4 1 0 0 0 0 0 0 0 0 0 0 
# knockout 45
1 0 3 1 1 3 1 1 2 4 3 2 2 2 2 0 2 2 3 1 2 4 3 2 3 2 3 3 3 2 2 0 0 0 0 3 0 0 3 1 3 3 1 0 0 3 4 0 2 1 3 2 4 3 0 4 3 3 2 1 1 4 3 0 3 2 4 3 3 3 0 0 3 2 0 4 3 0 3 1 3 0 2 2 0 1 1 1 3 0 4 4 0 0 0 4 3 0 4 1 0 0 0 0 0 0 0 0 0 0 
1 0 3 1 1 3 1 1 2 4 3 2 2 2 2 0 2 2 3 1 2 4 3 2 3 2 3 3 3 2 2 0 0 0 0 3 0 0 3 1 3 3 1 0 0 3 4 0 2 1 3 2 4 3 0 4 3 3 2 1 1 4 3 0 3 2 4 3 3 3 0 0 3 2 0 4 3 0 3 1 3 0 2 2 0 1 1 1 3 0 4 4 0 0 0 4 3 0 4 1 0 0 0 0 0 0 0 0 0 0 
# knockout 46
2 0 3 1 1 3 1 1 3 4 3 2 2 1 2 0 2 1 3 1 2 3 3 2 3 2 2 3 3 2 2 0 0 0 0 2 0 0 3 1 3 3 2 0 2 0 4 0 2 1 3 3 4 4 0 4 4 3 2 1 1 4 3 0 2 2 4 3 2 3 0 1 3 2 0 4 3 0 3 1 4 0 2 2 0 1 1 1 3 0 4 3 0 0 0 4 4 0 4 1 0 0 0 0 0 0 0 0 0 0 
2 0 3 1 1 3 1 1 3 4 3 2 2 1 2 0 2 1 3 1 2 3 3 2 3 2 2 3 3 2 2 0 0 0 0 2 0 0 3 1 3 3 2 0 2 0 4 0 2 1 3 3 4 4 0 4 4 3 2 1 1 4 3 0 2 2 4 3 2 3 0 1 3 2 0 4 3 0 3 1 4 0 2 2 0 1 1 1 3 0 4 3 0 0 0 4 4 0 4 1 0 0 0 0 0 0 0 0 0 0 
# knockout 47
1 0 4 1 1 2 1 1 2 4 3 2 2 2 2 0 3 2 3 1 2 3 3 2 4 1 2 3 3 2 2 0 0 0 0 2 0 0 3 1 3 3 1 0 2 3 0 0 1 1 3 2 4 3 0 4 3 3 2 1 1 3 3 0 3 3 4 3 3 3 0 1 3 3 1 4 3 0 3 1 4 0 2 2 0 1 1 1 1 0 4 3 0 0 0 4 3 0 4 1 0 0 0 0 0 0 0 0 0 0 
1 0 4 1 1 2 1 1 2 4 3 2 2 2 2 0 3 2 3 1 2 3 3 2 4 1 2 3 3 2 2 0 0 0 0 2 0 0 3 1 3 3 1 0 2 3 0 0 1 1 3 2 4 3 0 4 3 3 2 1 1 3 3 0 3 3 4 3 3 3 0 1 3 3 1 4 3 0 3 1 4 0 2 2 0 1 1 1 1 0 4 3 0 0 0 4 3 0 4 1 0 0 0 0 0 0 0 0 0 0 
# knockout 48
1 0 3 1 1 3 1 1 1 3 3 2 3 2 3 0 2 2 3 1 1 4 3 2 3 2 1 3 4 2 3 0 0 0 0 2 0 0 4 0 3 3 1 0 1 3 4 0 4 1 3 3 4 3 0 4 3 3 2 1 1 4 3 0 3 2 4 4 3 3 0 0 3 2 0 4 3 0 3 1 4 0 2 4 0 1 1 1 2 0 4 3 0 0 0 4 3 0 4 1 0 0 0 0 0 0 0 0 0 0 
1 0 3 1 1 3 1 1 1 3 3 2 3 2 3 0 2 2 3 1 1 4 3 2 3 2 1 3 4 2 3 0 0 0 0 2 0 0 4 0 3 3 1 0 1 3 4 0 4 1 3 3 4 3 0 4 3 3 2 1 1 4 3 0 3 2 4 4 3 3 0 0 3 2 0 4 3 0 3 1 4 0 2 4 0 1 1 1 2 0 4 3 0 0 0 4 3 0 4 1 0 0 0 0 0 0 0 0 0 0 
# knockout 49
1 0 2 1 1 3 1 1 4 3 4 2 1 1 1 0 1 2 3 1 2 3 3 2 3 3 2 3 3 2 2 0 0 0 0 3 0 0 1 0 3 3 1 0 2 1 4 0 0 3 2 1 4 3 0 4 3 3 2 1 1 4 4 0 4 2 4 4 3 4 0 1 3 2 0 4 3 0 3 1 4 0 2 3 0 1 1 1 3 0 4 3 0 0 0 4 3 0 4 1 0 0 0 0 0 0 0 0 0 0 
1 0 2 1 1 3 1 1 4 3 4 2 1 1 1 0 1 2 3 1 2 3 3 2 3 3 2 3 3 2 2 0 0 0 0 3 0 0 1 0 3 3 1 0 2 1 4 0 0 3 2 1 4 3 0 4 3 3 2 1 1 4 4 0 4 2 4 4 3 4 0 1 3 2 0 4 3 0 3 1 4 0 2 3 0 1 1 1 3 0 4 3 0 0 0 4 3 0 4 1 0 0 0 0 0 0 0 0 0 0 
# knockout 50
2 0 3 1 1 3 1 1 2 4 3 2 2 2 2 0 2 2 3 1 2 3 3 2 3 2 2 3 3 2 3 0 0 0 0 3 0 0 3 1 3 3 2 0 2 3 4 0 2 0 3 2 4 3 0 4 3 3 2 1 2 4 4 0 3 2 4 3 3 3 0 0 3 2 1 4 4 0 3 1 4 0 2 3 0 1 1 2 3 0 4 3 0 0 0 4 3 1 4 1 0 0 0 0 0 0 0 0 0 0 
2 0 3 1 1 3 1 1 2 4 3 2 2 2 2 0 2 2 3 1 2 3 3 2 3 2 2 3 3 2 3 0 0 0 0 3 0 0 3 1 3 3 2 0 2 3 4 0 2 0 3 2 4 3 0 4 3 3 2 1 2 4 4 0 3 2 4 3 3 3 0 0 3 2 1 4 4 0 3 1 4 0 2 3 0 1 1 2 3 0 4 3 0 0 0 4 3 1 4 1 0 0 0 0 0 0 0 0 0 0 
# knockout 51
1 0 3 1 1 3 1 1 3 3 3 2 2 2 2 0 3 2 3 1 2 3 3 2 3 2 2 3 3 2 3 0 0 0 0 3 0 0 3 1 3 3 1 0 2 3 4 0 1 2 0 2 4 3 0 4 3 3 2 1 1 4 3 0 3 2 4 3 3 3 0 0 3 2 0 4 3 0 3 1 4 0 2 3 0 1 1 2 3 0 4 4 0 0 0 4 3 0 4 1 0 0 0 0 0 0 0 0 0 0 
1 0 3 1 1 3 1 1 3 3 3 2 2 2 2 0 3 2 3 1 2 3 3 2 3 2 2 3 3 2 3 0 0 0 0 3 0 0 3 1 3 3 1 0 2 3 4 0 1 2 0 2 4 3 0 4 3 3 2 1 1 4 3 0 3 2 4 3 3 3 0 0 3 2 0 4 3 0 3 1 4 0 2 3 0 1 1 2 3 0 4 4 0 0 0 4 3 0 4 1 0 0 0 0 0 0 0 0 0 0 
# knockout 52
1 0 3 1 1 3 1 1 2 3 3 2 2 2 2 0 2 2 3 1 2 2 3 2 3 2 3 3 3 2 2 0 0 0 0 2 0 0 4 1 3 3 1 0 2 3 4 0 1 1 3 0 4 4 0 4 4 3 2 1 1 4 3 0 3 2 4 3 3 3 0 1 3 0 0 4 3 0 3 1 4 0 2 2 0 1 1 2 2 0 4 3 0 0 0 4 3 0 4 1 0 0 0 0 0 0 0 0 0 0 
1 0 3 1 1 3 1 1 2 3 3 2 2 2 2 0 2 2 3 1 2 2 3 2 3 2 3 3 3 2 2 0 0 0 0 2 0 0 4 1 3 3 1 0 2 3 4 0 1 1 3 0 4 4 0 4 4 3 2 1 1 4 3 0 3 2 4 3 3 3 0 1 3 0 0 4 3 0 3 1 4 0 2 2 0 1 1 2 2 0 4 3 0 0 0 4 3 0 4 1 0 0 0 0 0 0 0 0 0 0 
# knockout 53
1 0 3 1 1 3 1 1 2 1 3 0 2 2 1 0 2 2 3 1 2 3 3 3 3 1 3 1 3 2 3 0 3 0 0 0 2 0 3 1 3 3 1 0 2 3 4 0 1 3 3 1 0 3 0 4 3 3 2 1 1 4 2 1 3 0 0 0 3 3 0 0 2 2 0 4 3 0 3 1 4 0 2 2 0 1 1 1 3 0 4 3 0 0 0 4 3 0 4 1 0 0 0 0 0 0 0 0 0 0 
1 0 3 1 1 3 1 1 2 1 3 0 2 2 1 0 2 2 3 1 2 3 3 3 3 1 3 1 3 2 3 0 3 0 0 0 2 0 3 1 3 3 1 0 2 3 4 0 1 3 3 1 0 3 0 4 3 3 2 1 1 4 2 1 3 0 0 0 3 3 0 0 2 2 0 4 3 0 3 1 4 0 2 2 0 1 1 1 3 0 4 3 0 0 0 4 3 0 4 1 0 0 0 0 0 0 0 0 0 0 
# knockout 54
1 0 3 1 1 3 1 1 2 3 3 2 3 2 2 0 2 1 3 1 2 3 3 2 3 2 2 3 3 0 2 0 0 0 4 2 0 0 3 1 3 3 1 0 2 3 4 0 3 0 3 1 4 0 0 4 3 3 2 1 1 4 3 0 4 2 4 3 3 3 0 0 4 2 0 3 3 4 2 1 0 0 2 2 3 4 4 3 0 0 4 3 3 4 0 4 2 0 0 3 0 0 0 0 0 0 0 0 0 0 
1 0 3 1 1 3 1 1 2 3 3 2 3 2 2 0 2 1 3 1 2 3 3 2 3 2 2 3 3 0 2 0 0 0 4 2 0 0 3 1 3 3 1 0 2 3 4 0 3 0 3 1 4 0 0 4 3 3 2 1 1 4 3 0 4 2 4 3 3 3 0 0 4 2 0 3 3 4 2 1 0 0 2 2 3 4 4 3 0 0 4 3 3 4 0 4 2 0 0 3 0 0 0 0 0 0 0 0 0 0 
# knockout 55
1 0 4 2 1 3 1 1 2 3 3 2 2 2 2 0 2 2 3 1 2 3 3 2 4 2 3 3 3 2 3 0 0 0 0 4 0 0 4 1 3 4 1 0 2 3 4 0 1 1 4 2 4 3 0 4 3 3 1 1 1 4 3 0 3 2 4 3 3 3 0 1 3 4 1 4 3 0 3 2 4 0 3 3 0 1 1 1 3 0 4 3 0 0 0 4 4 0 4 1 0 0 0 0 0 0 0 0 0 0 
1 0 4 2 1 3 1 1 2 3 3 2 2 2 2 0 2 2 3 1 2 3 3 2 4 2 3 3 3 2 3 0 0 0 0 4 0 0 4 1 3 4 1 0 2 3 4 0 1 1 4 2 4 3 0 4 3 3 1 1 1 4 3 0 3 2 4 3 3 3 0 1 3 4 1 4 3 0 3 2 4 0 3 3 0 1 1 1 3 0 4 3 0 0 0 4 4 0 4 1 0 0 0 0 0 0 0 0 0 0 
# knockout 56
1 0 4 2 1 3 1 1 2 3 3 1 2 2 2 0 2 2 3 1 2 3 3 2 3 2 2 3 3 2 2 0 0 0 0 2 0 0 3 0 3 3 2 0 2 3 4 0 1 1 3 1 4 3 0 0 4 3 2 1 1 4 3 0 3 2 4 3 3 3 0 0 3 2 0 4 3 0 3 1 4 0 3 3 0 1 1 1 3 0 4 4 0 1 0 4 4 0 4 1 0 0 0 0 0 0 0 0 0 0 
1 0 4 2 1 3 1 1 2 3 3 1 2 2 2 0 2 2 3 1 2 3 3 2 3 2 2 3 3 2 2 0 0 0 0 2 0 0 3 0 3 3 2 0 2 3 4 0 1 1 3 1 4 3 0 0 4 3 2 1 1 4 3 0 3 2 4 3 3 3 0 0 3 2 0 4 3 0 3 1 4 0 3 3 0 1 1 1 3 0 4 4 0 1 0 4 4 0 4 1 0 0 0 0 0 0 0 0 0 0 
# knockout 57
1 0 3 1 1 3 1 1 2 3 3 2 2 2 2 0 2 2 3 2 2 2 3 2 3 2 3 4 3 2 2 0 0 0 0 2 0 0 3 2 3 3 2 0 2 3 4 0 1 1 4 3 4 3 0 4 0 3 2 1 0 4 3 0 3 2 4 3 4 3 0 0 3 2 1 4 3 0 3 1 4 0 2 3 0 1 1 1 2 0 4 3 0 0 0 4 3 1 4 1 0 0 0 0 0 0 0 0 0 0 
1 0 3 1 1 3 1 1 2 3 3 2 2 2 2 0 2 2 3 2 2 2 3 2 3 2 3 4 3 2 2 0 0 0 0 2 0 0 3 2 3 3 2 0 2 3 4 0 1 1 4 3 4 3 0 4 0 3 2 1 0 4 3 0 3 2 4 3 4 3 0 0 3 2 1 4 3 0 3 1 4 0 2 3 0 1 1 1 2 0 4 3 0 0 0 4 3 1 4 1 0 0 0 0 0 0 0 0 0 0 
# knockout 58
1 0 3 2 1 3 1 1 2 3 3 3 3 2 2 0 2 2 3 1 2 3 3 2 3 2 1 3 3 2 2 0 1 0 3 3 0 0 3 0 4 3 1 0 2 3 4 0 2 2 3 1 4 3 0 4 3 0 2 1 1 4 3 0 3 2 4 3 3 3 0 1 3 2 0 4 3 0 3 1 4 0 2 3 0 1 1 1 3 0 4 3 0 0 0 4 4 0 4 1 0 0 0 0 0 0 0 0 0 0 
1 0 3 2 1 3 1 1 2 3 3 3 3 2 2 0 2 2 3 1 2 3 3 2 3 2 1 3 3 2 2 0 1 0 3 3 0 0 3 0 4 3 1 0 2 3 4 0 2 2 3 1 4 3 0 4 3 0 2 1 1 4 3 0 3 2 4 3 3 3 0 1 3 2 0 4 3 0 3 1 4 0 2 3 0 1 1 1 3 0 4 3 0 0 0 4 4 0 4 1 0 0 0 0 0 0 0 0 0 0 
# knockout 59
1 0 3 1 2 3 1 1 2 3 3 2 2 2 3 0 2 2 3 1 2 3 2 2 3 2 2 3 3 2 2 0 0 0 0 2 0 0 3 0 3 3 1 0 1 3 4 0 1 1 3 2 4 4 0 4 3 3 0 1 1 4 4 0 3 2 4 3 3 3 0 0 3 2 0 4 3 0 3 1 3 0 2 3 0 1 1 1 3 0 4 3 0 0 0 4 3 0 4 1 0 0 0 0 0 0 0 0 0 0 
1 0 3 1 2 3 1 1 2 3 3 2 2 2 3 0 2 2 3 1 2 3 2 2 3 2 2 3 3 2 2 0 0 0 0 2 0 0 3 0 3 3 1 0 1 3 4 0 1 1 3 2 4 4 0 4 3 3 0 1 1 4 4 0 3 2 4 3 3 3 0 0 3 2 0 4 3 0 3 1 3 0 2 3 0 1 1 1 3 0 4 3 0 0 0 4 3 0 4 1 0 0 0 0 0 0 0 0 0 0 
# knockout 60
1 0 3 1 2 3 1 1 2 3 3 2 2 2 2 0 2 2 3 1 2 3 3 2 3 2 3 4 3 2 2 0 0 0 0 3 0 0 4 0 4 3 1 0 2 3 4 0 1 1 3 2 3 3 0 4 3 3 2 0 1 4 3 0 4 2 4 3 3 3 0 0 4 2 0 4 3 0 3 1 4 0 2 2 0 1 2 2 3 0 4 3 0 0 0 4 3 0 4 1 0 0 0 0 0 0 0 0 0 0 
1 0 3 1 2 3 1 1 2 3 3 2 2 2 2 0 2 2 3 1 2 3 3 2 3 2 3 4 3 2 2 0 0 0 0 3 0 0 4 0 4 3 1 0 2 3 4 0 1 1 3 2 3 3 0 4 3 3 2 0 1 4 3 0 4 2 4 3 3 3 0 0 4 2 0 4 3 0 3 1 4 0 2 2 0 1 2 2 3 0 4 3 0 0 0 4 3 0 4 1 0 0 0 0 0 0 0 0 0 0 
# knockout 61
1 0 3 1 1 3 1 1 2 4 3 2 2 1 2 0 3 2 3 1 2 3 3 2 3 2 3 3 3 2 2 0 0 0 0 3 0 0 4 2 3 3 1 0 2 3 4 0 2 1 3 2 4 3 0 4 3 3 2 1 0 4 3 0 3 2 4 3 3 3 0 0 4 2 0 4 3 0 3 0 4 0 2 3 0 1 1 3 3 0 4 3 0 0 0 4 3 0 4 1 0 0 0 0 0 0 0 0 0 0 
1 0 3 1 1 3 1 1 2 4 3 2 2 1 2 0 3 2 3 1 2 3 3 2 3 2 3 3 3 2 2 0 0 0 0 3 0 0 4 2 3 3 1 0 2 3 4 0 2 1 3 2 4 3 0 4 3 3 2 1 0 4 3 0 3 2 4 3 3 3 0 0 4 2 0 4 3 0 3 0 4 0 2 3 0 1 1 3 3 0 4 3 0 0 0 4 3 0 4 1 0 0 0 0 0 0 0 0 0 0 
# knockout 62
1 0 3 1 2 4 1 1 2 3 2 2 2 2 2 0 2 2 3 2 2 3 3 2 3 1 3 3 3 2 2 0 0 0 0 2 0 0 4 1 4 3 2 0 2 3 4 0 1 1 4 2 4 4 0 4 4 3 2 0 1 0 3 0 3 2 4 3 3 3 0 0 3 2 0 3 3 0 3 1 4 0 2 2 0 1 1 1 3 0 4 2 0 0 0 4 4 0 4 1 0 0 0 0 0 0 0 0 0 0 
1 0 3 1 2 4 1 1 2 3 2 2 2 2 2 0 2 2 3 2 2 3 3 2 3 1 3 3 3 2 2 0 0 0 0 2 0 0 4 1 4 3 2 0 2 3 4 0 1 1 4 2 4 4 0 4 4 3 2 0 1 0 3 0 3 2 4 3 3 3 0 0 3 2 0 3 3 0 3 1 4 0 2 2 0 1 1 1 3 0 4 2 0 0 0 4 4 0 4 1 0 0 0 0 0 0 0 0 0 0 
# knockout 63
1 0 3 1 1 4 1 2 2 3 3 2 2 2 2 0 2 2 3 1 2 3 3 2 3 2 3 3 3 2 2 0 0 0 0 2 0 0 3 1 3 3 1 0 2 3 4 0 1 1 3 2 4 3 0 4 4 3 2 1 1 4 0 0 3 2 4 3 3 3 0 0 3 2 0 4 3 0 3 1 4 0 2 3 0 1 1 1 4 0 4 3 0 0 0 4 3 0 4 1 0 0 0 0 0 0 0 0 0 0 
1 0 3 1 1 4 1 2 2 3 3 2 2 2 2 0 2 2 3 1 2 3 3 2 3 2 3 3 3 2 2 0 0 0 0 2 0 0 3 1 3 3 1 0 2 3 4 0 1 1 3 2 4 3 0 4 4 3 2 1 1 4 0 0 3 2 4 3 3 3 0 0 3 2 0 4 3 0 3 1 4 0 2 3 0 1 1 1 4 0 4 3 0 0 0 4 3 0 4 1 0 0 0 0 0 0 0 0 0 0 
# knockout 64
1 0 3 1 1 3 0 1 2 2 3 2 3 2 2 0 2 2 3 1 2 3 3 2 3 2 3 3 3 2 2 0 0 0 0 2 0 0 3 1 3 3 1 0 2 3 4 0 1 1 3 2 4 3 0 4 3 3 2 1 1 4 3 0 3 2 4 3 3 3 0 0 4 2 0 4 3 0 3 1 4 0 2 2 0 1 2 2 2 0 4 3 0 0 0 4 2 0 4 1 0 0 0 0 0 0 0 0 0 0 
1 0 3 1 1 3 0 1 2 2 3 2 3 2 2 0 2 2 3 1 2 3 3 2 3 2 3 3 3 2 2 0 0 0 0 2 0 0 3 1 3 3 1 0 2 3 4 0 1 1 3 2 4 3 0 4 3 3 2 1 1 4 3 0 3 2 4 3 3 3 0 0 4 2 0 4 3 0 3 1 4 0 2 2 0 1 2 2 2 0 4 3 0 0 0 4 2 0 4 1 0 0 0 0 0 0 0 0 0 0 
# knockout 65
1 0 3 1 1 2 1 0 2 3 3 2 2 2 2 3 0 2 3 1 2 3 3 2 3 2 3 4 3 2 2 0 0 0 0 3 0 0 3 0 4 3 1 0 4 3 4 0 1 1 3 2 4 3 0 4 0 3 2 1 1 4 3 0 0 2 4 3 2 2 0 0 3 2 0 4 3 0 3 1 4 0 2 3 0 1 1 1 3 0 4 3 0 0 0 4 3 0 4 1 0 0 0 0 0 0 0 0 0 0 
1 0 3 1 1 2 1 0 2 3 3 2 2 2 2 3 0 2 3 1 2 3 3 2 3 2 3 4 3 2 2 0 0 0 0 3 0 0 3 0 4 3 1 0 4 3 4 0 1 1 3 2 4 3 0 4 0 3 2 1 1 4 3 0 0 2 4 3 2 2 0 0 3 2 0 4 3 0 3 1 4 0 2 3 0 1 1 1 3 0 4 3 0 0 0 4 3 0 4 1 0 0 0 0 0 0 0 0 0 0 
# knockout 66
1 0 4 2 1 2 1 0 2 3 3 2 3 3 4 0 2 2 3 1 2 3 3 2 3 2 3 3 3 2 3 0 0 0 0 3 0 0 4 1 3 3 1 0 2 3 4 0 1 1 3 2 4 4 0 4 4 3 2 1 1 4 3 0 4 0 4 3 3 3 0 0 3 2 0 4 3 0 3 1 4 0 2 4 0 1 1 2 3 0 4 3 0 0 0 4 4 0 4 1 0 0 0 0 0 0 0 0 0 0 
1 0 4 2 1 2 1 0 2 3 3 2 3 3 4 0 2 2 3 1 2 3 3 2 3 2 3 3 3 2 3 0 0 0 0 3 0 0 4 1 3 3 1 0 2 3 4 0 1 1 3 2 4 4 0 4 4 3 2 1 1 4 3 0 4 0 4 3 3 3 0 0 3 2 0 4 3 0 3 1 4 0 2 4 0 1 1 2 3 0 4 3 0 0 0 4 4 0 4 1 0 0 0 0 0 0 0 0 0 0 
# knockout 67
1 0 3 1 1 3 1 1 3 3 3 2 2 2 2 0 1 1 3 1 3 3 3 2 3 2 3 3 4 2 2 0 0 0 0 2 0 0 2 1 3 3 1 0 2 3 4 0 1 1 3 2 4 4 0 4 4 3 2 1 1 4 3 0 3 2 0 3 3 3 0 0 3 2 1 4 3 0 3 1 4 0 2 2 0 1 1 2 2 0 4 3 0 0 0 4 3 0 4 1 0 0 0 0 0 0 0 0 0 0 
1 0 3 1 1 3 1 1 3 3 3 2 2 2 2 0 1 1 3 1 3 3 3 2 3 2 3 3 4 2 2 0 0 0 0 2 0 0 2 1 3 3 1 0 2 3 4 0 1 1 3 2 4 4 0 4 4 3 2 1 1 4 3 0 3 2 0 3 3 3 0 0 3 2 1 4 3 0 3 1 4 0 2 2 0 1 1 2 2 0 4 3 0 0 0 4 3 0 4 1 0 0 0 0 0 0 0 0 0 0 
# knockout 68
1 0 4 2 1 2 1 1 2 3 3 2 2 1 2 0 2 1 3 1 2 3 3 2 3 2 3 3 3 2 2 0 0 0 0 2 0 0 3 1 3 3 1 0 2 3 4 0 1 1 3 2 4 4 0 3 3 3 2 1 1 4 3 0 3 3 4 0 3 3 0 0 3 2 1 4 3 0 3 1 4 0 2 3 0 1 1 1 3 0 4 3 0 0 0 4 2 1 4 1 0 0 0 0 0 0 0 0 0 0 
1 0 4 2 1 2 1 1 2 3 3 2 2 1 2 0 2 1 3 1 2 3 3 2 3 2 3 3 3 2 2 0 0 0 0 2 0 0 3 1 3 3 1 0 2 3 4 0 1 1 3 2 4 4 0 3 3 3 2 1 1 4 3 0 3 3 4 0 3 3 0 0 3 2 1 4 3 0 3 1 4 0 2 3 0 1 1 1 3 0 4 3 0 0 0 4 2 1 4 1 0 0 0 0 0 0 0 0 0 0 
# knockout 69
1 0 3 0 1 4 4 1 2 2 3 3 2 2 3 0 2 2 3 1 2 3 3 2 3 2 3 3 3 2 2 0 0 0 0 2 0 0 3 0 3 3 1 0 3 3 4 0 1 1 3 3 4 3 0 4 3 3 2 1 1 4 3 0 4 2 4 3 0 0 0 0 4 2 1 3 3 0 3 1 4 0 2 1 0 1 2 1 3 0 4 3 0 0 0 4 3 0 4 1 0 0 0 0 0 0 0 0 0 0 
1 0 3 0 1 4 4 1 2 2 3 3 2 2 3 0 2 2 3 1 2 3 3 2 3 2 3 3 3 2 2 0 0 0 0 2 0 0 3 0 3 3 1 0 3 3 4 0 1 1 3 3 4 3 0 4 3 3 2 1 1 4 3 0 4 2 4 3 0 0 0 0 4 2 1 3 3 0 3 1 4 0 2 1 0 1 2 1 3 0 4 3 0 0 0 4 3 0 4 1 0 0 0 0 0 0 0 0 0 0 
# knockout 70
1 0 3 1 2 3 1 1 2 3 3 2 2 2 2 0 2 1 2 1 2 3 3 2 3 2 3 3 3 2 2 0 0 0 0 4 0 0 4 1 3 3 1 0 3 3 4 0 1 1 3 2 4 3 0 4 3 3 2 1 1 4 3 0 3 2 4 3 3 0 0 0 3 2 0 3 3 0 4 1 4 0 2 0 0 2 1 1 3 0 4 3 1 0 0 4 4 0 4 1 0 0 0 0 0 0 0 0 0 0 
1 0 3 1 2 3 1 1 2 3 3 2 2 2 2 0 2 1 2 1 2 3 3 2 3 2 3 3 3 2 2 0 0 0 0 4 0 0 4 1 3 3 1 0 3 3 4 0 1 1 3 2 4 3 0 4 3 3 2 1 1 4 3 0 3 2 4 3 3 0 0 0 3 2 0 3 3 0 4 1 4 0 2 0 0 2 1 1 3 0 4 3 1 0 0 4 4 0 4 1 0 0 0 0 0 0 0 0 0 0 
# knockout 71
1 0 3 1 1 2 1 1 2 4 3 2 2 2 3 0 2 1 3 1 2 2 3 2 3 2 3 3 2 2 2 0 0 0 0 1 0 0 3 2 3 3 1 0 2 3 3 0 1 1 3 2 4 3 0 4 3 3 2 1 1 4 3 0 3 2 4 3 3 3 0 0 3 2 0 4 3 0 3 1 4 0 2 2 0 1 1 1 3 0 4 3 0 0 0 4 3 0 4 1 0 0 0 0 0 0 0 0 0 0 
1 0 3 1 1 2 1 1 2 4 3 2 2 2 3 0 2 1 3 1 2 2 3 2 3 2 3 3 2 2 2 0 0 0 0 1 0 0 3 2 3 3 1 0 2 3 3 0 1 1 3 2 4 3 0 4 3 3 2 1 1 4 3 0 3 2 4 3 3 3 0 0 3 2 0 4 3 0 3 1 4 0 2 2 0 1 1 1 3 0 4 3 0 0 0 4 3 0 4 1 0 0 0 0 0 0 0 0 0 0 
# knockout 72
2 0 3 1 1 3 1 1 2 3 3 2 2 2 2 0 2 2 3 1 2 3 3 2 3 2 3 3 3 2 2 0 0 0 0 2 0 0 3 1 3 3 2 0 2 3 4 0 1 1 3 2 4 4 0 4 3 3 2 1 1 4 3 0 3 3 4 4 3 3 0 0 4 3 0 3 3 0 3 2 4 0 2 2 0 1 1 2 2 0 4 3 0 0 0 4 3 0 4 1 0 0 0 0 0 0 0 0 0 0 
2 0 3 1 1 3 1 1 2 3 3 2 2 2 2 0 2 2 3 1 2 3 3 2 3 2 3 3 3 2 2 0 0 0 0 2 0 0 3 1 3 3 2 0 2 3 4 0 1 1 3 2 4 4 0 4 3 3 2 1 1 4 3 0 3 3 4 4 3 3 0 0 4 3 0 3 3 0 3 2 4 0 2 2 0 1 1 2 2 0 4 3 0 0 0 4 3 0 4 1 0 0 0 0 0 0 0 0 0 0 
# knockout 73
1 0 4 2 1 2 1 1 2 3 3 2 2 2 2 0 2 2 3 1 2 3 3 2 3 2 4 3 3 2 3 0 0 0 0 2 0 0 3 1 3 3 1 0 2 2 3 0 1 1 3 2 4 3 0 4 3 3 2 1 1 4 3 0 3 1 4 3 3 3 0 0 0 2 0 4 3 0 3 1 4 0 2 2 0 1 1 2 1 0 4 3 0 0 0 4 3 0 3 1 0 0 0 0 0 0 0 0 0 0 
1 0 4 2 1 2 1 1 2 3 3 2 2 2 2 0 2 2 3 1 2 3 3 2 3 2 4 3 3 2 3 0 0 0 0 2 0 0 3 1 3 3 1 0 2 2 3 0 1 1 3 2 4 3 0 4 3 3 2 1 1 4 3 0 3 1 4 3 3 3 0 0 0 2 0 4 3 0 3 1 4 0 2 2 0 1 1 2 1 0 4 3 0 0 0 4 3 0 3 1 0 0 0 0 0 0 0 0 0 0 
# knockout 74
2 0 4 1 2 4 1 1 2 3 3 2 2 2 2 0 2 2 3 1 2 3 3 2 3 2 3 3 3 2 2 0 0 0 0 3 0 0 4 1 3 3 1 0 2 3 4 0 1 1 3 2 4 3 0 4 3 3 1 1 0 4 3 0 4 2 4 3 3 3 0 1 2 0 0 0 3 0 3 1 4 0 2 2 0 1 1 1 3 0 3 2 0 0 0 4 3 0 4 1 0 0 0 0 0 0 0 0 0 0 
2 0 4 1 2 4 1 1 2 3 3 2 2 2 2 0 2 2 3 1 2 3 3 2 3 2 3 3 3 2 2 0 0 0 0 3 0 0 4 1 3 3 1 0 2 3 4 0 1 1 3 2 4 3 0 4 3 3 1 1 0 4 3 0 4 2 4 3 3 3 0 1 2 0 0 0 3 0 3 1 4 0 2 2 0 1 1 1 3 0 3 2 0 0 0 4 3 0 4 1 0 0 0 0 0 0 0 0 0 0 
# knockout 75
1 0 3 1 1 3 1 1 1 3 3 2 2 2 2 0 2 2 3 0 2 3 3 2 3 2 3 3 3 2 2 0 0 0 0 2 0 0 4 1 3 3 1 0 2 3 4 0 1 1 4 2 4 3 0 4 3 2 2 1 1 4 3 0 3 2 4 3 3 3 0 0 3 2 0 4 3 0 3 1 4 0 1 2 0 1 1 1 3 0 4 3 0 0 0 4 3 0 3 1 0 0 0 0 0 0 0 0 0 0 
1 0 3 1 1 3 1 1 1 3 3 2 2 2 2 0 2 2 3 0 2 3 3 2 3 2 3 3 3 2 2 0 0 0 0 2 0 0 4 1 3 3 1 0 2 3 4 0 1 1 4 2 4 3 0 4 3 2 2 1 1 4 3 0 3 2 4 3 3 3 0 0 3 2 0 4 3 0 3 1 4 0 1 2 0 1 1 1 3 0 4 3 0 0 0 4 3 0 3 1 0 0 0 0 0 0 0 0 0 0 
# knockout 76
1 0 3 1 1 3 1 1 2 3 3 2 2 2 3 0 3 2 3 1 2 4 3 2 3 2 3 3 3 2 2 0 0 0 0 2 0 0 4 1 3 3 1 0 2 3 4 0 1 1 3 2 4 3 0 4 3 3 1 1 1 4 3 0 3 2 4 3 3 2 0 0 3 2 1 0 3 0 3 1 4 0 2 2 0 1 1 2 3 0 3 3 0 0 0 4 2 0 4 1 0 0 0 0 0 0 0 0 0 0 
1 0 3 1 1 3 1 1 2 3 3 2 2 2 3 0 3 2 3 1 2 4 3 2 3 2 3 3 3 2 2 0 0 0 0 2 0 0 4 1 3 3 1 0 2 3 4 0 1 1 3 2 4 3 0 4 3 3 1 1 1 4 3 0 3 2 4 3 3 2 0 0 3 2 1 0 3 0 3 1 4 0 2 2 0 1 1 2 3 0 3 3 0 0 0 4 2 0 4 1 0 0 0 0 0 0 0 0 0 0 
# knockout 77
1 0 3 2 1 2 2 1 2 3 3 2 2 2 2 0 2 1 3 1 2 3 3 2 3 2 3 4 3 2 2 0 0 0 0 2 0 0 3 2 3 3 1 0 2 3 4 0 1 1 3 2 4 3 0 4 4 3 2 1 1 4 3 0 3 2 4 3 2 3 0 0 3 2 0 4 0 0 2 1 4 0 2 2 0 1 1 1 2 0 4 3 0 0 0 4 3 0 4 1 0 0 0 0 0 0 0 0 0 0 
1 0 3 2 1 2 2 1 2 3 3 2 2 2 2 0 2 1 3 1 2 3 3 2 3 2 3 4 3 2 2 0 0 0 0 2 0 0 3 2 3 3 1 0 2 3 4 0 1 1 3 2 4 3 0 4 4 3 2 1 1 4 3 0 3 2 4 3 2 3 0 0 3 2 0 4 0 0 2 1 4 0 2 2 0 1 1 1 2 0 4 3 0 0 0 4 3 0 4 1 0 0 0 0 0 0 0 0 0 0 
# knockout 78
1 0 4 1 1 3 1 1 1 3 3 2 2 2 2 0 2 2 3 1 2 3 3 2 3 2 3 3 3 2 2 0 1 0 0 3 0 0 2 1 3 3 1 0 2 3 4 0 1 1 4 2 4 3 0 4 3 3 2 1 1 4 3 0 3 2 4 3 3 3 0 0 3 2 1 4 3 0 3 1 4 0 2 2 0 1 1 1 3 0 4 4 0 0 0 4 3 1 4 1 0 0 0 0 0 0 0 0 0 0 
1 0 4 1 1 3 1 1 1 3 3 2 2 2 2 0 2 2 3 1 2 3 3 2 3 2 3 3 3 2 2 0 1 0 0 3 0 0 2 1 3 3 1 0 2 3 4 0 1 1 4 2 4 3 0 4 3 3 2 1 1 4 3 0 3 2 4 3 3 3 0 0 3 2 1 4 3 0 3 1 4 0 2 2 0 1 1 1 3 0 4 4 0 0 0 4 3 1 4 1 0 0 0 0 0 0 0 0 0 0 
# knockout 79
1 0 3 1 1 3 1 1 2 3 3 2 2 1 2 0 2 2 3 1 2 3 3 1 2 4 3 3 3 2 3 0 0 0 0 2 0 0 3 1 3 3 1 0 2 3 3 0 1 1 3 2 4 4 0 4 4 3 2 1 1 4 2 0 3 2 4 3 4 3 0 0 2 3 0 4 3 0 0 1 4 0 2 2 0 1 1 1 2 0 4 3 0 0 0 4 2 0 4 1 0 0 0 0 0 0 0 0 0 0 
1 0 3 1 1 3 1 1 2 3 3 2 2 1 2 0 2 2 3 1 2 3 3 1 2 4 3 3 3 2 3 0 0 0 0 2 0 0 3 1 3 3 1 0 2 3 3 0 1 1 3 2 4 4 0 4 4 3 2 1 1 4 2 0 3 2 4 3 4 3 0 0 2 3 0 4 3 0 0 1 4 0 2 2 0 1 1 1 2 0 4 3 0 0 0 4 2 0 4 1 0 0 0 0 0 0 0 0 0 0 
# knockout 80
1 0 3 1 1 3 1 1 2 3 3 2 3 2 2 0 2 2 3 1 2 3 3 2 2 2 2 3 3 2 2 0 0 0 0 2 0 0 3 1 3 3 1 0 2 3 4 0 1 1 3 2 4 3 0 4 3 2 2 1 1 4 3 0 4 2 4 3 3 3 0 0 3 2 0 4 3 0 3 0 4 0 2 2 0 1 1 1 3 0 4 3 0 0 0 4 4 0 4 1 0 0 0 0 0 0 0 0 0 0 
1 0 3 1 1 3 1 1 2 3 3 2 3 2 2 0 2 2 3 1 2 3 3 2 2 2 2 3 3 2 2 0 0 0 0 2 0 0 3 1 3 3 1 0 2 3 4 0 1 1 3 2 4 3 0 4 3 2 2 1 1 4 3 0 4 2 4 3 3 3 0 0 3 2 0 4 3 0 3 0 4 0 2 2 0 1 1 1 3 0 4 3 0 0 0 4 4 0 4 1 0 0 0 0 0 0 0 0 0 0 
# knockout 81
1 0 3 1 1 2 1 0 2 3 3 1 2 2 2 0 2 2 3 1 1 3 3 2 3 2 2 3 3 2 2 0 0 0 0 3 0 0 4 1 3 3 1 0 2 3 3 0 1 1 3 3 4 3 0 4 3 3 2 0 1 4 3 0 4 2 4 3 3 3 0 0 4 2 0 4 3 0 3 1 0 0 2 2 0 1 1 2 2 0 4 3 0 0 0 4 2 1 4 1 0 0 0 0 0 0 0 0 0 0 
1 0 3 1 1 2 1 0 2 3 3 1 2 2 2 0 2 2 3 1 1 3 3 2 3 2 2 3 3 2 2 0 0 0 0 3 0 0 4 1 3 3 1 0 2 3 3 0 1 1 3 3 4 3 0 4 3 3 2 0 1 4 3 0 4 2 4 3 3 3 0 0 4 2 0 4 3 0 3 1 0 0 2 2 0 1 1 2 2 0 4 3 0 0 0 4 2 1 4 1 0 0 0 0 0 0 0 0 0 0 
# knockout 82
1 0 3 2 1 3 1 1 2 3 3 2 2 1 2 0 3 2 3 1 2 3 3 2 3 2 3 3 3 2 2 0 0 0 0 2 0 0 3 0 3 3 1 0 2 3 4 0 1 1 4 2 4 3 0 4 3 4 3 1 1 4 3 0 4 2 3 3 3 3 0 0 3 2 0 3 3 0 3 1 4 0 2 3 0 1 2 2 3 0 4 2 0 0 0 4 3 0 4 1 0 0 0 0 0 0 0 0 0 0 
1 0 3 2 1 3 1 1 2 3 3 2 2 1 2 0 3 2 3 1 2 3 3 2 3 2 3 3 3 2 2 0 0 0 0 2 0 0 3 0 3 3 1 0 2 3 4 0 1 1 4 2 4 3 0 4 3 4 3 1 1 4 3 0 4 2 3 3 3 3 0 0 3 2 0 3 3 0 3 1 4 0 2 3 0 1 2 2 3 0 4 2 0 0 0 4 3 0 4 1 0 0 0 0 0 0 0 0 0 0 
# knockout 83
1 0 3 0 1 3 1 1 2 3 3 2 2 2 2 0 3 2 3 1 2 3 3 2 3 1 3 3 3 2 2 0 0 0 0 2 0 0 3 1 3 3 1 0 2 3 3 0 1 1 3 2 4 3 0 4 4 2 2 1 1 4 4 0 4 2 4 3 4 3 0 0 3 2 0 4 3 0 3 1 3 0 0 2 0 1 1 1 3 0 4 3 0 0 0 4 3 0 4 1 0 0 0 0 0 0 0 0 0 0 
1 0 3 0 1 3 1 1 2 3 3 2 2 2 2 0 3 2 3 1 2 3 3 2 3 1 3 3 3 2 2 0 0 0 0 2 0 0 3 1 3 3 1 0 2 3 3 0 1 1 3 2 4 3 0 4 4 2 2 1 1 4 4 0 4 2 4 3 4 3 0 0 3 2 0 4 3 0 3 1 3 0 0 2 0 1 1 1 3 0 4 3 0 0 0 4 3 0 4 1 0 0 0 0 0 0 0 0 0 0 
# knockout 84
1 0 4 1 1 3 1 1 2 3 3 2 2 2 2 0 2 2 3 1 2 4 2 2 3 2 3 3 3 2 2 0 0 0 0 3 0 0 3 1 2 3 1 0 2 3 4 0 1 1 3 2 4 4 0 4 3 3 2 1 1 4 3 0 3 2 4 3 3 3 0 0 2 2 0 4 3 0 4 0 4 0 2 0 0 1 1 1 3 0 4 3 0 0 0 4 4 0 4 1 0 0 0 0 0 0 0 0 0 0 
1 0 4 1 1 3 1 1 2 3 3 2 2 2 2 0 2 2 3 1 2 4 2 2 3 2 3 3 3 2 2 0 0 0 0 3 0 0 3 1 2 3 1 0 2 3 4 0 1 1 3 2 4 4 0 4 3 3 2 1 1 4 3 0 3 2 4 3 3 3 0 0 2 2 0 4 3 0 4 0 4 0 2 0 0 1 1 1 3 0 4 3 0 0 0 4 4 0 4 1 0 0 0 0 0 0 0 0 0 0 
# knockout 85
1 0 3 1 1 3 1 1 2 3 3 2 2 1 2 0 3 2 2 2 2 3 3 2 3 2 3 3 3 2 2 0 0 0 0 4 0 0 3 1 3 3 1 0 2 3 4 0 1 1 4 2 4 3 0 4 3 3 2 1 1 4 3 0 3 1 4 3 3 4 0 1 2 2 1 4 3 0 3 1 4 0 2 3 0 2 2 1 3 0 4 2 0 0 0 4 4 0 4 1 0 0 0 0 0 0 0 0 0 0 
1 0 3 1 1 3 1 1 2 3 3 2 2 1 2 0 3 2 2 2 2 3 3 2 3 2 3 3 3 2 2 0 0 0 0 4 0 0 3 1 3 3 1 0 2 3 4 0 1 1 4 2 4 3 0 4 3 3 2 1 1 4 3 0 3 1 4 3 3 4 0 1 2 2 1 4 3 0 3 1 4 0 2 3 0 2 2 1 3 0 4 2 0 0 0 4 4 0 4 1 0 0 0 0 0 0 0 0 0 0 
# knockout 86
2 0 3 1 2 3 1 1 1 3 3 2 3 2 4 0 2 2 3 1 2 2 3 2 3 2 3 3 3 2 2 0 0 0 0 4 0 0 3 1 3 3 1 0 2 2 4 0 2 1 3 2 4 4 0 4 3 3 2 1 1 4 4 0 3 2 4 3 3 3 0 1 3 2 1 4 3 0 3 1 4 0 2 2 0 0 1 2 3 0 4 3 0 1 0 4 3 0 4 1 0 0 0 0 0 0 0 0 0 0 
2 0 3 1 2 3 1 1 1 3 3 2 3 2 4 0 2 2 3 1 2 2 3 2 3 2 3 3 3 2 2 0 0 0 0 4 0 0 3 1 3 3 1 0 2 2 4 0 2 1 3 2 4 4 0 4 3 3 2 1 1 4 4 0 3 2 4 3 3 3 0 1 3 2 1 4 3 0 3 1 4 0 2 2 0 0 1 2 3 0 4 3 0 1 0 4 3 0 4 1 0 0 0 0 0 0 0 0 0 0 
# knockout 87
1 0 3 1 1 3 1 0 2 3 3 2 2 3 2 0 3 2 4 1 2 4 3 2 2 2 2 3 3 2 3 0 0 0 0 2 0 0 3 0 3 3 1 0 2 3 4 0 2 1 3 3 4 3 0 4 3 3 2 1 1 4 3 0 3 2 4 3 3 3 0 1 2 1 0 4 3 0 3 1 4 0 2 2 0 1 0 2 3 0 4 3 1 0 0 4 3 0 4 1 0 0 0 0 0 0 0 0 0 0 
1 0 3 1 1 3 1 0 2 3 3 2 2 3 2 0 3 2 4 1 2 4 3 2 2 2 2 3 3 2 3 0 0 0 0 2 0 0 3 0 3 3 1 0 2 3 4 0 2 1 3 3 4 3 0 4 3 3 2 1 1 4 3 0 3 2 4 3 3 3 0 1 2 1 0 4 3 0 3 1 4 0 2 2 0 1 0 2 3 0 4 3 1 0 0 4 3 0 4 1 0 0 0 0 0 0 0 0 0 0 
# knockout 88
1 0 3 2 1 2 1 1 2 3 3 2 2 1 2 0 2 2 3 1 2 3 3 2 3 2 3 3 3 2 2 0 0 0 0 2 0 0 3 1 3 3 1 0 2 3 4 0 1 1 3 2 4 4 0 4 3 3 2 1 1 4 3 0 3 2 4 3 3 4 0 0 3 4 0 4 3 0 3 1 4 0 2 2 0 1 1 0 3 0 4 4 0 0 0 4 2 0 4 1 0 0 0 0 0 0 0 0 0 0 
1 0 3 2 1 2 1 1 2 3 3 2 2 1 2 0 2 2 3 1 2 3 3 2 3 2 3 3 3 2 2 0 0 0 0 2 0 0 3 1 3 3 1 0 2 3 4 0 1 1 3 2 4 4 0 4 3 3 2 1 1 4 3 0 3 2 4 3 3 4 0 0 3 4 0 4 3 0 3 1 4 0 2 2 0 1 1 0 3 0 4 4 0 0 0 4 2 0 4 1 0 0 0 0 0 0 0 0 0 0 
# knockout 89
1 0 3 1 1 3 1 1 1 3 3 2 2 2 2 0 2 2 3 1 2 4 3 2 3 3 3 4 3 2 3 0 0 0 0 2 0 0 3 0 3 3 1 0 2 3 3 0 1 1 3 2 4 3 0 4 3 3 2 1 1 4 3 0 3 2 4 3 3 3 0 0 3 2 0 4 3 0 3 1 4 0 2 2 0 1 1 2 0 0 4 3 0 0 0 4 4 1 4 1 0 0 0 0 0 0 0 0 0 0 
1 0 3 1 1 3 1 1 1 3 3 2 2 2 2 0 2 2 3 1 2 4 3 2 3 3 3 4 3 2 3 0 0 0 0 2 0 0 3 0 3 3 1 0 2 3 3 0 1 1 3 2 4 3 0 4 3 3 2 1 1 4 3 0 3 2 4 3 3 3 0 0 3 2 0 4 3 0 3 1 4 0 2 2 0 1 1 2 0 0 4 3 0 0 0 4 4 1 4 1 0 0 0 0 0 0 0 0 0 0 
# knockout 90
1 0 4 2 1 3 1 1 2 3 3 2 2 2 2 0 2 2 3 1 2 3 3 2 3 2 3 3 4 2 3 0 0 0 0 2 0 0 3 1 3 3 1 0 2 3 4 0 1 1 3 2 4 4 0 4 3 3 2 0 1 4 3 0 3 2 4 4 3 3 0 0 3 2 1 4 3 0 3 1 3 0 2 3 0 1 1 1 3 0 4 3 0 0 0 4 3 0 4 1 0 0 0 0 0 0 0 0 0 0 
1 0 4 2 1 3 1 1 2 3 3 2 2 2 2 0 2 2 3 1 2 3 3 2 3 2 3 3 4 2 3 0 0 0 0 2 0 0 3 1 3 3 1 0 2 3 4 0 1 1 3 2 4 4 0 4 3 3 2 0 1 4 3 0 3 2 4 4 3 3 0 0 3 2 1 4 3 0 3 1 3 0 2 3 0 1 1 1 3 0 4 3 0 0 0 4 3 0 4 1 0 0 0 0 0 0 0 0 0 0 
# knockout 91
1 0 3 1 1 4 1 1 2 3 3 2 2 2 2 0 2 2 3 1 2 3 3 2 3 2 3 3 3 2 2 0 0 0 0 3 0 0 4 1 3 3 1 0 2 3 3 0 1 1 3 2 4 4 0 4 3 3 2 0 1 4 3 0 4 1 4 3 3 3 0 0 3 2 1 4 3 0 3 0 4 0 2 2 0 1 2 1 3 0 0 3 0 0 0 4 3 0 4 1 0 0 0 0 0 0 0 0 0 0 
1 0 3 1 1 4 1 1 2 3 3 2 2 2 2 0 2 2 3 1 2 3 3 2 3 2 3 3 3 2 2 0 0 0 0 3 0 0 4 1 3 3 1 0 2 3 3 0 1 1 3 2 4 4 0 4 3 3 2 0 1 4 3 0 4 1 4 3 3 3 0 0 3 2 1 4 3 0 3 0 4 0 2 2 0 1 2 1 3 0 0 3 0 0 0 4 3 0 4 1 0 0 0 0 0 0 0 0 0 0 
# knockout 92
1 0 3 1 2 3 1 1 3 4 3 2 1 1 2 0 2 3 3 1 0 3 4 2 3 2 3 3 3 2 2 0 0 0 0 2 0 0 1 1 3 3 1 0 2 1 4 0 0 4 2 2 4 3 0 4 3 3 2 0 1 4 3 0 3 2 4 3 3 3 0 0 3 3 0 4 3 0 3 1 4 0 2 2 0 1 1 1 3 0 4 0 0 1 0 4 3 0 4 1 0 0 0 0 0 0 0 0 0 0 
1 0 3 1 2 3 1 1 3 4 3 2 1 1 2 0 2 3 3 1 0 3 4 2 3 2 3 3 3 2 2 0 0 0 0 2 0 0 1 1 3 3 1 0 2 1 4 0 0 4 2 2 4 3 0 4 3 3 2 0 1 4 3 0 3 2 4 3 3 3 0 0 3 3 0 4 3 0 3 1 4 0 2 2 0 1 1 1 3 0 4 0 0 1 0 4 3 0 4 1 0 0 0 0 0 0 0 0 0 0 
# knockout 93
1 0 2 1 1 3 1 0 3 4 3 2 2 2 2 0 2 2 3 1 2 3 3 2 2 2 3 3 3 2 2 0 0 0 0 3 0 0 3 1 3 3 1 0 2 3 3 0 2 1 3 3 4 4 0 4 3 4 1 1 1 4 3 0 3 2 4 3 3 3 0 0 3 2 1 4 3 0 3 1 4 0 2 2 0 1 1 1 3 0 4 3 0 0 0 4 2 1 4 1 0 0 0 0 0 0 0 0 0 0 
1 0 2 1 1 3 1 0 3 4 3 2 2 2 2 0 2 2 3 1 2 3 3 2 2 2 3 3 3 2 2 0 0 0 0 3 0 0 3 1 3 3 1 0 2 3 3 0 2 1 3 3 4 4 0 4 3 4 1 1 1 4 3 0 3 2 4 3 3 3 0 0 3 2 1 4 3 0 3 1 4 0 2 2 0 1 1 1 3 0 4 3 0 0 0 4 2 1 4 1 0 0 0 0 0 0 0 0 0 0 
# knockout 94
1 0 3 1 1 3 1 1 2 4 3 2 2 2 2 0 2 2 3 0 2 3 3 2 3 2 3 2 3 2 2 0 1 0 0 2 0 0 2 1 3 3 1 0 2 3 4 0 2 1 4 3 4 4 0 4 3 3 2 1 1 4 3 0 3 2 4 3 3 3 0 0 3 2 0 4 3 0 2 1 4 0 2 1 0 1 1 1 1 0 4 3 0 0 0 4 4 0 4 1 0 0 0 0 0 0 0 0 0 0 
1 0 3 1 1 3 1 1 2 4 3 2 2 2 2 0 2 2 3 0 2 3 3 2 3 2 3 2 3 2 2 0 1 0 0 2 0 0 2 1 3 3 1 0 2 3 4 0 2 1 4 3 4 4 0 4 3 3 2 1 1 4 3 0 3 2 4 3 3 3 0 0 3 2 0 4 3 0 2 1 4 0 2 1 0 1 1 1 1 0 4 3 0 0 0 4 4 0 4 1 0 0 0 0 0 0 0 0 0 0 
# knockout 95
1 0 3 1 2 2 1 1 3 4 3 2 2 2 1 0 3 2 3 0 2 3 3 2 3 2 3 3 3 2 2 0 0 0 0 2 0 0 2 1 3 3 1 0 2 3 4 0 1 1 3 2 4 4 0 4 3 2 2 1 1 4 3 0 3 2 4 3 3 3 0 0 4 2 1 4 3 0 3 1 4 0 2 3 0 1 1 1 2 0 4 3 0 0 0 4 3 0 4 1 0 0 0 0 0 0 0 0 0 0 
1 0 3 1 2 2 1 1 3 4 3 2 2 2 1 0 3 2 3 0 2 3 3 2 3 2 3 3 3 2 2 0 0 0 0 2 0 0 2 1 3 3 1 0 2 3 4 0 1 1 3 2 4 4 0 4 3 2 2 1 1 4 3 0 3 2 4 3 3 3 0 0 4 2 1 4 3 0 3 1 4 0 2 3 0 1 1 1 2 0 4 3 0 0 0 4 3 0 4 1 0 0 0 0 0 0 0 0 0 0 
# knockout 96
1 0 4 2 1 3 1 1 3 4 3 2 1 1 1 0 2 3 3 1 2 4 3 1 2 3 3 4 3 2 2 0 0 0 0 2 0 0 0 1 2 3 1 0 2 1 4 0 0 2 2 1 4 3 0 4 4 3 2 1 1 4 4 0 4 2 4 3 3 3 0 0 4 2 0 4 3 0 3 1 4 0 2 2 0 1 1 2 3 0 4 3 0 0 0 0 4 0 4 1 0 0 0 0 0 0 0 0 0 0 
1 0 4 2 1 3 1 1 3 4 3 2 1 1 1 0 2 3 3 1 2 4 3 1 2 3 3 4 3 2 2 0 0 0 0 2 0 0 0 1 2 3 1 0 2 1 4 0 0 2 2 1 4 3 0 4 4 3 2 1 1 4 4 0 4 2 4 3 3 3 0 0 4 2 0 4 3 0 3 1 4 0 2 2 0 1 1 2 3 0 4 3 0 0 0 0 4 0 4 1 0 0 0 0 0 0 0 0 0 0 
# knockout 97
1 0 3 2 1 3 1 1 2 3 3 2 2 2 4 0 3 2 3 1 2 4 3 2 3 2 3 3 3 2 2 0 0 0 0 3 0 0 2 1 4 3 4 4 2 3 4 0 2 1 3 2 4 3 0 4 3 3 2 1 1 4 3 0 3 2 4 3 3 2 0 0 3 1 0 4 3 0 3 2 4 0 2 2 0 1 1 2 2 0 4 3 0 0 0 4 0 0 4 1 0 0 0 0 0 0 0 0 0 0 
1 0 3 2 1 3 1 1 2 3 3 2 2 2 4 0 3 2 3 1 2 4 3 2 3 2 3 3 3 2 2 0 0 0 0 3 0 0 2 1 4 3 4 4 2 3 4 0 2 1 3 2 4 3 0 4 3 3 2 1 1 4 3 0 3 2 4 3 3 2 0 0 3 1 0 4 3 0 3 2 4 0 2 2 0 1 1 2 2 0 4 3 0 0 0 4 0 0 4 1 0 0 0 0 0 0 0 0 0 0 
# knockout 98
1 0 3 1 1 3 1 1 2 4 3 2 4 2 2 0 2 2 3 1 2 4 3 2 3 2 3 3 4 2 2 0 0 0 0 4 0 0 3 1 3 3 1 0 2 3 4 0 2 1 3 3 4 3 0 4 3 3 2 1 1 4 3 0 3 2 4 3 3 3 0 1 4 2 0 3 3 0 3 1 4 0 2 4 0 1 1 1 3 0 4 3 0 0 0 4 4 0 4 1 0 0 0 0 0 0 0 0 0 0 
1 0 3 1 1 3 1 1 2 4 3 2 4 2 2 0 2 2 3 1 2 4 3 2 3 2 3 3 4 2 2 0 0 0 0 4 0 0 3 1 3 3 1 0 2 3 4 0 2 1 3 3 4 3 0 4 3 3 2 1 1 4 3 0 3 2 4 3 3 3 0 1 4 2 0 3 3 0 3 1 4 0 2 4 0 1 1 1 3 0 4 3 0 0 0 4 4 0 4 1 0 0 0 0 0 0 0 0 0 0 
# knockout 99
1 0 3 0 1 3 2 1 2 3 3 2 2 2 2 0 2 2 3 1 1 3 3 2 3 1 3 3 3 2 2 0 0 0 0 3 0 0 3 1 3 3 2 0 2 3 3 0 1 1 3 2 3 3 0 4 3 3 2 1 1 4 3 0 3 2 4 3 3 3 0 0 3 3 0 3 3 0 3 1 4 0 2 2 0 1 1 2 3 0 4 3 0 0 0 4 2 0 0 1 0 0 0 0 0 0 0 0 0 0 
1 0 3 0 1 3 2 1 2 3 3 2 2 2 2 0 2 2 3 1 1 3 3 2 3 1 3 3 3 2 2 0 0 0 0 3 0 0 3 1 3 3 2 0 2 3 3 0 1 1 3 2 3 3 0 4 3 3 2 1 1 4 3 0 3 2 4 3 3 3 0 0 3 3 0 3 3 0 3 1 4 0 2 2 0 1 1 2 3 0 4 3 0 0 0 4 2 0 0 1 0 0 0 0 0 0 0 0 0 0 
# knockout 100
1 0 3 1 2 4 1 1 3 4 3 1 3 2 2 0 2 2 3 1 2 4 3 2 3 2 3 3 3 2 2 0 0 0 0 2 0 0 3 2 3 3 2 0 2 3 4 0 1 1 3 2 4 3 0 4 3 3 2 1 1 4 3 0 2 2 4 3 3 3 0 0 3 3 0 4 3 0 3 1 4 0 2 2 0 1 1 2 3 0 4 3 0 0 0 4 3 0 4 0 0 0 0 0 0 0 0 0 0 0 
1 0 3 1 2 4 1 1 3 4 3 1 3 2 2 0 2 2 3 1 2 4 3 2 3 2 3 3 3 2 2 0 0 0 0 2 0 0 3 2 3 3 2 0 2 3 4 0 1 1 3 2 4 3 0 4 3 3 2 1 1 4 3 0 2 2 4 3 3 3 0 0 3 3 0 4 3 0 3 1 4 0 2 2 0 1 1 2 3 0 4 3 0 0 0 4 3 0 4 0 0 0 0 0 0 0 0 0 0 0 
