# knockout 1
0 3 0 1 2 3 0 2 3 1 2 3 1 1 3 4 0 4 1 3 0 1 0 2 2 0 2 1 4 2 1 3 3 3 3 2 3 3 2 3 1 3 3 3 2 0 2 0 3 2 3 1 0 2 1 1 1 0 1 0 2 3 3 2 1 3 2 3 2 2 1 1 2 0 1 3 0 2 1 3 1 1 0 0 2 4 2 1 2 0 3 3 2 4 2 3 3 0 3 3 0 0 0 0 0 0 0 0 0 0 
0 3 0 1 2 3 0 2 3 1 2 3 1 1 3 4 0 4 1 3 0 1 0 2 2 0 2 1 4 2 1 3 3 3 3 2 3 3 2 3 1 3 3 3 2 0 2 0 3 2 3 1 0 2 1 1 1 0 1 0 2 3 3 2 1 3 2 3 2 2 1 1 2 0 1 3 0 2 1 3 1 1 0 0 2 4 2 1 2 0 3 3 2 4 2 3 3 0 3 3 0 0 0 0 0 0 0 0 0 0 
# knockout 2
3 0 0 0 1 3 1 0 1 1 2 3 2 0 4 4 1 4 1 3 0 1 0 2 3 0 2 2 2 2 1 3 2 3 3 1 3 3 2 3 1 3 2 3 2 0 2 0 3 2 4 1 0 2 1 1 1 0 1 0 2 3 3 2 1 3 2 3 2 1 1 1 3 0 1 3 0 2 1 3 1 1 0 1 3 4 1 1 3 0 3 3 2 4 2 3 2 0 4 3 0 0 0 0 0 0 0 0 0 0 
3 0 0 0 1 3 1 0 1 1 2 3 2 0 4 4 1 4 1 3 0 1 0 2 3 0 2 2 2 2 1 3 2 3 3 1 3 3 2 3 1 3 2 3 2 0 2 0 3 2 4 1 0 2 1 1 1 0 1 0 2 3 3 2 1 3 2 3 2 1 1 1 3 0 1 3 0 2 1 3 1 1 0 1 3 4 1 1 3 0 3 3 2 4 2 3 2 0 4 3 0 0 0 0 0 0 0 0 0 0 
# knockout 3
4 1 0 0 0 3 1 0 2 1 2 3 1 0 3 4 0 4 1 2 0 1 0 2 2 0 1 1 4 2 1 3 2 3 3 1 3 4 2 3 1 3 2 3 3 0 2 0 3 2 3 2 0 2 1 1 1 0 1 0 3 3 3 2 1 2 2 2 2 1 1 0 3 0 1 3 0 2 2 3 0 1 0 0 4 4 2 1 2 0 3 3 2 4 2 3 3 0 3 3 0 0 0 0 0 0 0 0 0 0 
4 1 0 0 0 3 1 0 2 1 2 3 1 0 3 4 0 4 1 2 0 1 0 2 2 0 1 1 4 2 1 3 2 3 3 1 3 4 2 3 1 3 2 3 3 0 2 0 3 2 3 2 0 2 1 1 1 0 1 0 3 3 3 2 1 2 2 2 2 1 1 0 3 0 1 3 0 2 2 3 0 1 0 0 4 4 2 1 2 0 3 3 2 4 2 3 3 0 3 3 0 0 0 0 0 0 0 0 0 0 
# knockout 4
3 1 0 0 1 3 1 0 1 1 2 3 1 0 3 3 0 3 1 3 0 1 0 2 2 0 2 1 3 2 2 3 2 3 3 1 4 3 2 3 1 3 2 3 1 0 2 0 3 2 3 1 0 2 1 1 1 0 1 0 2 3 4 2 1 2 2 3 2 1 1 1 3 0 1 3 0 1 2 3 1 2 0 1 3 4 1 1 2 0 3 3 2 4 3 3 3 0 3 3 0 0 0 0 0 0 0 0 0 0 
3 1 0 0 1 3 1 0 1 1 2 3 1 0 3 3 0 3 1 3 0 1 0 2 2 0 2 1 3 2 2 3 2 3 3 1 4 3 2 3 1 3 2 3 1 0 2 0 3 2 3 1 0 2 1 1 1 0 1 0 2 3 4 2 1 2 2 3 2 1 1 1 3 0 1 3 0 1 2 3 1 2 0 1 3 4 1 1 2 0 3 3 2 4 3 3 3 0 3 3 0 0 0 0 0 0 0 0 0 0 
# knockout 5
3 1 0 0 0 3 1 0 1 1 2 3 2 0 3 4 0 4 1 3 0 1 0 2 2 0 2 2 2 2 1 3 2 2 3 1 3 3 2 3 0 3 2 3 2 1 2 0 3 2 3 1 0 2 1 1 1 0 1 1 2 3 3 2 1 3 2 2 2 1 1 1 3 0 1 3 0 2 1 3 0 2 0 1 2 4 1 1 2 0 3 3 2 4 2 4 3 0 3 3 0 0 0 0 0 0 0 0 0 0 
3 1 0 0 0 3 1 0 1 1 2 3 2 0 3 4 0 4 1 3 0 1 0 2 2 0 2 2 2 2 1 3 2 2 3 1 3 3 2 3 0 3 2 3 2 1 2 0 3 2 3 1 0 2 1 1 1 0 1 1 2 3 3 2 1 3 2 2 2 1 1 1 3 0 1 3 0 2 1 3 0 2 0 1 2 4 1 1 2 0 3 3 2 4 2 4 3 0 3 3 0 0 0 0 0 0 0 0 0 0 
# knockout 6
3 1 0 0 1 0 1 0 1 1 2 3 2 0 3 4 0 4 1 3 0 1 0 2 1 0 2 1 2 2 2 3 2 4 3 1 3 4 2 3 1 3 2 3 2 0 2 0 3 2 3 1 0 2 1 1 0 0 1 0 1 4 4 2 1 4 3 3 2 1 1 1 3 0 1 4 0 2 1 3 1 2 0 2 3 4 1 1 2 0 4 3 2 4 2 4 3 0 3 3 0 0 0 0 0 0 0 0 0 0 
3 1 0 0 1 0 1 0 1 1 2 3 2 0 3 4 0 4 1 3 0 1 0 2 1 0 2 1 2 2 2 3 2 4 3 1 3 4 2 3 1 3 2 3 2 0 2 0 3 2 3 1 0 2 1 1 0 0 1 0 1 4 4 2 1 4 3 3 2 1 1 1 3 0 1 4 0 2 1 3 1 2 0 2 3 4 1 1 2 0 4 3 2 4 2 4 3 0 3 3 0 0 0 0 0 0 0 0 0 0 
# knockout 7
3 1 0 0 1 3 0 0 1 1 1 4 1 0 3 4 0 3 1 3 2 1 0 2 2 0 2 1 2 2 1 3 2 3 3 1 3 3 2 3 1 3 2 3 2 0 2 0 2 2 3 1 0 2 1 0 1 0 1 0 2 3 3 3 1 3 3 3 2 1 0 1 3 0 2 3 0 2 1 3 1 2 0 1 3 4 1 1 2 0 2 3 2 4 2 3 4 0 3 3 0 0 0 0 0 0 0 0 0 0 
3 1 0 0 1 3 0 0 1 1 1 4 1 0 3 4 0 3 1 3 2 1 0 2 2 0 2 1 2 2 1 3 2 3 3 1 3 3 2 3 1 3 2 3 2 0 2 0 2 2 3 1 0 2 1 0 1 0 1 0 2 3 3 3 1 3 3 3 2 1 0 1 3 0 2 3 0 2 1 3 1 2 0 1 3 4 1 1 2 0 2 3 2 4 2 3 4 0 3 3 0 0 0 0 0 0 0 0 0 0 
# knockout 8
3 1 0 0 1 3 1 0 0 1 2 3 2 0 3 3 0 3 1 3 0 3 0 2 2 0 1 1 2 2 1 3 3 3 3 1 3 3 2 3 1 3 1 3 2 0 2 0 3 2 3 1 0 2 1 0 1 0 1 0 2 3 4 2 1 3 3 3 2 1 1 1 3 0 1 3 0 3 1 3 2 2 0 1 4 4 1 1 2 0 3 3 3 4 2 4 3 0 3 3 0 0 0 0 0 0 0 0 0 0 
3 1 0 0 1 3 1 0 0 1 2 3 2 0 3 3 0 3 1 3 0 3 0 2 2 0 1 1 2 2 1 3 3 3 3 1 3 3 2 3 1 3 1 3 2 0 2 0 3 2 3 1 0 2 1 0 1 0 1 0 2 3 4 2 1 3 3 3 2 1 1 1 3 0 1 3 0 3 1 3 2 2 0 1 4 4 1 1 2 0 3 3 3 4 2 4 3 0 3 3 0 0 0 0 0 0 0 0 0 0 
# knockout 9
3 1 0 0 1 3 1 0 0 1 2 3 2 0 3 3 0 3 1 3 0 1 0 2 1 0 2 2 2 2 1 3 2 4 3 2 4 4 2 3 1 3 2 3 2 1 2 0 3 2 3 1 0 2 1 1 1 0 1 0 3 3 3 2 1 3 2 3 2 1 0 1 3 0 1 3 0 2 1 3 1 2 0 1 3 4 2 1 2 0 3 2 2 4 2 3 3 0 3 3 0 0 0 0 0 0 0 0 0 0 
3 1 0 0 1 3 1 0 0 1 2 3 2 0 3 3 0 3 1 3 0 1 0 2 1 0 2 2 2 2 1 3 2 4 3 2 4 4 2 3 1 3 2 3 2 1 2 0 3 2 3 1 0 2 1 1 1 0 1 0 3 3 3 2 1 3 2 3 2 1 0 1 3 0 1 3 0 2 1 3 1 2 0 1 3 4 2 1 2 0 3 2 2 4 2 3 3 0 3 3 0 0 0 0 0 0 0 0 0 0 
# knockout 10
0 3 3 4 2 3 2 4 2 0 2 3 2 0 3 4 0 4 1 4 1 1 0 2 2 0 2 1 2 2 1 3 2 3 3 1 4 3 3 3 1 3 2 2 2 0 1 0 3 2 3 1 0 2 1 1 1 0 1 1 2 4 4 1 1 3 2 3 2 1 1 1 3 0 0 3 0 2 1 2 1 2 3 4 3 4 1 1 2 0 4 3 2 4 2 3 3 0 3 3 0 0 0 0 0 0 0 0 0 0 
0 3 3 4 2 3 2 4 2 0 2 3 2 0 3 4 0 4 1 4 1 1 0 2 2 0 2 1 2 2 1 3 2 3 3 1 4 3 3 3 1 3 2 2 2 0 1 0 3 2 3 1 0 2 1 1 1 0 1 1 2 4 4 1 1 3 2 3 2 1 1 1 3 0 0 3 0 2 1 2 1 2 3 4 3 4 1 1 2 0 4 3 2 4 2 3 3 0 3 3 0 0 0 0 0 0 0 0 0 0 
# knockout 11
2 1 0 0 0 3 1 0 1 1 0 2 1 0 3 4 0 4 1 2 0 1 0 1 2 0 2 1 2 2 1 3 2 3 3 1 3 3 2 3 2 3 2 3 2 0 2 0 3 2 4 2 0 2 1 1 1 0 1 0 2 2 3 1 1 4 2 3 2 1 1 0 3 0 1 3 0 2 1 3 0 2 0 1 3 4 1 1 2 0 4 3 2 4 2 3 3 0 4 2 0 0 0 0 0 0 0 0 0 0 
2 1 0 0 0 3 1 0 1 1 0 2 1 0 3 4 0 4 1 2 0 1 0 1 2 0 2 1 2 2 1 3 2 3 3 1 3 3 2 3 2 3 2 3 2 0 2 0 3 2 4 2 0 2 1 1 1 0 1 0 2 2 3 1 1 4 2 3 2 1 1 0 3 0 1 3 0 2 1 3 0 2 0 1 3 4 1 1 2 0 4 3 2 4 2 3 3 0 4 2 0 0 0 0 0 0 0 0 0 0 
# knockout 12
2 1 0 0 1 3 1 0 0 1 2 0 2 0 4 4 0 4 1 3 0 2 0 3 2 0 2 1 1 2 1 3 2 4 3 1 3 3 2 3 1 3 2 3 2 0 2 0 4 2 3 3 0 2 1 0 2 0 1 0 1 3 3 1 1 3 2 3 2 1 1 1 3 0 1 3 0 2 2 3 2 2 0 2 3 4 1 1 2 0 3 3 2 4 2 3 3 0 3 2 0 0 0 0 0 0 0 0 0 0 
2 1 0 0 1 3 1 0 0 1 2 0 2 0 4 4 0 4 1 3 0 2 0 3 2 0 2 1 1 2 1 3 2 4 3 1 3 3 2 3 1 3 2 3 2 0 2 0 4 2 3 3 0 2 1 0 2 0 1 0 1 3 3 1 1 3 2 3 2 1 1 1 3 0 1 3 0 2 2 3 2 2 0 2 3 4 1 1 2 0 3 3 2 4 2 3 3 0 3 2 0 0 0 0 0 0 0 0 0 0 
# knockout 13
3 1 0 0 1 0 0 0 2 1 2 3 0 0 3 0 4 4 0 3 3 1 0 2 2 0 2 1 3 2 1 3 2 4 3 1 3 3 2 3 1 3 2 3 2 0 2 0 3 2 3 1 0 2 1 1 1 0 1 0 2 3 4 2 1 3 2 3 2 1 1 1 3 0 1 3 0 2 1 3 1 2 0 0 3 4 1 1 2 0 3 3 2 4 2 3 3 0 3 3 0 0 0 0 0 0 0 0 0 0 
3 1 0 0 1 0 0 0 2 1 2 3 0 0 3 0 4 4 0 3 3 1 0 2 2 0 2 1 3 2 1 3 2 4 3 1 3 3 2 3 1 3 2 3 2 0 2 0 3 2 3 1 0 2 1 1 1 0 1 0 2 3 4 2 1 3 2 3 2 1 1 1 3 0 1 3 0 2 1 3 1 2 0 0 3 4 1 1 2 0 3 3 2 4 2 3 3 0 3 3 0 0 0 0 0 0 0 0 0 0 
# knockout 14
3 1 0 0 1 3 1 0 1 1 2 3 2 0 3 3 0 4 1 3 0 1 1 2 2 0 2 1 2 2 1 3 2 3 4 1 3 3 2 3 1 3 2 3 2 0 2 0 3 2 3 1 0 2 0 1 0 0 1 0 1 3 3 3 1 3 3 3 2 1 1 1 3 0 0 3 0 2 1 3 1 2 0 1 3 4 2 1 3 0 3 3 3 4 2 4 3 0 3 3 0 0 0 0 0 0 0 0 0 0 
3 1 0 0 1 3 1 0 1 1 2 3 2 0 3 3 0 4 1 3 0 1 1 2 2 0 2 1 2 2 1 3 2 3 4 1 3 3 2 3 1 3 2 3 2 0 2 0 3 2 3 1 0 2 0 1 0 0 1 0 1 3 3 3 1 3 3 3 2 1 1 1 3 0 0 3 0 2 1 3 1 2 0 1 3 4 2 1 3 0 3 3 3 4 2 4 3 0 3 3 0 0 0 0 0 0 0 0 0 0 
# knockout 15
3 1 0 0 1 3 1 0 1 1 2 3 2 0 0 4 0 4 1 3 0 1 0 2 2 1 2 1 2 2 1 3 2 3 3 2 3 3 2 3 1 3 2 4 2 0 2 0 3 2 3 1 0 2 1 1 1 0 1 0 2 4 3 2 1 3 1 3 2 1 1 1 3 0 1 3 0 2 1 3 1 2 0 0 3 4 2 0 3 0 2 3 2 4 2 3 3 0 3 3 0 0 0 0 0 0 0 0 0 0 
3 1 0 0 1 3 1 0 1 1 2 3 2 0 0 4 0 4 1 3 0 1 0 2 2 1 2 1 2 2 1 3 2 3 3 2 3 3 2 3 1 3 2 4 2 0 2 0 3 2 3 1 0 2 1 1 1 0 1 0 2 4 3 2 1 3 1 3 2 1 1 1 3 0 1 3 0 2 1 3 1 2 0 0 3 4 2 0 3 0 2 3 2 4 2 3 3 0 3 3 0 0 0 0 0 0 0 0 0 0 
# knockout 16
3 1 0 0 1 3 2 0 1 0 2 3 2 0 3 0 0 4 1 3 0 2 0 2 2 0 1 1 2 2 1 3 2 4 3 2 3 3 2 3 1 3 2 3 2 0 2 0 3 1 3 1 0 2 1 1 0 0 1 0 2 2 2 2 0 3 3 3 2 1 1 1 4 0 1 3 0 2 1 3 1 2 0 1 3 4 2 0 2 0 3 3 2 4 2 3 3 0 3 3 0 0 0 0 0 0 0 0 0 0 
3 1 0 0 1 3 2 0 1 0 2 3 2 0 3 0 0 4 1 3 0 2 0 2 2 0 1 1 2 2 1 3 2 4 3 2 3 3 2 3 1 3 2 3 2 0 2 0 3 1 3 1 0 2 1 1 0 0 1 0 2 2 2 2 0 3 3 3 2 1 1 1 4 0 1 3 0 2 1 3 1 2 0 1 3 4 2 0 2 0 3 3 2 4 2 3 3 0 3 3 0 0 0 0 0 0 0 0 0 0 
# knockout 17
2 1 1 0 1 3 1 0 0 1 2 3 2 0 4 4 0 4 1 3 0 1 1 2 1 0 2 1 2 2 1 3 2 3 3 2 3 3 2 3 1 3 2 3 2 0 2 0 3 2 3 1 0 2 1 1 1 0 1 1 2 3 3 2 1 3 2 3 2 1 1 1 2 0 1 3 0 1 1 2 2 2 0 2 4 4 1 0 2 0 3 3 2 4 2 3 2 0 3 3 0 0 0 0 0 0 0 0 0 0 
2 1 1 0 1 3 1 0 0 1 2 3 2 0 4 4 0 4 1 3 0 1 1 2 1 0 2 1 2 2 1 3 2 3 3 2 3 3 2 3 1 3 2 3 2 0 2 0 3 2 3 1 0 2 1 1 1 0 1 1 2 3 3 2 1 3 2 3 2 1 1 1 2 0 1 3 0 1 1 2 2 2 0 2 4 4 1 0 2 0 3 3 2 4 2 3 2 0 3 3 0 0 0 0 0 0 0 0 0 0 
# knockout 18
3 1 0 0 1 3 1 0 1 1 1 3 2 0 3 4 0 0 1 3 0 1 0 2 2 0 2 4 2 2 1 4 0 1 3 1 3 3 2 3 1 3 2 2 3 1 2 0 3 2 3 1 0 2 1 1 1 0 1 1 2 3 3 2 1 3 3 3 2 1 1 1 0 4 0 3 0 2 1 3 0 2 0 1 4 4 1 1 3 0 4 3 3 4 2 3 2 0 3 4 0 0 0 0 0 0 0 0 0 0 
3 1 0 0 1 3 1 0 1 1 1 3 2 0 3 4 0 0 1 3 0 1 0 2 2 0 2 4 2 2 1 4 0 1 3 1 3 3 2 3 1 3 2 2 3 1 2 0 3 2 3 1 0 2 1 1 1 0 1 1 2 3 3 2 1 3 3 3 2 1 1 1 0 4 0 3 0 2 1 3 0 2 0 1 4 4 1 1 3 0 4 3 3 4 2 3 2 0 3 4 0 0 0 0 0 0 0 0 0 0 
# knockout 19
3 1 0 0 1 3 1 0 0 1 1 3 2 0 3 4 0 3 0 2 0 1 0 2 2 0 2 1 2 2 1 3 2 3 3 1 3 3 2 3 1 3 2 3 2 0 3 0 3 2 4 1 0 2 1 0 1 0 1 0 2 4 4 2 1 3 3 3 2 1 1 1 3 0 1 3 0 2 2 3 0 2 0 2 3 4 1 1 2 0 3 3 4 4 2 3 3 0 3 2 0 0 0 0 0 0 0 0 0 0 
3 1 0 0 1 3 1 0 0 1 1 3 2 0 3 4 0 3 0 2 0 1 0 2 2 0 2 1 2 2 1 3 2 3 3 1 3 3 2 3 1 3 2 3 2 0 3 0 3 2 4 1 0 2 1 0 1 0 1 0 2 4 4 2 1 3 3 3 2 1 1 1 3 0 1 3 0 2 2 3 0 2 0 2 3 4 1 1 2 0 3 3 4 4 2 3 3 0 3 2 0 0 0 0 0 0 0 0 0 0 
# knockout 20
3 1 0 0 1 3 1 0 1 1 2 3 2 1 2 3 0 4 1 0 0 1 0 2 2 0 2 1 2 2 1 3 2 3 3 1 3 3 2 3 1 3 2 2 2 1 2 0 3 2 3 1 0 2 1 1 1 0 1 0 2 3 4 3 1 3 2 3 2 1 1 1 3 0 1 3 0 2 2 3 1 2 0 1 3 4 1 1 2 0 3 3 2 4 2 3 3 0 3 3 0 0 0 0 0 0 0 0 0 0 
3 1 0 0 1 3 1 0 1 1 2 3 2 1 2 3 0 4 1 0 0 1 0 2 2 0 2 1 2 2 1 3 2 3 3 1 3 3 2 3 1 3 2 2 2 1 2 0 3 2 3 1 0 2 1 1 1 0 1 0 2 3 4 3 1 3 2 3 2 1 1 1 3 0 1 3 0 2 2 3 1 2 0 1 3 4 1 1 2 0 3 3 2 4 2 3 3 0 3 3 0 0 0 0 0 0 0 0 0 0 
# knockout 21
3 2 0 0 1 3 0 0 1 1 2 3 2 0 3 3 0 4 1 3 0 1 0 2 2 0 2 1 3 2 2 3 2 3 3 1 3 3 2 2 0 3 2 2 2 0 2 0 3 2 4 1 0 2 1 0 1 0 1 0 2 3 3 2 1 3 3 3 2 1 1 0 3 0 1 3 0 2 2 4 1 2 0 1 3 4 1 1 2 0 3 4 2 4 2 3 3 0 3 3 0 0 0 0 0 0 0 0 0 0 
3 2 0 0 1 3 0 0 1 1 2 3 2 0 3 3 0 4 1 3 0 1 0 2 2 0 2 1 3 2 2 3 2 3 3 1 3 3 2 2 0 3 2 2 2 0 2 0 3 2 4 1 0 2 1 0 1 0 1 0 2 3 3 2 1 3 3 3 2 1 1 0 3 0 1 3 0 2 2 4 1 2 0 1 3 4 1 1 2 0 3 4 2 4 2 3 3 0 3 3 0 0 0 0 0 0 0 0 0 0 
# knockout 22
3 1 0 0 0 3 1 0 1 1 1 3 2 1 3 4 0 3 1 3 0 0 0 1 2 0 2 1 2 2 1 3 2 3 4 1 3 3 2 3 1 3 2 3 2 0 3 0 2 2 3 1 0 2 1 1 1 0 0 0 3 4 4 2 1 3 2 3 2 1 1 1 3 0 1 3 0 2 1 3 2 2 0 1 3 4 1 1 2 0 3 3 2 4 2 3 3 0 3 3 0 0 0 0 0 0 0 0 0 0 
3 1 0 0 0 3 1 0 1 1 1 3 2 1 3 4 0 3 1 3 0 0 0 1 2 0 2 1 2 2 1 3 2 3 4 1 3 3 2 3 1 3 2 3 2 0 3 0 2 2 3 1 0 2 1 1 1 0 0 0 3 4 4 2 1 3 2 3 2 1 1 1 3 0 1 3 0 2 1 3 2 2 0 1 3 4 1 1 2 0 3 3 2 4 2 3 3 0 3 3 0 0 0 0 0 0 0 0 0 0 
# knockout 23
3 1 0 0 1 3 1 0 1 1 2 3 2 0 4 4 0 4 1 3 0 1 0 2 2 0 2 1 2 2 1 3 2 3 3 2 3 3 2 3 1 3 2 3 3 0 2 0 3 2 3 1 0 2 1 0 1 0 1 0 2 3 3 2 1 3 2 2 2 1 1 1 3 0 1 3 0 2 1 3 1 1 0 1 3 4 1 1 2 0 3 3 2 4 1 3 3 0 3 3 0 0 0 0 0 0 0 0 0 0 
3 1 0 0 1 3 1 0 1 1 2 3 2 0 4 4 0 4 1 3 0 1 0 2 2 0 2 1 2 2 1 3 2 3 3 2 3 3 2 3 1 3 2 3 3 0 2 0 3 2 3 1 0 2 1 0 1 0 1 0 2 3 3 2 1 3 2 2 2 1 1 1 3 0 1 3 0 2 1 3 1 1 0 1 3 4 1 1 2 0 3 3 2 4 1 3 3 0 3 3 0 0 0 0 0 0 0 0 0 0 
# knockout 24
3 1 0 0 0 3 1 0 1 1 2 3 2 0 3 3 1 4 0 3 0 1 0 0 2 0 2 1 2 2 1 3 2 3 3 1 3 3 2 3 1 3 2 3 2 0 2 0 3 2 3 1 0 2 1 1 1 0 1 1 2 3 3 2 1 3 2 3 3 1 1 1 3 0 1 3 0 1 1 4 1 2 0 1 3 4 1 1 2 0 3 3 2 3 2 4 3 0 3 3 0 0 0 0 0 0 0 0 0 0 
3 1 0 0 0 3 1 0 1 1 2 3 2 0 3 3 1 4 0 3 0 1 0 0 2 0 2 1 2 2 1 3 2 3 3 1 3 3 2 3 1 3 2 3 2 0 2 0 3 2 3 1 0 2 1 1 1 0 1 1 2 3 3 2 1 3 2 3 3 1 1 1 3 0 1 3 0 1 1 4 1 2 0 1 3 4 1 1 2 0 3 3 2 3 2 4 3 0 3 3 0 0 0 0 0 0 0 0 0 0 
# knockout 25
2 1 0 0 1 3 1 0 1 1 2 2 2 0 3 3 0 4 1 3 0 1 1 2 0 0 1 1 2 2 2 3 2 3 3 1 3 3 3 3 2 3 2 3 2 0 2 0 3 2 3 2 0 2 1 1 1 0 1 1 2 3 3 2 1 3 2 3 2 1 1 1 3 0 1 3 0 2 1 3 1 2 0 1 4 3 1 1 2 0 4 3 2 4 2 3 3 0 3 3 0 0 0 0 0 0 0 0 0 0 
2 1 0 0 1 3 1 0 1 1 2 2 2 0 3 3 0 4 1 3 0 1 1 2 0 0 1 1 2 2 2 3 2 3 3 1 3 3 3 3 2 3 2 3 2 0 2 0 3 2 3 2 0 2 1 1 1 0 1 1 2 3 3 2 1 3 2 3 2 1 1 1 3 0 1 3 0 2 1 3 1 2 0 1 4 3 1 1 2 0 4 3 2 4 2 3 3 0 3 3 0 0 0 0 0 0 0 0 0 0 
# knockout 26
3 1 0 0 0 3 1 0 1 1 2 3 2 0 3 4 0 4 1 3 0 1 0 2 2 0 1 1 2 2 1 3 2 3 3 1 3 4 2 3 1 3 2 3 1 1 2 0 3 2 3 1 0 2 1 1 1 0 1 0 3 3 3 2 1 2 2 3 2 0 1 1 3 0 1 4 0 2 1 2 1 2 0 1 3 4 1 0 3 0 3 3 2 4 2 4 3 0 3 3 0 0 0 0 0 0 0 0 0 0 
3 1 0 0 0 3 1 0 1 1 2 3 2 0 3 4 0 4 1 3 0 1 0 2 2 0 1 1 2 2 1 3 2 3 3 1 3 4 2 3 1 3 2 3 1 1 2 0 3 2 3 1 0 2 1 1 1 0 1 0 3 3 3 2 1 2 2 3 2 0 1 1 3 0 1 4 0 2 1 2 1 2 0 1 3 4 1 0 3 0 3 3 2 4 2 4 3 0 3 3 0 0 0 0 0 0 0 0 0 0 
# knockout 27
3 1 0 0 1 3 2 0 1 1 2 3 2 0 3 4 0 4 1 2 0 1 0 2 2 0 0 1 2 2 1 4 2 3 3 1 3 3 2 3 1 3 2 3 3 0 2 0 3 2 3 1 0 2 1 1 1 0 0 0 2 3 2 2 1 3 2 2 2 2 1 1 3 0 1 3 0 2 1 3 1 1 0 1 3 4 1 0 3 0 4 3 2 4 2 3 3 0 3 3 0 0 0 0 0 0 0 0 0 0 
3 1 0 0 1 3 2 0 1 1 2 3 2 0 3 4 0 4 1 2 0 1 0 2 2 0 0 1 2 2 1 4 2 3 3 1 3 3 2 3 1 3 2 3 3 0 2 0 3 2 3 1 0 2 1 1 1 0 0 0 2 3 2 2 1 3 2 2 2 2 1 1 3 0 1 3 0 2 1 3 1 1 0 1 3 4 1 0 3 0 4 3 2 4 2 3 3 0 3 3 0 0 0 0 0 0 0 0 0 0 
# knockout 28
2 1 0 0 1 2 2 0 1 1 2 3 2 0 3 4 0 4 1 3 0 1 1 2 2 0 2 0 0 0 0 0 4 3 3 1 3 3 1 2 2 3 2 4 2 0 2 0 3 2 2 1 0 1 1 1 1 0 1 0 2 3 3 0 2 4 3 4 0 0 0 0 3 0 1 4 0 2 1 3 2 1 0 1 4 4 1 1 1 0 3 3 2 4 2 3 3 0 4 3 0 0 0 0 0 0 0 0 0 0 
2 1 0 0 1 2 2 0 1 1 2 3 2 0 3 4 0 4 1 3 0 1 1 2 2 0 2 0 0 0 0 0 4 3 3 1 3 3 1 2 2 3 2 4 2 0 2 0 3 2 2 1 0 1 1 1 1 0 1 0 2 3 3 0 2 4 3 4 0 0 0 0 3 0 1 4 0 2 1 3 2 1 0 1 4 4 1 1 1 0 3 3 2 4 2 3 3 0 4 3 0 0 0 0 0 0 0 0 0 0 
# knockout 29
3 1 0 0 1 3 1 0 1 1 2 4 2 0 2 4 0 4 1 4 0 1 0 2 2 0 2 1 0 2 1 3 2 3 3 1 3 3 2 3 1 3 1 3 2 0 2 0 3 2 3 2 0 2 1 1 1 0 1 0 2 3 3 3 1 3 2 4 2 1 1 1 3 0 1 4 0 2 2 3 1 2 0 2 2 4 1 1 2 0 3 3 2 4 2 3 3 0 3 3 0 0 0 0 0 0 0 0 0 0 
3 1 0 0 1 3 1 0 1 1 2 4 2 0 2 4 0 4 1 4 0 1 0 2 2 0 2 1 0 2 1 3 2 3 3 1 3 3 2 3 1 3 1 3 2 0 2 0 3 2 3 2 0 2 1 1 1 0 1 0 2 3 3 3 1 3 2 4 2 1 1 1 3 0 1 4 0 2 2 3 1 2 0 2 2 4 1 1 2 0 3 3 2 4 2 3 3 0 3 3 0 0 0 0 0 0 0 0 0 0 
# knockout 30
3 1 0 0 1 3 1 0 1 1 2 3 2 0 3 4 0 4 1 3 0 1 0 2 3 0 2 1 2 0 1 3 3 3 3 2 3 3 3 3 1 3 1 3 2 0 2 0 3 2 3 1 0 2 1 1 1 0 1 0 2 3 3 2 1 3 1 3 2 1 1 1 3 0 1 3 0 1 1 3 1 2 0 1 3 4 2 0 2 0 3 3 2 4 2 3 3 0 3 3 0 0 0 0 0 0 0 0 0 0 
3 1 0 0 1 3 1 0 1 1 2 3 2 0 3 4 0 4 1 3 0 1 0 2 3 0 2 1 2 0 1 3 3 3 3 2 3 3 3 3 1 3 1 3 2 0 2 0 3 2 3 1 0 2 1 1 1 0 1 0 2 3 3 2 1 3 1 3 2 1 1 1 3 0 1 3 0 1 1 3 1 2 0 1 3 4 2 0 2 0 3 3 2 4 2 3 3 0 3 3 0 0 0 0 0 0 0 0 0 0 
# knockout 31
3 0 0 0 1 1 1 0 0 1 0 3 2 0 4 4 0 4 1 2 0 2 0 2 3 0 3 1 3 2 0 3 2 4 3 2 3 2 1 3 0 2 2 3 2 0 2 0 4 2 3 1 0 2 1 0 1 1 1 0 2 3 3 0 2 3 3 3 0 1 0 0 3 0 1 3 0 2 1 3 1 2 0 1 4 4 2 0 1 0 3 3 2 4 3 3 3 0 3 3 0 0 0 0 0 0 0 0 0 0 
3 0 0 0 1 1 1 0 0 1 0 3 2 0 4 4 0 4 1 2 0 2 0 2 3 0 3 1 3 2 0 3 2 4 3 2 3 2 1 3 0 2 2 3 2 0 2 0 4 2 3 1 0 2 1 0 1 1 1 0 2 3 3 0 2 3 3 3 0 1 0 0 3 0 1 3 0 2 1 3 1 2 0 1 4 4 2 0 1 0 3 3 2 4 3 3 3 0 3 3 0 0 0 0 0 0 0 0 0 0 
# knockout 32
3 1 0 0 1 3 1 0 1 1 2 3 1 0 3 3 0 4 1 2 0 1 0 2 2 0 2 1 2 2 2 0 3 4 3 1 3 3 2 3 1 3 2 3 2 0 2 0 2 2 3 1 0 2 1 0 0 0 1 0 2 3 3 2 1 3 3 4 2 2 1 1 3 0 1 3 0 2 1 3 2 1 0 1 3 4 1 1 2 0 3 3 2 4 2 3 2 0 3 3 0 0 0 0 0 0 0 0 0 0 
3 1 0 0 1 3 1 0 1 1 2 3 1 0 3 3 0 4 1 2 0 1 0 2 2 0 2 1 2 2 2 0 3 4 3 1 3 3 2 3 1 3 2 3 2 0 2 0 2 2 3 1 0 2 1 0 0 0 1 0 2 3 3 2 1 3 3 4 2 2 1 1 3 0 1 3 0 2 1 3 2 1 0 1 3 4 1 1 2 0 3 3 2 4 2 3 2 0 3 3 0 0 0 0 0 0 0 0 0 0 
# knockout 33
3 0 0 0 1 3 1 0 1 0 0 3 2 0 3 4 0 3 1 3 0 1 0 3 2 1 2 1 2 2 1 2 0 3 3 1 3 2 2 3 1 3 2 3 3 0 2 0 3 1 3 2 0 2 1 2 1 0 1 0 3 3 3 2 2 2 2 2 2 1 1 0 3 0 1 3 0 2 2 3 2 2 0 1 4 4 2 0 1 0 3 3 2 4 1 3 3 0 3 3 0 0 0 0 0 0 0 0 0 0 
3 0 0 0 1 3 1 0 1 0 0 3 2 0 3 4 0 3 1 3 0 1 0 3 2 1 2 1 2 2 1 2 0 3 3 1 3 2 2 3 1 3 2 3 3 0 2 0 3 1 3 2 0 2 1 2 1 0 1 0 3 3 3 2 2 2 2 2 2 1 1 0 3 0 1 3 0 2 2 3 2 2 0 1 4 4 2 0 1 0 3 3 2 4 1 3 3 0 3 3 0 0 0 0 0 0 0 0 0 0 
# knockout 34
3 2 1 0 1 3 1 0 1 1 2 3 2 0 3 3 0 4 1 3 0 1 0 2 2 0 2 1 2 2 1 3 2 0 4 1 4 3 2 3 1 3 1 3 2 0 2 0 3 2 3 2 0 3 1 0 1 0 1 0 2 3 3 2 1 3 3 4 2 1 1 0 3 0 1 3 0 2 1 3 1 2 0 1 4 4 1 1 2 0 3 3 2 4 2 3 3 0 3 3 0 0 0 0 0 0 0 0 0 0 
3 2 1 0 1 3 1 0 1 1 2 3 2 0 3 3 0 4 1 3 0 1 0 2 2 0 2 1 2 2 1 3 2 0 4 1 4 3 2 3 1 3 1 3 2 0 2 0 3 2 3 2 0 3 1 0 1 0 1 0 2 3 3 2 1 3 3 4 2 1 1 0 3 0 1 3 0 2 1 3 1 2 0 1 4 4 1 1 2 0 3 3 2 4 2 3 3 0 3 3 0 0 0 0 0 0 0 0 0 0 
# knockout 35
3 1 0 0 1 3 1 0 0 1 2 3 2 0 3 4 0 4 1 0 0 1 0 2 2 0 2 1 2 2 1 3 3 4 0 1 0 4 2 3 1 3 2 2 2 0 2 0 3 2 3 1 1 2 1 1 1 0 0 0 2 3 4 2 1 3 2 3 2 2 1 1 3 0 1 3 0 2 1 3 1 2 0 1 3 4 1 1 2 0 3 3 2 4 2 3 3 0 3 3 0 0 0 0 0 0 0 0 0 0 
3 1 0 0 1 3 1 0 0 1 2 3 2 0 3 4 0 4 1 0 0 1 0 2 2 0 2 1 2 2 1 3 3 4 0 1 0 4 2 3 1 3 2 2 2 0 2 0 3 2 3 1 1 2 1 1 1 0 0 0 2 3 4 2 1 3 2 3 2 2 1 1 3 0 1 3 0 2 1 3 1 2 0 1 3 4 1 1 2 0 3 3 2 4 2 3 3 0 3 3 0 0 0 0 0 0 0 0 0 0 
# knockout 36
3 0 0 0 0 3 1 0 1 1 2 3 2 1 3 3 0 4 1 3 0 1 0 2 3 0 2 1 2 2 1 3 2 3 3 0 3 4 1 3 1 3 2 3 2 0 2 0 3 2 3 1 0 2 1 1 1 0 1 0 2 4 3 2 1 3 3 3 2 1 1 0 3 0 1 3 0 2 2 3 1 2 0 1 3 4 1 1 2 0 3 3 2 4 3 3 3 0 3 3 0 0 0 0 0 0 0 0 0 0 
3 0 0 0 0 3 1 0 1 1 2 3 2 1 3 3 0 4 1 3 0 1 0 2 3 0 2 1 2 2 1 3 2 3 3 0 3 4 1 3 1 3 2 3 2 0 2 0 3 2 3 1 0 2 1 1 1 0 1 0 2 4 3 2 1 3 3 3 2 1 1 0 3 0 1 3 0 2 2 3 1 2 0 1 3 4 1 1 2 0 3 3 2 4 3 3 3 0 3 3 0 0 0 0 0 0 0 0 0 0 
# knockout 37
3 1 0 0 1 3 1 0 1 1 3 3 2 0 3 4 0 4 1 4 0 1 0 3 2 0 2 1 2 2 1 3 2 3 3 1 0 4 2 3 1 3 2 3 2 0 2 0 3 2 3 1 0 2 1 1 1 0 1 0 2 3 3 1 1 3 2 3 3 1 1 1 3 0 1 3 0 2 2 3 1 2 0 1 4 4 2 1 2 0 3 4 2 4 2 3 3 0 4 3 0 0 0 0 0 0 0 0 0 0 
3 1 0 0 1 3 1 0 1 1 3 3 2 0 3 4 0 4 1 4 0 1 0 3 2 0 2 1 2 2 1 3 2 3 3 1 0 4 2 3 1 3 2 3 2 0 2 0 3 2 3 1 0 2 1 1 1 0 1 0 2 3 3 1 1 3 2 3 3 1 1 1 3 0 1 3 0 2 2 3 1 2 0 1 4 4 2 1 2 0 3 4 2 4 2 3 3 0 4 3 0 0 0 0 0 0 0 0 0 0 
# knockout 38
3 2 0 0 0 0 1 0 0 1 2 3 4 3 1 4 0 3 2 0 0 1 0 4 1 4 3 2 2 3 1 3 2 3 4 3 3 0 0 0 3 1 0 0 2 4 1 4 3 2 0 4 4 0 4 4 4 0 0 0 4 2 2 1 1 3 0 2 2 1 1 1 3 0 1 4 0 1 1 3 1 1 0 0 4 4 3 0 2 0 3 3 2 4 0 3 3 0 3 3 0 0 0 0 0 0 0 0 0 0 
3 2 0 0 0 0 1 0 0 1 2 3 4 3 1 4 0 3 2 0 0 1 0 4 1 4 3 2 2 3 1 3 2 3 4 3 3 0 0 0 3 1 0 0 2 4 1 4 3 2 0 4 4 0 4 4 4 0 0 0 4 2 2 1 1 3 0 2 2 1 1 1 3 0 1 4 0 1 1 3 1 1 0 0 4 4 3 0 2 0 3 3 2 4 0 3 3 0 3 3 0 0 0 0 0 0 0 0 0 0 
# knockout 39
3 1 0 0 1 3 1 0 1 1 2 4 2 1 3 4 0 3 1 3 0 1 0 2 2 0 2 1 2 2 1 3 2 3 3 2 3 4 0 2 1 3 2 3 3 0 2 0 3 2 3 1 0 2 1 1 1 0 1 0 2 3 3 2 1 2 3 2 2 1 1 1 3 0 1 3 0 2 1 3 0 2 0 2 3 4 1 1 2 0 3 3 2 4 2 4 3 0 4 3 0 0 0 0 0 0 0 0 0 0 
3 1 0 0 1 3 1 0 1 1 2 4 2 1 3 4 0 3 1 3 0 1 0 2 2 0 2 1 2 2 1 3 2 3 3 2 3 4 0 2 1 3 2 3 3 0 2 0 3 2 3 1 0 2 1 1 1 0 1 0 2 3 3 2 1 2 3 2 2 1 1 1 3 0 1 3 0 2 1 3 0 2 0 2 3 4 1 1 2 0 3 3 2 4 2 4 3 0 4 3 0 0 0 0 0 0 0 0 0 0 
# knockout 40
2 1 0 0 1 2 1 0 1 1 2 3 3 3 3 4 0 3 3 2 0 1 0 2 2 3 3 1 2 2 1 3 2 3 3 2 3 4 1 0 1 3 2 3 2 2 1 0 3 2 0 4 4 0 4 4 4 0 0 0 4 2 3 1 0 3 0 2 2 0 1 1 3 0 1 3 0 1 1 3 1 1 0 1 2 4 3 0 2 0 3 4 2 4 0 3 3 0 3 3 0 0 0 0 0 0 0 0 0 0 
2 1 0 0 1 2 1 0 1 1 2 3 3 3 3 4 0 3 3 2 0 1 0 2 2 3 3 1 2 2 1 3 2 3 3 2 3 4 1 0 1 3 2 3 2 2 1 0 3 2 0 4 4 0 4 4 4 0 0 0 4 2 3 1 0 3 0 2 2 0 1 1 3 0 1 3 0 1 1 3 1 1 0 1 2 4 3 0 2 0 3 4 2 4 0 3 3 0 3 3 0 0 0 0 0 0 0 0 0 0 
# knockout 41
3 1 0 0 1 3 1 0 2 1 3 3 2 0 3 4 0 4 1 3 0 2 1 2 3 0 2 1 2 2 2 2 2 3 3 1 3 3 3 3 0 3 2 3 2 0 2 0 3 1 3 1 0 2 1 1 1 0 1 1 2 3 4 2 1 3 2 3 2 1 1 1 3 0 1 4 0 2 1 3 1 2 0 1 3 4 2 1 2 0 3 3 2 4 2 3 3 0 4 3 0 0 0 0 0 0 0 0 0 0 
3 1 0 0 1 3 1 0 2 1 3 3 2 0 3 4 0 4 1 3 0 2 1 2 3 0 2 1 2 2 2 2 2 3 3 1 3 3 3 3 0 3 2 3 2 0 2 0 3 1 3 1 0 2 1 1 1 0 1 1 2 3 4 2 1 3 2 3 2 1 1 1 3 0 1 4 0 2 1 3 1 2 0 1 3 4 2 1 2 0 3 3 2 4 2 3 3 0 4 3 0 0 0 0 0 0 0 0 0 0 
# knockout 42
3 1 0 0 1 3 1 0 1 1 2 3 2 0 3 4 0 4 1 3 0 1 0 2 4 0 2 1 2 2 1 3 2 3 3 1 3 3 2 3 0 0 2 3 2 0 2 0 3 2 3 1 0 2 1 1 1 0 1 0 2 3 3 2 1 3 2 3 2 1 1 1 3 0 1 3 0 2 1 3 1 2 0 1 4 4 1 0 4 0 3 3 2 4 2 3 3 0 3 3 0 0 0 0 0 0 0 0 0 0 
3 1 0 0 1 3 1 0 1 1 2 3 2 0 3 4 0 4 1 3 0 1 0 2 4 0 2 1 2 2 1 3 2 3 3 1 3 3 2 3 0 0 2 3 2 0 2 0 3 2 3 1 0 2 1 1 1 0 1 0 2 3 3 2 1 3 2 3 2 1 1 1 3 0 1 3 0 2 1 3 1 2 0 1 4 4 1 0 4 0 3 3 2 4 2 3 3 0 3 3 0 0 0 0 0 0 0 0 0 0 
# knockout 43
3 1 0 0 1 3 2 0 0 1 1 4 2 0 3 4 0 4 1 3 0 1 0 2 2 0 2 1 2 2 1 3 2 3 3 1 3 3 2 3 1 3 0 4 2 0 2 0 3 2 3 2 0 2 1 1 1 0 1 1 2 3 4 2 1 4 2 3 2 1 1 1 2 0 1 2 0 2 1 3 2 2 0 1 3 4 1 1 2 0 3 3 2 4 2 3 3 0 3 3 0 0 0 0 0 0 0 0 0 0 
3 1 0 0 1 3 2 0 0 1 1 4 2 0 3 4 0 4 1 3 0 1 0 2 2 0 2 1 2 2 1 3 2 3 3 1 3 3 2 3 1 3 0 4 2 0 2 0 3 2 3 2 0 2 1 1 1 0 1 1 2 3 4 2 1 4 2 3 2 1 1 1 2 0 1 2 0 2 1 3 2 2 0 1 3 4 1 1 2 0 3 3 2 4 2 3 3 0 3 3 0 0 0 0 0 0 0 0 0 0 
# knockout 44
2 1 0 0 1 3 1 0 1 1 2 3 2 0 3 3 0 3 1 3 0 1 0 2 2 0 2 1 2 2 1 2 2 3 3 1 3 3 2 2 1 3 2 0 2 0 2 0 3 2 3 1 0 2 1 1 1 0 1 0 2 3 3 2 1 3 2 3 2 1 1 1 3 0 1 3 0 2 1 3 1 2 0 2 3 4 1 1 4 0 3 3 2 4 3 3 3 0 4 3 0 0 0 0 0 0 0 0 0 0 
2 1 0 0 1 3 1 0 1 1 2 3 2 0 3 3 0 3 1 3 0 1 0 2 2 0 2 1 2 2 1 2 2 3 3 1 3 3 2 2 1 3 2 0 2 0 2 0 3 2 3 1 0 2 1 1 1 0 1 0 2 3 3 2 1 3 2 3 2 1 1 1 3 0 1 3 0 2 1 3 1 2 0 2 3 4 1 1 4 0 3 3 2 4 3 3 3 0 4 3 0 0 0 0 0 0 0 0 0 0 
# knockout 45
3 1 0 0 1 3 1 0 1 4 3 3 2 0 3 3 0 4 1 3 0 1 1 2 2 0 2 1 2 2 0 2 2 3 3 4 3 3 2 3 1 3 2 2 0 2 2 0 4 2 3 1 0 2 1 4 1 0 1 0 2 3 2 1 1 3 0 3 2 1 1 1 3 0 1 3 0 0 0 3 1 1 0 0 4 4 2 0 2 4 0 3 2 4 0 3 3 0 3 3 0 0 0 0 0 0 0 0 0 0 
3 1 0 0 1 3 1 0 1 4 3 3 2 0 3 3 0 4 1 3 0 1 1 2 2 0 2 1 2 2 0 2 2 3 3 4 3 3 2 3 1 3 2 2 0 2 2 0 4 2 3 1 0 2 1 4 1 0 1 0 2 3 2 1 1 3 0 3 2 1 1 1 3 0 1 3 0 0 0 3 1 1 0 0 4 4 2 0 2 4 0 3 2 4 0 3 3 0 3 3 0 0 0 0 0 0 0 0 0 0 
# knockout 46
3 1 0 1 1 3 1 0 2 1 2 3 2 0 3 4 0 4 1 2 3 1 0 1 4 0 2 1 2 3 1 3 2 3 3 2 3 3 2 3 1 3 2 3 2 0 2 0 3 2 3 1 0 2 1 1 1 0 1 0 2 4 4 2 1 3 2 3 2 1 1 1 4 1 1 3 0 2 1 2 1 2 0 1 3 4 2 0 2 0 3 2 2 4 2 3 3 0 3 3 0 0 0 0 0 0 0 0 0 0 
3 1 0 1 1 3 1 0 2 1 2 3 2 0 3 4 0 4 1 2 3 1 0 1 4 0 2 1 2 3 1 3 2 3 3 2 3 3 2 3 1 3 2 3 2 0 2 0 3 2 3 1 0 2 1 1 1 0 1 0 2 4 4 2 1 3 2 3 2 1 1 1 4 1 1 3 0 2 1 2 1 2 0 1 3 4 2 0 2 0 3 2 2 4 2 3 3 0 3 3 0 0 0 0 0 0 0 0 0 0 
# knockout 47
2 0 0 0 1 3 2 0 1 1 1 4 2 0 2 4 1 4 1 3 0 1 0 2 3 0 2 1 2 2 1 4 2 3 3 1 3 4 2 3 1 3 2 3 2 0 0 0 3 2 3 2 0 2 2 0 1 0 1 0 2 3 3 2 1 3 1 3 2 1 1 1 3 0 1 3 0 1 1 3 1 2 0 1 3 4 1 0 2 0 4 3 2 4 2 2 3 0 3 3 0 0 0 0 0 0 0 0 0 0 
2 0 0 0 1 3 2 0 1 1 1 4 2 0 2 4 1 4 1 3 0 1 0 2 3 0 2 1 2 2 1 4 2 3 3 1 3 4 2 3 1 3 2 3 2 0 0 0 3 2 3 2 0 2 2 0 1 0 1 0 2 3 3 2 1 3 1 3 2 1 1 1 3 0 1 3 0 1 1 3 1 2 0 1 3 4 1 0 2 0 4 3 2 4 2 2 3 0 3 3 0 0 0 0 0 0 0 0 0 0 
# knockout 48
3 0 0 0 1 3 1 0 1 1 2 3 2 1 3 4 0 4 1 3 0 2 0 2 2 0 2 1 2 2 1 3 2 3 4 1 3 3 2 3 1 3 2 3 3 1 2 0 3 2 3 1 0 2 1 1 1 0 1 0 2 4 3 2 1 3 2 3 2 1 1 1 3 0 1 3 0 2 1 3 1 2 0 1 2 4 1 1 2 0 3 3 2 4 1 4 3 0 3 2 0 0 0 0 0 0 0 0 0 0 
3 0 0 0 1 3 1 0 1 1 2 3 2 1 3 4 0 4 1 3 0 2 0 2 2 0 2 1 2 2 1 3 2 3 4 1 3 3 2 3 1 3 2 3 3 1 2 0 3 2 3 1 0 2 1 1 1 0 1 0 2 4 3 2 1 3 2 3 2 1 1 1 3 0 1 3 0 2 1 3 1 2 0 1 2 4 1 1 2 0 3 3 2 4 1 4 3 0 3 2 0 0 0 0 0 0 0 0 0 0 
# knockout 49
3 1 0 0 1 3 1 0 1 1 3 3 1 0 3 3 0 4 1 3 0 2 0 2 2 0 2 1 2 2 1 3 2 3 4 2 4 3 2 3 1 3 2 3 3 0 2 0 0 3 3 1 0 2 1 1 1 0 1 0 1 3 3 2 1 3 3 3 2 2 1 1 3 0 1 3 0 2 1 3 1 2 0 1 3 4 1 1 2 0 3 3 2 4 2 4 3 0 3 3 0 0 0 0 0 0 0 0 0 0 
3 1 0 0 1 3 1 0 1 1 3 3 1 0 3 3 0 4 1 3 0 2 0 2 2 0 2 1 2 2 1 3 2 3 4 2 4 3 2 3 1 3 2 3 3 0 2 0 0 3 3 1 0 2 1 1 1 0 1 0 1 3 3 2 1 3 3 3 2 2 1 1 3 0 1 3 0 2 1 3 1 2 0 1 3 4 1 1 2 0 3 3 2 4 2 4 3 0 3 3 0 0 0 0 0 0 0 0 0 0 
# knockout 50
2 1 0 0 1 4 1 0 1 1 2 4 2 0 3 4 0 4 1 3 0 1 0 2 2 0 2 2 1 2 1 3 2 3 3 1 3 4 2 4 0 3 2 3 2 0 2 0 3 0 3 1 0 2 1 1 1 0 1 0 2 3 3 2 1 4 2 3 2 1 1 1 3 0 1 3 0 2 1 3 2 3 0 1 3 4 1 1 2 0 3 3 2 4 2 4 3 0 3 3 0 0 0 0 0 0 0 0 0 0 
2 1 0 0 1 4 1 0 1 1 2 4 2 0 3 4 0 4 1 3 0 1 0 2 2 0 2 2 1 2 1 3 2 3 3 1 3 4 2 4 0 3 2 3 2 0 2 0 3 0 3 1 0 2 1 1 1 0 1 0 2 3 3 2 1 4 2 3 2 1 1 1 3 0 1 3 0 2 1 3 2 3 0 1 3 4 1 1 2 0 3 3 2 4 2 4 3 0 3 3 0 0 0 0 0 0 0 0 0 0 
# knockout 51
3 0 0 0 1 3 1 0 1 1 2 3 2 0 4 3 0 4 1 3 0 1 0 1 2 0 2 2 2 2 1 3 3 3 3 1 3 3 2 3 1 3 2 3 2 0 2 0 3 2 0 1 0 1 0 0 1 0 1 1 2 2 3 2 1 3 2 3 2 1 1 0 3 0 1 3 0 2 1 3 1 2 0 1 3 4 1 1 2 0 4 3 2 4 2 3 3 0 3 3 0 0 0 0 0 0 0 0 0 0 
3 0 0 0 1 3 1 0 1 1 2 3 2 0 4 3 0 4 1 3 0 1 0 1 2 0 2 2 2 2 1 3 3 3 3 1 3 3 2 3 1 3 2 3 2 0 2 0 3 2 0 1 0 1 0 0 1 0 1 1 2 2 3 2 1 3 2 3 2 1 1 0 3 0 1 3 0 2 1 3 1 2 0 1 3 4 1 1 2 0 4 3 2 4 2 3 3 0 3 3 0 0 0 0 0 0 0 0 0 0 
# knockout 52
3 1 0 0 1 3 1 0 0 1 2 3 0 0 4 0 4 4 0 3 1 1 0 2 3 3 4 1 3 2 1 3 2 3 3 4 3 3 2 0 1 3 2 2 2 3 2 0 3 2 0 0 3 0 3 4 4 0 0 0 4 2 2 2 1 4 0 4 4 4 1 1 3 0 1 4 0 1 1 3 1 0 0 1 2 4 4 0 2 0 3 3 2 4 0 3 3 0 3 3 0 0 0 0 0 0 0 0 0 0 
3 1 0 0 1 3 1 0 0 1 2 3 0 0 4 0 4 4 0 3 1 1 0 2 3 3 4 1 3 2 1 3 2 3 3 4 3 3 2 0 1 3 2 2 2 3 2 0 3 2 0 0 3 0 3 4 4 0 0 0 4 2 2 2 1 4 0 4 4 4 1 1 3 0 1 4 0 1 1 3 1 0 0 1 2 4 4 0 2 0 3 3 2 4 0 3 3 0 3 3 0 0 0 0 0 0 0 0 0 0 
# knockout 53
3 1 1 0 1 3 1 0 1 1 2 3 2 0 3 3 1 4 1 2 0 1 0 2 2 0 2 1 2 2 1 3 2 2 3 2 3 4 2 3 1 3 2 3 2 0 2 0 2 2 3 1 0 2 1 1 1 0 1 0 2 3 4 2 1 3 2 3 2 1 1 1 3 0 1 4 0 2 1 2 1 2 0 1 3 4 1 1 2 0 4 4 2 4 2 3 3 0 3 3 0 0 0 0 0 0 0 0 0 0 
3 1 1 0 1 3 1 0 1 1 2 3 2 0 3 3 1 4 1 2 0 1 0 2 2 0 2 1 2 2 1 3 2 2 3 2 3 4 2 3 1 3 2 3 2 0 2 0 2 2 3 1 0 2 1 1 1 0 1 0 2 3 4 2 1 3 2 3 2 1 1 1 3 0 1 4 0 2 1 2 1 2 0 1 3 4 1 1 2 0 4 4 2 4 2 3 3 0 3 3 0 0 0 0 0 0 0 0 0 0 
# knockout 54
3 1 0 0 0 3 1 0 1 1 2 3 2 0 3 4 0 4 1 2 0 1 0 2 2 0 2 1 2 2 1 3 2 3 3 1 4 3 2 3 1 3 2 3 2 0 2 0 3 2 3 1 0 0 1 1 0 0 1 0 2 4 3 2 1 3 2 3 2 0 1 0 3 0 1 3 0 2 1 3 1 2 0 1 3 4 1 1 2 0 4 3 2 4 2 3 3 0 3 3 0 0 0 0 0 0 0 0 0 0 
3 1 0 0 0 3 1 0 1 1 2 3 2 0 3 4 0 4 1 2 0 1 0 2 2 0 2 1 2 2 1 3 2 3 3 1 4 3 2 3 1 3 2 3 2 0 2 0 3 2 3 1 0 0 1 1 0 0 1 0 2 4 3 2 1 3 2 3 2 0 1 0 3 0 1 3 0 2 1 3 1 2 0 1 3 4 1 1 2 0 4 3 2 4 2 3 3 0 3 3 0 0 0 0 0 0 0 0 0 0 
# knockout 55
3 1 0 0 0 3 1 0 1 1 2 3 1 0 3 3 0 4 1 4 0 2 0 1 2 0 1 1 2 2 1 3 2 3 3 1 3 3 2 3 1 3 2 3 2 0 2 0 3 2 2 1 0 2 0 1 1 0 1 0 2 2 3 2 1 3 2 3 2 3 1 1 3 0 1 3 0 2 1 3 1 2 0 1 3 4 2 1 2 0 4 2 2 4 2 3 3 0 4 3 0 0 0 0 0 0 0 0 0 0 
3 1 0 0 0 3 1 0 1 1 2 3 1 0 3 3 0 4 1 4 0 2 0 1 2 0 1 1 2 2 1 3 2 3 3 1 3 3 2 3 1 3 2 3 2 0 2 0 3 2 2 1 0 2 0 1 1 0 1 0 2 2 3 2 1 3 2 3 2 3 1 1 3 0 1 3 0 2 1 3 1 2 0 1 3 4 2 1 2 0 4 2 2 4 2 3 3 0 4 3 0 0 0 0 0 0 0 0 0 0 
# knockout 56
3 1 0 0 1 3 1 0 1 1 2 4 3 2 3 4 0 2 3 3 0 2 0 2 3 0 2 2 2 1 1 4 2 2 3 1 3 3 2 4 1 3 2 3 3 0 3 0 3 2 3 3 2 3 1 0 0 0 1 1 1 4 3 1 0 3 3 3 2 0 1 0 2 1 1 0 4 4 3 3 2 4 0 1 4 4 0 1 2 0 3 3 3 4 4 3 3 0 3 3 0 0 0 0 0 0 0 0 0 0 
3 1 0 0 1 3 1 0 1 1 2 4 3 2 3 4 0 2 3 3 0 2 0 2 3 0 2 2 2 1 1 4 2 2 3 1 3 3 2 4 1 3 2 3 3 0 3 0 3 2 3 3 2 3 1 0 0 0 1 1 1 4 3 1 0 3 3 3 2 0 1 0 2 1 1 0 4 4 3 3 2 4 0 1 4 4 0 1 2 0 3 3 3 4 4 3 3 0 3 3 0 0 0 0 0 0 0 0 0 0 
# knockout 57
3 1 0 0 1 3 1 0 1 2 2 3 2 0 3 4 0 4 1 3 0 2 0 2 2 0 2 1 2 2 1 3 2 3 3 2 3 4 2 3 1 3 2 2 3 0 2 0 3 1 3 2 0 2 1 1 0 0 1 0 2 2 3 3 1 4 2 3 2 1 1 1 3 0 1 4 0 2 1 2 2 2 0 1 4 4 2 0 3 0 3 3 2 4 1 3 3 0 3 3 0 0 0 0 0 0 0 0 0 0 
3 1 0 0 1 3 1 0 1 2 2 3 2 0 3 4 0 4 1 3 0 2 0 2 2 0 2 1 2 2 1 3 2 3 3 2 3 4 2 3 1 3 2 2 3 0 2 0 3 1 3 2 0 2 1 1 0 0 1 0 2 2 3 3 1 4 2 3 2 1 1 1 3 0 1 4 0 2 1 2 2 2 0 1 4 4 2 0 3 0 3 3 2 4 1 3 3 0 3 3 0 0 0 0 0 0 0 0 0 0 
# knockout 58
3 1 0 0 1 3 1 0 1 1 2 3 2 0 3 4 0 4 1 3 0 2 1 2 2 0 2 1 2 2 1 3 2 3 3 1 3 3 2 3 1 3 1 2 2 0 2 0 3 2 3 1 0 2 0 0 1 0 1 0 2 4 3 2 1 3 2 3 2 1 1 0 3 0 1 3 0 2 1 3 1 2 0 1 3 4 2 1 2 0 3 3 2 4 2 3 3 0 3 3 0 0 0 0 0 0 0 0 0 0 
3 1 0 0 1 3 1 0 1 1 2 3 2 0 3 4 0 4 1 3 0 2 1 2 2 0 2 1 2 2 1 3 2 3 3 1 3 3 2 3 1 3 1 2 2 0 2 0 3 2 3 1 0 2 0 0 1 0 1 0 2 4 3 2 1 3 2 3 2 1 1 0 3 0 1 3 0 2 1 3 1 2 0 1 3 4 2 1 2 0 3 3 2 4 2 3 3 0 3 3 0 0 0 0 0 0 0 0 0 0 
# knockout 59
3 1 0 0 1 3 1 0 1 1 3 3 2 0 3 4 1 4 1 3 0 1 1 2 2 0 2 1 2 2 1 3 2 3 3 1 3 4 2 3 0 3 2 3 2 1 2 0 3 2 3 1 0 2 1 2 1 0 0 1 2 3 3 2 1 3 1 3 2 1 1 1 3 0 1 3 0 2 1 3 0 2 0 1 3 4 1 1 2 0 3 3 1 4 3 3 3 0 3 4 0 0 0 0 0 0 0 0 0 0 
3 1 0 0 1 3 1 0 1 1 3 3 2 0 3 4 1 4 1 3 0 1 1 2 2 0 2 1 2 2 1 3 2 3 3 1 3 4 2 3 0 3 2 3 2 1 2 0 3 2 3 1 0 2 1 2 1 0 0 1 2 3 3 2 1 3 1 3 2 1 1 1 3 0 1 3 0 2 1 3 0 2 0 1 3 4 1 1 2 0 3 3 1 4 3 3 3 0 3 4 0 0 0 0 0 0 0 0 0 0 
# knockout 60
3 1 0 0 1 3 1 0 1 1 2 3 2 0 3 4 0 4 1 3 0 2 0 2 2 0 2 1 2 2 1 3 2 3 3 1 3 4 2 3 1 3 2 3 2 0 2 0 4 3 3 1 0 2 1 1 1 0 1 0 2 3 3 1 1 3 2 4 2 1 1 1 3 0 1 3 0 2 1 3 1 2 0 1 3 4 1 1 2 0 3 3 2 4 2 3 3 0 3 3 0 0 0 0 0 0 0 0 0 0 
3 1 0 0 1 3 1 0 1 1 2 3 2 0 3 4 0 4 1 3 0 2 0 2 2 0 2 1 2 2 1 3 2 3 3 1 3 4 2 3 1 3 2 3 2 0 2 0 4 3 3 1 0 2 1 1 1 0 1 0 2 3 3 1 1 3 2 4 2 1 1 1 3 0 1 3 0 2 1 3 1 2 0 1 3 4 1 1 2 0 3 3 2 4 2 3 3 0 3 3 0 0 0 0 0 0 0 0 0 0 
# knockout 61
3 1 0 0 1 3 1 0 1 1 2 4 1 0 3 4 0 3 1 3 0 1 0 2 2 0 2 1 2 2 1 3 3 3 3 1 3 3 1 3 1 3 2 3 2 0 2 0 3 2 3 1 0 2 1 1 1 0 1 0 0 3 3 1 1 3 2 3 2 1 1 1 3 0 1 3 1 2 1 3 1 2 0 1 4 4 1 1 2 0 3 3 2 3 2 3 3 0 3 3 0 0 0 0 0 0 0 0 0 0 
3 1 0 0 1 3 1 0 1 1 2 4 1 0 3 4 0 3 1 3 0 1 0 2 2 0 2 1 2 2 1 3 3 3 3 1 3 3 1 3 1 3 2 3 2 0 2 0 3 2 3 1 0 2 1 1 1 0 1 0 0 3 3 1 1 3 2 3 2 1 1 1 3 0 1 3 1 2 1 3 1 2 0 1 4 4 1 1 2 0 3 3 2 3 2 3 3 0 3 3 0 0 0 0 0 0 0 0 0 0 
# knockout 62
3 1 0 0 1 3 1 0 1 1 2 3 1 0 3 4 0 4 1 3 1 1 0 2 2 0 2 1 2 2 1 3 1 3 3 2 3 4 2 3 1 3 2 3 2 0 2 0 3 2 3 1 0 2 0 1 1 0 1 0 2 0 4 1 2 3 2 3 2 1 1 1 3 0 1 3 0 2 1 2 1 2 0 2 3 4 1 1 4 0 3 3 2 4 2 3 3 0 4 3 0 0 0 0 0 0 0 0 0 0 
3 1 0 0 1 3 1 0 1 1 2 3 1 0 3 4 0 4 1 3 1 1 0 2 2 0 2 1 2 2 1 3 1 3 3 2 3 4 2 3 1 3 2 3 2 0 2 0 3 2 3 1 0 2 0 1 1 0 1 0 2 0 4 1 2 3 2 3 2 1 1 1 3 0 1 3 0 2 1 2 1 2 0 2 3 4 1 1 4 0 3 3 2 4 2 3 3 0 4 3 0 0 0 0 0 0 0 0 0 0 
# knockout 63
3 1 0 0 1 3 1 0 1 1 2 3 2 0 3 4 0 4 1 3 0 1 0 2 2 0 2 1 2 3 1 3 2 3 4 1 3 3 2 3 1 3 2 3 3 0 2 0 3 2 3 1 0 2 1 0 1 0 1 0 1 3 0 2 1 3 2 3 2 1 0 1 3 0 1 3 0 2 1 3 1 2 0 1 3 3 1 1 2 0 4 3 2 4 2 3 3 0 3 3 0 0 0 0 0 0 0 0 0 0 
3 1 0 0 1 3 1 0 1 1 2 3 2 0 3 4 0 4 1 3 0 1 0 2 2 0 2 1 2 3 1 3 2 3 4 1 3 3 2 3 1 3 2 3 3 0 2 0 3 2 3 1 0 2 1 0 1 0 1 0 1 3 0 2 1 3 2 3 2 1 0 1 3 0 1 3 0 2 1 3 1 2 0 1 3 3 1 1 2 0 4 3 2 4 2 3 3 0 3 3 0 0 0 0 0 0 0 0 0 0 
# knockout 64
2 1 0 0 1 1 1 0 1 4 1 3 2 0 3 3 0 4 1 3 0 1 3 2 2 0 2 2 2 2 2 3 2 3 3 1 3 2 1 3 1 3 2 3 3 0 2 0 3 2 3 2 0 2 1 1 1 0 1 0 2 3 3 0 4 4 2 3 2 0 1 1 3 0 1 4 0 2 1 3 0 3 0 1 2 4 1 1 2 0 3 3 2 4 2 3 3 0 3 3 0 0 0 0 0 0 0 0 0 0 
2 1 0 0 1 1 1 0 1 4 1 3 2 0 3 3 0 4 1 3 0 1 3 2 2 0 2 2 2 2 2 3 2 3 3 1 3 2 1 3 1 3 2 3 3 0 2 0 3 2 3 2 0 2 1 1 1 0 1 0 2 3 3 0 4 4 2 3 2 0 1 1 3 0 1 4 0 2 1 3 0 3 0 1 2 4 1 1 2 0 3 3 2 4 2 3 3 0 3 3 0 0 0 0 0 0 0 0 0 0 
# knockout 65
4 1 0 0 1 3 1 0 1 1 2 3 2 0 3 4 0 4 1 3 0 2 0 2 2 0 2 1 3 2 1 3 3 3 3 1 3 3 1 3 1 3 2 3 1 0 2 0 3 2 3 2 0 2 1 1 1 0 1 0 2 3 3 2 0 3 2 3 2 4 1 1 3 0 1 3 1 2 2 3 1 1 0 0 4 4 1 1 2 0 3 3 1 4 2 3 3 0 3 3 0 0 0 0 0 0 0 0 0 0 
4 1 0 0 1 3 1 0 1 1 2 3 2 0 3 4 0 4 1 3 0 2 0 2 2 0 2 1 3 2 1 3 3 3 3 1 3 3 1 3 1 3 2 3 1 0 2 0 3 2 3 2 0 2 1 1 1 0 1 0 2 3 3 2 0 3 2 3 2 4 1 1 3 0 1 3 1 2 2 3 1 1 0 0 4 4 1 1 2 0 3 3 1 4 2 3 3 0 3 3 0 0 0 0 0 0 0 0 0 0 
# knockout 66
2 1 0 0 1 3 1 0 1 1 1 4 2 0 3 4 0 4 1 2 0 1 0 2 2 0 2 1 2 2 1 3 2 3 3 1 3 3 2 3 1 3 2 3 2 0 2 0 3 2 3 1 0 2 1 1 1 0 1 0 2 4 3 2 1 0 2 3 2 1 1 1 3 0 1 4 0 2 2 3 1 2 0 1 3 4 1 1 2 0 3 3 2 4 2 3 3 0 3 3 0 0 0 0 0 0 0 0 0 0 
2 1 0 0 1 3 1 0 1 1 1 4 2 0 3 4 0 4 1 2 0 1 0 2 2 0 2 1 2 2 1 3 2 3 3 1 3 3 2 3 1 3 2 3 2 0 2 0 3 2 3 1 0 2 1 1 1 0 1 0 2 4 3 2 1 0 2 3 2 1 1 1 3 0 1 4 0 2 2 3 1 2 0 1 3 4 1 1 2 0 3 3 2 4 2 3 3 0 3 3 0 0 0 0 0 0 0 0 0 0 
# knockout 67
3 1 0 0 2 3 1 0 1 1 2 3 2 0 3 4 0 4 1 2 0 1 1 2 2 0 2 1 2 2 1 4 2 4 2 1 3 3 2 3 1 3 2 3 2 0 2 0 3 2 3 1 0 2 1 1 0 0 1 0 1 3 4 2 1 3 0 3 2 1 1 1 2 0 1 3 0 2 1 2 1 2 0 1 3 4 1 1 2 0 3 3 2 4 2 3 3 0 3 3 0 0 0 0 0 0 0 0 0 0 
3 1 0 0 2 3 1 0 1 1 2 3 2 0 3 4 0 4 1 2 0 1 1 2 2 0 2 1 2 2 1 4 2 4 2 1 3 3 2 3 1 3 2 3 2 0 2 0 3 2 3 1 0 2 1 1 0 0 1 0 1 3 4 2 1 3 0 3 2 1 1 1 2 0 1 3 0 2 1 2 1 2 0 1 3 4 1 1 2 0 3 3 2 4 2 3 3 0 3 3 0 0 0 0 0 0 0 0 0 0 
# knockout 68
3 1 0 0 1 3 1 0 0 1 1 3 2 0 3 4 0 4 1 3 0 1 0 2 2 0 1 1 2 2 1 2 2 3 3 2 3 3 2 4 1 3 2 3 2 0 2 0 3 2 2 1 0 3 1 1 1 0 1 0 2 3 4 3 1 2 2 0 3 2 1 1 3 0 1 3 0 2 1 3 1 2 0 2 3 4 2 1 3 0 3 3 2 4 2 4 3 0 3 3 0 0 0 0 0 0 0 0 0 0 
3 1 0 0 1 3 1 0 0 1 1 3 2 0 3 4 0 4 1 3 0 1 0 2 2 0 1 1 2 2 1 2 2 3 3 2 3 3 2 4 1 3 2 3 2 0 2 0 3 2 2 1 0 3 1 1 1 0 1 0 2 3 4 3 1 2 2 0 3 2 1 1 3 0 1 3 0 2 1 3 1 2 0 2 3 4 2 1 3 0 3 3 2 4 2 4 3 0 3 3 0 0 0 0 0 0 0 0 0 0 
# knockout 69
2 1 0 0 1 3 1 0 1 1 2 3 2 0 3 4 0 4 1 3 0 2 0 2 3 0 2 1 1 2 1 3 2 3 4 1 3 3 2 3 1 3 2 3 2 0 2 0 3 2 3 1 0 2 1 1 1 0 1 0 2 3 2 1 1 3 2 3 0 1 1 1 3 0 1 3 0 2 1 3 1 1 0 1 3 4 1 1 2 0 3 3 1 4 2 3 3 0 3 3 0 0 0 0 0 0 0 0 0 0 
2 1 0 0 1 3 1 0 1 1 2 3 2 0 3 4 0 4 1 3 0 2 0 2 3 0 2 1 1 2 1 3 2 3 4 1 3 3 2 3 1 3 2 3 2 0 2 0 3 2 3 1 0 2 1 1 1 0 1 0 2 3 2 1 1 3 2 3 0 1 1 1 3 0 1 3 0 2 1 3 1 1 0 1 3 4 1 1 2 0 3 3 1 4 2 3 3 0 3 3 0 0 0 0 0 0 0 0 0 0 
# knockout 70
3 1 0 0 0 3 1 0 1 1 2 3 2 0 3 4 0 4 2 3 0 2 0 2 2 0 2 1 2 3 1 3 2 3 3 1 3 3 2 3 1 3 2 3 2 0 2 0 3 2 3 1 0 2 1 1 1 0 1 1 2 3 3 2 2 2 2 3 3 0 1 1 3 0 1 3 0 2 1 2 1 2 0 1 3 4 1 0 2 0 3 3 1 4 2 3 3 0 3 3 0 0 0 0 0 0 0 0 0 0 
3 1 0 0 0 3 1 0 1 1 2 3 2 0 3 4 0 4 2 3 0 2 0 2 2 0 2 1 2 3 1 3 2 3 3 1 3 3 2 3 1 3 2 3 2 0 2 0 3 2 3 1 0 2 1 1 1 0 1 1 2 3 3 2 2 2 2 3 3 0 1 1 3 0 1 3 0 2 1 2 1 2 0 1 3 4 1 0 2 0 3 3 1 4 2 3 3 0 3 3 0 0 0 0 0 0 0 0 0 0 
# knockout 71
3 1 0 0 1 3 1 0 1 1 1 3 2 0 3 4 0 4 2 3 0 1 0 2 2 0 2 1 2 2 1 2 2 3 3 1 4 3 2 3 1 3 2 3 2 0 2 0 3 2 3 1 0 3 1 1 1 0 1 0 2 3 3 2 1 3 2 3 2 1 0 1 3 0 1 3 0 2 1 3 2 2 0 2 3 4 1 1 0 0 3 3 1 3 2 3 3 0 3 3 0 0 0 0 0 0 0 0 0 0 
3 1 0 0 1 3 1 0 1 1 1 3 2 0 3 4 0 4 2 3 0 1 0 2 2 0 2 1 2 2 1 2 2 3 3 1 4 3 2 3 1 3 2 3 2 0 2 0 3 2 3 1 0 3 1 1 1 0 1 0 2 3 3 2 1 3 2 3 2 1 0 1 3 0 1 3 0 2 1 3 2 2 0 2 3 4 1 1 0 0 3 3 1 3 2 3 3 0 3 3 0 0 0 0 0 0 0 0 0 0 
# knockout 72
3 1 0 0 1 3 1 0 1 1 2 3 2 0 3 3 0 4 1 3 0 1 0 2 2 0 2 1 2 2 1 3 2 3 3 1 3 3 2 3 1 3 2 3 2 0 2 0 3 2 3 2 0 2 0 1 1 0 1 0 2 3 3 2 1 2 2 4 2 1 1 0 3 0 1 3 0 2 2 3 1 2 0 1 3 4 1 1 2 0 3 3 2 4 2 4 3 0 3 3 0 0 0 0 0 0 0 0 0 0 
3 1 0 0 1 3 1 0 1 1 2 3 2 0 3 3 0 4 1 3 0 1 0 2 2 0 2 1 2 2 1 3 2 3 3 1 3 3 2 3 1 3 2 3 2 0 2 0 3 2 3 2 0 2 0 1 1 0 1 0 2 3 3 2 1 2 2 4 2 1 1 0 3 0 1 3 0 2 2 3 1 2 0 1 3 4 1 1 2 0 3 3 2 4 2 4 3 0 3 3 0 0 0 0 0 0 0 0 0 0 
# knockout 73
3 1 0 0 1 3 1 0 1 1 1 3 2 0 3 4 0 4 1 3 0 1 0 2 3 0 3 4 2 2 1 4 0 1 4 1 3 3 2 3 1 3 2 3 4 1 3 0 3 1 3 2 0 2 1 0 1 0 1 0 1 3 3 2 1 3 3 4 2 1 0 1 0 3 0 2 0 2 2 3 1 2 0 1 4 4 0 1 2 0 3 3 2 4 1 3 3 0 3 3 0 0 0 0 0 0 0 0 0 0 
3 1 0 0 1 3 1 0 1 1 1 3 2 0 3 4 0 4 1 3 0 1 0 2 3 0 3 4 2 2 1 4 0 1 4 1 3 3 2 3 1 3 2 3 4 1 3 0 3 1 3 2 0 2 1 0 1 0 1 0 1 3 3 2 1 3 3 4 2 1 0 1 0 3 0 2 0 2 2 3 1 2 0 1 4 4 0 1 2 0 3 3 2 4 1 3 3 0 3 3 0 0 0 0 0 0 0 0 0 0 
# knockout 74
3 1 0 0 1 3 2 0 1 1 2 3 3 0 4 4 0 4 1 2 0 2 0 2 2 0 2 1 2 2 1 3 2 3 2 1 3 3 2 3 1 3 2 3 2 0 3 0 3 1 3 1 0 2 1 1 1 0 1 0 2 4 3 2 1 3 3 3 2 1 1 0 3 0 1 3 0 2 1 2 1 2 0 1 3 4 1 1 2 0 3 3 1 4 2 3 3 0 3 3 0 0 0 0 0 0 0 0 0 0 
3 1 0 0 1 3 2 0 1 1 2 3 3 0 4 4 0 4 1 2 0 2 0 2 2 0 2 1 2 2 1 3 2 3 2 1 3 3 2 3 1 3 2 3 2 0 3 0 3 1 3 1 0 2 1 1 1 0 1 0 2 4 3 2 1 3 3 3 2 1 1 0 3 0 1 3 0 2 1 2 1 2 0 1 3 4 1 1 2 0 3 3 1 4 2 3 3 0 3 3 0 0 0 0 0 0 0 0 0 0 
# knockout 75
3 1 0 0 0 3 1 0 1 1 3 3 1 0 3 3 0 4 1 3 0 1 1 2 2 0 2 1 2 2 1 3 3 3 3 1 3 3 2 3 1 3 2 3 2 0 2 0 3 2 3 1 0 2 1 1 1 0 1 0 1 3 4 2 1 4 3 4 2 1 0 1 3 0 0 3 0 2 1 3 1 1 0 1 3 4 1 1 3 0 4 3 2 4 2 3 3 0 3 3 0 0 0 0 0 0 0 0 0 0 
3 1 0 0 0 3 1 0 1 1 3 3 1 0 3 3 0 4 1 3 0 1 1 2 2 0 2 1 2 2 1 3 3 3 3 1 3 3 2 3 1 3 2 3 2 0 2 0 3 2 3 1 0 2 1 1 1 0 1 0 1 3 4 2 1 4 3 4 2 1 0 1 3 0 0 3 0 2 1 3 1 1 0 1 3 4 1 1 3 0 4 3 2 4 2 3 3 0 3 3 0 0 0 0 0 0 0 0 0 0 
# knockout 76
4 1 0 0 0 3 1 0 1 1 2 3 3 3 3 4 0 3 4 3 3 1 0 2 2 0 2 2 2 2 1 3 2 3 4 0 4 3 2 3 1 3 2 3 2 0 2 0 3 2 3 4 1 2 0 0 0 0 1 2 1 3 3 1 1 3 4 3 2 0 1 1 2 1 1 0 4 4 4 3 2 3 0 1 4 4 1 1 2 0 3 3 2 4 4 3 3 0 4 3 0 0 0 0 0 0 0 0 0 0 
4 1 0 0 0 3 1 0 1 1 2 3 3 3 3 4 0 3 4 3 3 1 0 2 2 0 2 2 2 2 1 3 2 3 4 0 4 3 2 3 1 3 2 3 2 0 2 0 3 2 3 4 1 2 0 0 0 0 1 2 1 3 3 1 1 3 4 3 2 0 1 1 2 1 1 0 4 4 4 3 2 3 0 1 4 4 1 1 2 0 3 3 2 4 4 3 3 0 4 3 0 0 0 0 0 0 0 0 0 0 
# knockout 77
3 1 0 0 1 3 1 0 1 1 2 3 2 0 3 4 0 3 2 3 0 1 0 2 2 1 2 1 2 2 0 3 2 3 3 1 4 4 2 3 1 3 2 3 3 0 2 0 3 2 3 1 0 2 1 1 2 0 1 0 2 3 4 2 1 3 2 2 3 1 1 1 3 0 1 3 0 2 1 3 2 2 0 1 4 4 1 1 2 0 4 3 2 4 2 3 2 0 3 3 0 0 0 0 0 0 0 0 0 0 
3 1 0 0 1 3 1 0 1 1 2 3 2 0 3 4 0 3 2 3 0 1 0 2 2 1 2 1 2 2 0 3 2 3 3 1 4 4 2 3 1 3 2 3 3 0 2 0 3 2 3 1 0 2 1 1 2 0 1 0 2 3 4 2 1 3 2 2 3 1 1 1 3 0 1 3 0 2 1 3 2 2 0 1 4 4 1 1 2 0 4 3 2 4 2 3 2 0 3 3 0 0 0 0 0 0 0 0 0 0 
# knockout 78
3 1 0 0 1 3 1 0 1 1 2 3 2 0 2 3 0 4 1 1 0 2 0 2 2 1 2 2 2 2 1 3 2 3 4 1 3 3 2 3 1 3 2 3 2 4 2 0 3 2 3 1 0 2 1 1 1 0 1 0 2 2 2 2 1 3 2 4 2 1 1 1 3 0 1 3 0 0 1 3 1 0 0 0 2 4 1 1 1 0 3 3 1 4 0 3 3 0 3 3 0 0 0 0 0 0 0 0 0 0 
3 1 0 0 1 3 1 0 1 1 2 3 2 0 2 3 0 4 1 1 0 2 0 2 2 1 2 2 2 2 1 3 2 3 4 1 3 3 2 3 1 3 2 3 2 4 2 0 3 2 3 1 0 2 1 1 1 0 1 0 2 2 2 2 1 3 2 4 2 1 1 1 3 0 1 3 0 0 1 3 1 0 0 0 2 4 1 1 1 0 3 3 1 4 0 3 3 0 3 3 0 0 0 0 0 0 0 0 0 0 
# knockout 79
3 1 0 0 1 3 1 0 1 1 2 3 2 0 3 4 0 4 1 3 0 1 0 2 2 0 2 1 2 2 1 3 1 4 3 1 3 4 2 3 1 3 2 3 2 1 2 0 4 2 3 1 0 2 1 1 2 0 0 0 2 3 2 2 1 3 2 3 2 1 1 1 3 0 1 3 0 2 0 2 1 1 0 1 3 4 2 1 2 0 4 3 2 4 1 3 3 0 3 3 0 0 0 0 0 0 0 0 0 0 
3 1 0 0 1 3 1 0 1 1 2 3 2 0 3 4 0 4 1 3 0 1 0 2 2 0 2 1 2 2 1 3 1 4 3 1 3 4 2 3 1 3 2 3 2 1 2 0 4 2 3 1 0 2 1 1 2 0 0 0 2 3 2 2 1 3 2 3 2 1 1 1 3 0 1 3 0 2 0 2 1 1 0 1 3 4 2 1 2 0 4 3 2 4 1 3 3 0 3 3 0 0 0 0 0 0 0 0 0 0 
# knockout 80
3 1 0 0 1 3 0 0 2 1 1 3 2 0 3 4 0 4 1 3 0 1 0 2 2 0 2 2 1 2 1 3 1 3 4 1 3 3 2 4 1 3 2 3 2 0 2 0 3 2 3 2 1 2 1 1 1 0 1 0 2 3 4 3 1 3 4 3 2 1 1 1 3 0 1 3 0 2 1 0 1 1 0 1 3 4 1 1 2 0 3 4 2 4 2 3 2 0 3 3 0 0 0 0 0 0 0 0 0 0 
3 1 0 0 1 3 0 0 2 1 1 3 2 0 3 4 0 4 1 3 0 1 0 2 2 0 2 2 1 2 1 3 1 3 4 1 3 3 2 4 1 3 2 3 2 0 2 0 3 2 3 2 1 2 1 1 1 0 1 0 2 3 4 3 1 3 4 3 2 1 1 1 3 0 1 3 0 2 1 0 1 1 0 1 3 4 1 1 2 0 3 4 2 4 2 3 2 0 3 3 0 0 0 0 0 0 0 0 0 0 
# knockout 81
2 1 0 0 1 3 1 0 1 1 2 3 2 0 3 4 0 4 1 2 1 1 0 2 2 0 2 1 2 2 1 3 1 3 3 2 3 3 3 3 1 3 2 3 2 0 2 0 3 2 3 1 0 2 0 1 1 0 1 0 2 4 3 2 1 3 1 3 2 1 1 1 3 0 1 2 0 1 1 3 0 1 0 1 3 4 1 0 3 0 4 3 2 3 2 3 3 0 3 3 0 0 0 0 0 0 0 0 0 0 
2 1 0 0 1 3 1 0 1 1 2 3 2 0 3 4 0 4 1 2 1 1 0 2 2 0 2 1 2 2 1 3 1 3 3 2 3 3 3 3 1 3 2 3 2 0 2 0 3 2 3 1 0 2 0 1 1 0 1 0 2 4 3 2 1 3 1 3 2 1 1 1 3 0 1 2 0 1 1 3 0 1 0 1 3 4 1 0 3 0 4 3 2 3 2 3 3 0 3 3 0 0 0 0 0 0 0 0 0 0 
# knockout 82
3 1 0 0 1 3 1 0 1 1 2 3 2 1 3 4 0 4 1 0 0 2 0 2 3 0 2 1 2 4 1 3 2 3 3 1 3 3 2 3 1 3 2 3 2 4 2 0 3 2 3 2 0 2 1 1 1 0 2 0 3 2 2 2 1 2 3 3 2 1 0 1 3 0 1 3 0 2 1 2 1 0 0 0 2 4 1 1 2 0 3 4 2 4 0 3 4 0 4 3 0 0 0 0 0 0 0 0 0 0 
3 1 0 0 1 3 1 0 1 1 2 3 2 1 3 4 0 4 1 0 0 2 0 2 3 0 2 1 2 4 1 3 2 3 3 1 3 3 2 3 1 3 2 3 2 4 2 0 3 2 3 2 0 2 1 1 1 0 2 0 3 2 2 2 1 2 3 3 2 1 0 1 3 0 1 3 0 2 1 2 1 0 0 0 2 4 1 1 2 0 3 4 2 4 0 3 4 0 4 3 0 0 0 0 0 0 0 0 0 0 
# knockout 83
3 1 0 0 1 3 1 0 1 0 2 3 2 0 3 3 0 4 1 3 0 1 0 2 2 0 2 1 2 2 1 3 2 4 4 1 3 3 3 3 0 2 2 3 2 1 2 0 3 1 3 1 0 2 1 1 1 0 1 0 2 3 3 2 1 3 3 3 2 1 1 1 4 0 1 3 1 1 1 3 1 2 0 1 3 4 1 1 2 0 3 3 2 4 2 3 3 0 3 3 0 0 0 0 0 0 0 0 0 0 
3 1 0 0 1 3 1 0 1 0 2 3 2 0 3 3 0 4 1 3 0 1 0 2 2 0 2 1 2 2 1 3 2 4 4 1 3 3 3 3 0 2 2 3 2 1 2 0 3 1 3 1 0 2 1 1 1 0 1 0 2 3 3 2 1 3 3 3 2 1 1 1 4 0 1 3 1 1 1 3 1 2 0 1 3 4 1 1 2 0 3 3 2 4 2 3 3 0 3 3 0 0 0 0 0 0 0 0 0 0 
# knockout 84
3 1 0 0 0 3 1 0 1 0 3 3 2 0 3 4 0 4 1 2 0 1 0 1 2 0 2 1 2 2 1 3 3 3 3 2 3 3 2 3 1 3 2 3 3 0 2 0 4 2 3 1 0 2 1 1 1 0 1 0 2 3 3 2 0 3 2 2 2 1 1 1 3 0 1 4 0 2 1 3 1 1 0 0 3 4 2 0 2 0 3 3 2 4 2 3 3 0 3 4 0 0 0 0 0 0 0 0 0 0 
3 1 0 0 0 3 1 0 1 0 3 3 2 0 3 4 0 4 1 2 0 1 0 1 2 0 2 1 2 2 1 3 3 3 3 2 3 3 2 3 1 3 2 3 3 0 2 0 4 2 3 1 0 2 1 1 1 0 1 0 2 3 3 2 0 3 2 2 2 1 1 1 3 0 1 4 0 2 1 3 1 1 0 0 3 4 2 0 2 0 3 3 2 4 2 3 3 0 3 4 0 0 0 0 0 0 0 0 0 0 
# knockout 85
3 1 0 0 1 0 1 0 1 1 1 3 3 2 1 4 0 2 4 0 0 1 0 4 2 4 3 2 2 3 1 3 1 2 2 2 3 0 0 0 1 0 0 0 3 3 0 4 3 2 0 4 4 0 2 3 3 0 0 0 3 2 2 0 1 4 0 3 2 0 1 1 2 0 1 3 0 1 1 3 0 0 0 0 0 4 3 0 2 0 3 3 0 4 0 3 3 0 3 3 0 0 0 0 0 0 0 0 0 0 
3 1 0 0 1 0 1 0 1 1 1 3 3 2 1 4 0 2 4 0 0 1 0 4 2 4 3 2 2 3 1 3 1 2 2 2 3 0 0 0 1 0 0 0 3 3 0 4 3 2 0 4 4 0 2 3 3 0 0 0 3 2 2 0 1 4 0 3 2 0 1 1 2 0 1 3 0 1 1 3 0 0 0 0 0 4 3 0 2 0 3 3 0 4 0 3 3 0 3 3 0 0 0 0 0 0 0 0 0 0 
# knockout 86
3 1 0 0 1 3 1 0 1 1 1 3 2 0 4 3 0 4 1 3 0 2 0 2 2 0 2 1 3 2 1 3 2 3 3 1 3 3 2 3 1 3 2 3 3 0 2 0 3 2 3 2 0 3 1 1 1 0 1 0 2 3 3 2 1 3 2 3 2 1 2 1 3 0 1 3 0 2 2 2 1 2 0 1 3 0 2 0 3 0 3 3 2 4 2 3 4 0 3 3 0 0 0 0 0 0 0 0 0 0 
3 1 0 0 1 3 1 0 1 1 1 3 2 0 4 3 0 4 1 3 0 2 0 2 2 0 2 1 3 2 1 3 2 3 3 1 3 3 2 3 1 3 2 3 3 0 2 0 3 2 3 2 0 3 1 1 1 0 1 0 2 3 3 2 1 3 2 3 2 1 2 1 3 0 1 3 0 2 2 2 1 2 0 1 3 0 2 0 3 0 3 3 2 4 2 3 4 0 3 3 0 0 0 0 0 0 0 0 0 0 
# knockout 87
3 1 0 0 1 3 1 0 2 1 4 3 2 0 3 4 0 4 1 4 0 1 0 3 2 0 2 1 3 2 1 2 2 3 4 2 3 3 2 3 1 3 2 2 2 1 2 0 3 2 3 1 0 2 1 1 1 0 1 1 2 3 4 2 1 3 2 3 2 1 1 1 3 0 1 3 0 2 1 3 1 2 0 1 3 4 0 0 2 0 4 3 2 4 2 3 2 0 3 3 0 0 0 0 0 0 0 0 0 0 
3 1 0 0 1 3 1 0 2 1 4 3 2 0 3 4 0 4 1 4 0 1 0 3 2 0 2 1 3 2 1 2 2 3 4 2 3 3 2 3 1 3 2 2 2 1 2 0 3 2 3 1 0 2 1 1 1 0 1 1 2 3 4 2 1 3 2 3 2 1 1 1 3 0 1 3 0 2 1 3 1 2 0 1 3 4 0 0 2 0 4 3 2 4 2 3 2 0 3 3 0 0 0 0 0 0 0 0 0 0 
# knockout 88
3 1 0 0 1 3 1 0 1 1 1 3 2 0 3 4 0 4 1 2 0 1 0 2 2 0 1 1 2 1 1 3 2 3 3 2 3 3 2 3 1 3 1 3 2 0 2 0 3 2 3 1 0 2 1 1 1 0 1 0 2 3 3 2 1 3 2 3 2 3 1 1 3 0 1 4 0 2 1 3 1 2 0 2 3 4 2 0 2 0 2 3 2 4 2 4 3 0 3 3 0 0 0 0 0 0 0 0 0 0 
3 1 0 0 1 3 1 0 1 1 1 3 2 0 3 4 0 4 1 2 0 1 0 2 2 0 1 1 2 1 1 3 2 3 3 2 3 3 2 3 1 3 1 3 2 0 2 0 3 2 3 1 0 2 1 1 1 0 1 0 2 3 3 2 1 3 2 3 2 3 1 1 3 0 1 4 0 2 1 3 1 2 0 2 3 4 2 0 2 0 2 3 2 4 2 4 3 0 3 3 0 0 0 0 0 0 0 0 0 0 
# knockout 89
3 1 0 0 1 3 1 0 1 1 1 3 2 0 3 3 0 4 1 3 0 1 0 2 4 0 3 1 2 2 1 3 2 3 3 1 4 3 2 3 1 3 2 3 2 0 1 0 3 2 3 1 0 2 1 1 1 0 1 0 3 3 3 2 1 3 2 3 2 1 1 1 3 0 1 3 0 2 1 3 1 2 0 1 3 4 2 1 0 0 4 4 2 4 2 3 3 0 4 3 0 0 0 0 0 0 0 0 0 0 
3 1 0 0 1 3 1 0 1 1 1 3 2 0 3 3 0 4 1 3 0 1 0 2 4 0 3 1 2 2 1 3 2 3 3 1 4 3 2 3 1 3 2 3 2 0 1 0 3 2 3 1 0 2 1 1 1 0 1 0 3 3 3 2 1 3 2 3 2 1 1 1 3 0 1 3 0 2 1 3 1 2 0 1 3 4 2 1 0 0 4 4 2 4 2 3 3 0 4 3 0 0 0 0 0 0 0 0 0 0 
# knockout 90
3 1 0 0 1 3 1 0 1 1 2 3 2 0 3 4 0 4 1 2 0 1 0 2 2 0 1 2 2 3 1 3 3 3 3 1 3 3 2 3 2 3 2 3 2 1 2 0 3 2 3 1 0 2 1 1 1 0 1 0 2 3 3 1 0 4 2 4 2 1 1 1 3 0 1 3 0 2 2 3 1 1 0 1 3 4 1 1 2 0 3 3 2 4 1 3 3 0 3 3 0 0 0 0 0 0 0 0 0 0 
3 1 0 0 1 3 1 0 1 1 2 3 2 0 3 4 0 4 1 2 0 1 0 2 2 0 1 2 2 3 1 3 3 3 3 1 3 3 2 3 2 3 2 3 2 1 2 0 3 2 3 1 0 2 1 1 1 0 1 0 2 3 3 1 0 4 2 4 2 1 1 1 3 0 1 3 0 2 2 3 1 1 0 1 3 4 1 1 2 0 3 3 2 4 1 3 3 0 3 3 0 0 0 0 0 0 0 0 0 0 
# knockout 91
3 1 0 0 1 3 1 0 1 1 2 3 2 0 3 4 1 4 1 3 0 2 0 2 2 0 2 1 2 2 2 3 2 3 4 1 3 4 2 3 1 3 2 3 3 0 2 0 4 2 3 1 0 2 1 1 1 0 1 0 2 3 2 1 1 4 2 3 2 1 1 1 3 0 1 3 0 2 1 3 1 1 0 1 3 4 1 1 2 0 0 3 3 4 1 3 3 0 3 3 0 0 0 0 0 0 0 0 0 0 
3 1 0 0 1 3 1 0 1 1 2 3 2 0 3 4 1 4 1 3 0 2 0 2 2 0 2 1 2 2 2 3 2 3 4 1 3 4 2 3 1 3 2 3 3 0 2 0 4 2 3 1 0 2 1 1 1 0 1 0 2 3 2 1 1 4 2 3 2 1 1 1 3 0 1 3 0 2 1 3 1 1 0 1 3 4 1 1 2 0 0 3 3 4 1 3 3 0 3 3 0 0 0 0 0 0 0 0 0 0 
# knockout 92
2 1 0 0 1 3 1 0 0 1 2 3 1 0 3 4 0 4 1 3 0 1 0 2 2 0 2 2 2 2 1 3 2 3 3 1 3 4 2 2 1 3 2 2 3 0 4 0 3 2 3 1 0 2 1 0 1 0 1 0 2 3 3 2 1 3 2 3 2 1 1 1 3 0 1 3 0 2 1 3 1 1 0 2 2 4 4 0 2 0 4 0 0 4 3 3 3 0 4 2 0 0 0 0 0 0 0 0 0 0 
2 1 0 0 1 3 1 0 0 1 2 3 1 0 3 4 0 4 1 3 0 1 0 2 2 0 2 2 2 2 1 3 2 3 3 1 3 4 2 2 1 3 2 2 3 0 4 0 3 2 3 1 0 2 1 0 1 0 1 0 2 3 3 2 1 3 2 3 2 1 1 1 3 0 1 3 0 2 1 3 1 1 0 2 2 4 4 0 2 0 4 0 0 4 3 3 3 0 4 2 0 0 0 0 0 0 0 0 0 0 
# knockout 93
3 1 0 0 1 3 1 0 3 1 2 3 2 0 3 4 0 4 1 3 0 1 1 2 2 0 2 1 2 2 1 3 2 3 3 1 3 4 2 3 1 3 2 3 2 0 2 0 3 2 3 1 0 2 1 0 1 0 1 0 2 3 4 2 1 3 3 3 2 1 1 0 3 0 1 3 0 2 1 4 1 2 0 1 3 4 1 1 2 0 3 4 0 4 2 3 3 0 3 3 0 0 0 0 0 0 0 0 0 0 
3 1 0 0 1 3 1 0 3 1 2 3 2 0 3 4 0 4 1 3 0 1 1 2 2 0 2 1 2 2 1 3 2 3 3 1 3 4 2 3 1 3 2 3 2 0 2 0 3 2 3 1 0 2 1 0 1 0 1 0 2 3 4 2 1 3 3 3 2 1 1 0 3 0 1 3 0 2 1 4 1 2 0 1 3 4 1 1 2 0 3 4 0 4 2 3 3 0 3 3 0 0 0 0 0 0 0 0 0 0 
# knockout 94
3 1 0 0 1 3 1 0 0 1 3 3 2 0 2 3 0 4 2 3 0 2 0 2 2 0 2 1 1 2 1 3 2 3 3 1 3 2 2 3 1 3 2 3 2 0 2 0 3 2 3 2 0 2 1 1 1 0 1 0 2 3 3 2 1 3 3 3 2 0 1 1 3 0 1 3 0 2 2 4 2 2 0 1 1 4 1 1 2 0 3 3 2 0 2 3 3 0 3 3 0 0 0 0 0 0 0 0 0 0 
3 1 0 0 1 3 1 0 0 1 3 3 2 0 2 3 0 4 2 3 0 2 0 2 2 0 2 1 1 2 1 3 2 3 3 1 3 2 2 3 1 3 2 3 2 0 2 0 3 2 3 2 0 2 1 1 1 0 1 0 2 3 3 2 1 3 3 3 2 0 1 1 3 0 1 3 0 2 2 4 2 2 0 1 1 4 1 1 2 0 3 3 2 0 2 3 3 0 3 3 0 0 0 0 0 0 0 0 0 0 
# knockout 95
3 1 0 0 1 3 1 0 1 1 2 3 2 0 3 4 0 4 1 3 0 1 0 2 2 0 1 1 2 2 1 3 2 3 3 1 3 3 2 3 1 3 2 3 2 0 2 0 3 2 2 1 0 2 1 1 1 0 1 0 2 3 3 2 1 3 3 4 2 1 1 1 3 0 1 3 0 2 2 3 1 1 0 1 4 4 1 1 3 0 3 3 2 4 0 3 3 0 3 3 0 0 0 0 0 0 0 0 0 0 
3 1 0 0 1 3 1 0 1 1 2 3 2 0 3 4 0 4 1 3 0 1 0 2 2 0 1 1 2 2 1 3 2 3 3 1 3 3 2 3 1 3 2 3 2 0 2 0 3 2 2 1 0 2 1 1 1 0 1 0 2 3 3 2 1 3 3 4 2 1 1 1 3 0 1 3 0 2 2 3 1 1 0 1 4 4 1 1 3 0 3 3 2 4 0 3 3 0 3 3 0 0 0 0 0 0 0 0 0 0 
# knockout 96
3 1 0 0 1 3 1 0 1 1 2 3 2 1 3 3 0 4 1 3 0 1 0 2 1 0 2 1 2 1 1 3 2 3 3 0 3 3 2 3 1 3 3 3 2 0 2 0 4 2 3 1 0 2 1 1 1 0 1 0 2 3 3 2 1 3 3 3 2 1 1 0 3 0 1 3 0 2 2 3 1 2 0 1 4 4 1 1 3 0 4 3 1 4 2 0 3 0 3 3 0 0 0 0 0 0 0 0 0 0 
3 1 0 0 1 3 1 0 1 1 2 3 2 1 3 3 0 4 1 3 0 1 0 2 1 0 2 1 2 1 1 3 2 3 3 0 3 3 2 3 1 3 3 3 2 0 2 0 4 2 3 1 0 2 1 1 1 0 1 0 2 3 3 2 1 3 3 3 2 1 1 0 3 0 1 3 0 2 2 3 1 2 0 1 4 4 1 1 3 0 4 3 1 4 2 0 3 0 3 3 0 0 0 0 0 0 0 0 0 0 
# knockout 97
3 4 0 0 1 3 1 0 1 1 0 3 2 0 3 4 0 4 1 3 0 0 0 2 2 0 1 1 2 2 1 3 3 3 3 1 3 3 2 3 1 3 2 3 2 0 2 0 3 2 3 1 0 2 1 1 0 3 1 0 2 3 3 2 1 2 1 3 2 1 1 1 3 0 0 4 0 2 2 4 1 2 0 1 3 4 1 1 2 0 3 3 2 4 2 3 0 4 3 3 0 0 0 0 0 0 0 0 0 0 
3 4 0 0 1 3 1 0 1 1 0 3 2 0 3 4 0 4 1 3 0 0 0 2 2 0 1 1 2 2 1 3 3 3 3 1 3 3 2 3 1 3 2 3 2 0 2 0 3 2 3 1 0 2 1 1 0 3 1 0 2 3 3 2 1 2 1 3 2 1 1 1 3 0 0 4 0 2 2 4 1 2 0 1 3 4 1 1 2 0 3 3 2 4 2 3 0 4 3 3 0 0 0 0 0 0 0 0 0 0 
# knockout 98
3 1 0 0 1 3 0 0 2 1 2 3 2 0 3 3 0 4 1 3 0 1 1 2 2 1 2 1 2 2 1 3 2 3 3 2 3 3 2 3 2 3 2 3 2 0 2 0 3 2 3 1 0 2 1 1 1 0 1 0 2 4 3 2 1 3 3 4 2 1 1 1 3 0 1 3 0 2 1 3 1 2 0 0 4 4 2 1 2 0 3 3 2 4 2 3 3 0 3 3 0 0 0 0 0 0 0 0 0 0 
3 1 0 0 1 3 0 0 2 1 2 3 2 0 3 3 0 4 1 3 0 1 1 2 2 1 2 1 2 2 1 3 2 3 3 2 3 3 2 3 2 3 2 3 2 0 2 0 3 2 3 1 0 2 1 1 1 0 1 0 2 4 3 2 1 3 3 4 2 1 1 1 3 0 1 3 0 2 1 3 1 2 0 0 4 4 2 1 2 0 3 3 2 4 2 3 3 0 3 3 0 0 0 0 0 0 0 0 0 0 
# knockout 99
3 1 0 0 1 3 1 0 1 1 2 3 2 0 3 4 0 4 1 3 0 1 0 2 2 0 2 1 2 2 1 3 2 3 3 1 3 3 2 3 0 2 2 3 2 0 3 0 3 2 3 1 0 2 1 1 1 0 1 0 2 3 3 2 1 3 2 4 2 1 1 1 3 0 1 3 0 2 2 3 1 2 0 1 4 4 1 1 2 0 3 3 2 4 2 3 3 0 0 3 0 0 0 0 0 0 0 0 0 0 
3 1 0 0 1 3 1 0 1 1 2 3 2 0 3 4 0 4 1 3 0 1 0 2 2 0 2 1 2 2 1 3 2 3 3 1 3 3 2 3 0 2 2 3 2 0 3 0 3 2 3 1 0 2 1 1 1 0 1 0 2 3 3 2 1 3 2 4 2 1 1 1 3 0 1 3 0 2 2 3 1 2 0 1 4 4 1 1 2 0 3 3 2 4 2 3 3 0 0 3 0 0 0 0 0 0 0 0 0 0 
# knockout 100
3 1 0 0 1 3 1 0 1 1 2 3 1 0 3 4 1 4 1 3 0 1 0 2 3 0 2 1 3 1 1 3 2 3 3 3 3 4 2 3 1 3 2 3 3 0 2 0 3 2 4 1 0 2 1 1 1 0 1 0 3 3 3 2 0 3 2 3 2 1 1 1 3 0 1 3 0 2 2 4 1 2 0 1 4 4 2 0 2 0 3 3 2 3 2 4 3 0 4 0 0 0 0 0 0 0 0 0 0 0 
3 1 0 0 1 3 1 0 1 1 2 3 1 0 3 4 1 4 1 3 0 1 0 2 3 0 2 1 3 1 1 3 2 3 3 3 3 4 2 3 1 3 2 3 3 0 2 0 3 2 4 1 0 2 1 1 1 0 1 0 3 3 3 2 0 3 2 3 2 1 1 1 3 0 1 3 0 2 2 4 1 2 0 1 4 4 2 0 2 0 3 3 2 3 2 4 3 0 4 0 0 0 0 0 0 0 0 0 0 0 
