# knockout 1
0 0 3 1 1 3 1 2 1 3 0 0 0 0 0 
0 0 3 1 1 3 1 2 1 3 0 0 0 0 0 
# knockout 2
3 0 3 1 3 4 1 2 1 3 0 0 0 0 0 
3 0 3 1 3 4 1 2 1 3 0 0 0 0 0 
# knockout 3
1 3 0 3 3 1 2 3 1 3 0 0 0 0 0 
1 3 0 3 3 1 2 3 1 3 0 0 0 0 0 
# knockout 4
2 1 3 0 3 1 1 3 3 4 0 0 0 0 0 
2 1 3 0 3 1 1 3 3 4 0 0 0 0 0 
# knockout 5
0 1 3 3 0 1 4 4 1 4 0 0 0 0 0 
0 1 3 3 0 1 4 4 1 4 0 0 0 0 0 
# knockout 6
0 1 0 3 4 0 4 3 1 3 0 0 0 0 0 
0 1 0 3 4 0 4 3 1 3 0 0 0 0 0 
# knockout 7
4 1 3 0 3 1 0 0 1 3 0 0 0 0 0 
4 1 3 0 3 1 0 0 1 3 0 0 0 0 0 
# knockout 8
1 1 3 1 3 1 1 0 1 3 0 0 0 0 0 
1 1 3 1 3 1 1 0 1 3 0 0 0 0 0 
# knockout 9
4 1 3 0 2 1 0 0 0 3 0 0 0 0 0 
4 1 3 0 2 1 0 0 0 3 0 0 0 0 0 
# knockout 10
4 1 3 1 3 1 0 0 1 0 0 0 0 0 0 
4 1 3 1 3 1 0 0 1 0 0 0 0 0 0 
