# knockout 1
0 4 1 4 0 0 4 3 4 1 2 0 1 1 1 2 3 2 3 3 1 0 3 2 3 3 1 2 0 0 1 2 4 1 0 0 3 0 4 1 3 0 4 0 0 4 2 1 4 4 1 2 2 4 4 2 0 0 0 3 0 0 2 3 1 3 0 0 1 0 4 2 1 0 2 0 3 3 2 1 3 3 4 0 2 4 0 4 0 2 3 3 0 3 0 2 2 3 0 3 0 0 0 0 0 0 0 0 0 0 
0 4 1 4 0 0 4 3 4 1 2 0 1 1 1 2 3 2 3 3 1 0 3 2 3 3 1 2 0 0 1 2 4 1 0 0 3 0 4 1 3 0 4 0 0 4 2 1 4 4 1 2 2 4 4 2 0 0 0 3 0 0 2 3 1 3 0 0 1 0 4 2 1 0 2 0 3 3 2 1 3 3 4 0 2 4 0 4 0 2 3 3 0 3 0 2 2 3 0 3 0 0 0 0 0 0 0 0 0 0 
# knockout 2
2 0 2 2 0 3 3 3 4 1 2 1 0 1 0 2 3 2 3 3 1 0 3 2 3 4 1 2 0 0 1 4 3 2 1 0 3 0 3 1 3 0 4 0 0 4 2 2 3 4 1 2 2 4 3 2 0 0 0 3 0 0 2 3 1 3 0 0 1 0 4 2 1 0 2 0 2 3 3 1 2 1 4 0 2 3 0 4 0 3 3 3 0 3 0 3 2 3 0 3 0 0 0 0 0 0 0 0 0 0 
2 0 2 2 0 3 3 3 4 1 2 1 0 1 0 2 3 2 3 3 1 0 3 2 3 4 1 2 0 0 1 4 3 2 1 0 3 0 3 1 3 0 4 0 0 4 2 2 3 4 1 2 2 4 3 2 0 0 0 3 0 0 2 3 1 3 0 0 1 0 4 2 1 0 2 0 2 3 3 1 2 1 4 0 2 3 0 4 0 3 3 3 0 3 0 3 2 3 0 3 0 0 0 0 0 0 0 0 0 0 
# knockout 3
2 1 0 2 0 3 3 2 4 1 2 0 1 1 0 2 3 2 3 2 1 1 3 2 3 3 1 2 0 0 1 3 3 1 0 0 3 0 3 1 4 0 4 0 0 4 2 1 3 4 1 2 2 4 3 2 0 0 0 3 0 0 2 2 1 3 0 0 1 0 4 2 1 0 2 0 2 3 2 1 2 2 4 0 1 3 0 4 0 3 3 4 0 3 0 2 2 3 0 3 0 0 0 0 0 0 0 0 0 0 
2 1 0 2 0 3 3 2 4 1 2 0 1 1 0 2 3 2 3 2 1 1 3 2 3 3 1 2 0 0 1 3 3 1 0 0 3 0 3 1 4 0 4 0 0 4 2 1 3 4 1 2 2 4 3 2 0 0 0 3 0 0 2 2 1 3 0 0 1 0 4 2 1 0 2 0 2 3 2 1 2 2 4 0 1 3 0 4 0 3 3 4 0 3 0 2 2 3 0 3 0 0 0 0 0 0 0 0 0 0 
# knockout 4
2 1 3 0 0 3 3 3 3 2 2 0 1 1 0 2 3 2 3 3 1 0 3 2 3 3 1 4 0 0 1 2 3 2 0 0 2 0 3 1 3 0 4 0 0 4 2 1 2 4 1 2 2 4 3 3 0 0 0 3 0 0 2 3 1 3 0 0 2 0 4 2 1 0 2 0 2 3 2 1 2 0 4 0 2 3 0 3 0 3 3 3 0 3 0 2 2 3 0 3 0 0 0 0 0 0 0 0 0 0 
2 1 3 0 0 3 3 3 3 2 2 0 1 1 0 2 3 2 3 3 1 0 3 2 3 3 1 4 0 0 1 2 3 2 0 0 2 0 3 1 3 0 4 0 0 4 2 1 2 4 1 2 2 4 3 3 0 0 0 3 0 0 2 3 1 3 0 0 2 0 4 2 1 0 2 0 2 3 2 1 2 0 4 0 2 3 0 3 0 3 3 3 0 3 0 2 2 3 0 3 0 0 0 0 0 0 0 0 0 0 
# knockout 5
2 1 3 2 0 3 3 3 4 1 2 0 1 1 0 2 3 2 2 3 1 0 3 2 3 3 1 3 0 0 1 2 3 1 0 0 3 0 4 1 4 0 4 0 0 4 2 2 4 4 1 2 2 4 4 2 0 0 0 3 0 0 2 3 1 3 0 0 2 0 4 2 1 0 2 0 2 3 2 1 2 2 4 0 2 2 0 4 0 3 3 3 0 3 0 3 2 3 0 3 0 0 0 0 0 0 0 0 0 0 
2 1 3 2 0 3 3 3 4 1 2 0 1 1 0 2 3 2 2 3 1 0 3 2 3 3 1 3 0 0 1 2 3 1 0 0 3 0 4 1 4 0 4 0 0 4 2 2 4 4 1 2 2 4 4 2 0 0 0 3 0 0 2 3 1 3 0 0 2 0 4 2 1 0 2 0 2 3 2 1 2 2 4 0 2 2 0 4 0 3 3 3 0 3 0 3 2 3 0 3 0 0 0 0 0 0 0 0 0 0 
# knockout 6
2 1 3 2 0 0 3 3 4 1 2 0 1 1 0 2 3 1 3 3 1 1 3 2 3 3 1 2 0 0 1 2 3 2 0 0 3 0 3 1 4 0 4 0 0 4 2 1 3 4 1 2 2 4 3 1 0 0 0 3 0 0 2 3 1 3 0 0 1 0 4 2 1 0 2 0 2 3 3 1 2 2 4 0 2 3 0 4 0 3 3 3 0 3 0 3 2 3 0 3 0 0 0 0 0 0 0 0 0 0 
2 1 3 2 0 0 3 3 4 1 2 0 1 1 0 2 3 1 3 3 1 1 3 2 3 3 1 2 0 0 1 2 3 2 0 0 3 0 3 1 4 0 4 0 0 4 2 1 3 4 1 2 2 4 3 1 0 0 0 3 0 0 2 3 1 3 0 0 1 0 4 2 1 0 2 0 2 3 3 1 2 2 4 0 2 3 0 4 0 3 3 3 0 3 0 3 2 3 0 3 0 0 0 0 0 0 0 0 0 0 
# knockout 7
3 2 3 2 0 3 0 2 4 1 2 0 1 1 0 1 3 2 3 3 1 1 3 2 3 3 1 2 0 0 1 2 3 1 0 0 3 0 3 1 4 0 4 0 0 4 2 2 3 3 1 2 2 4 3 2 0 0 0 3 0 0 2 3 1 3 0 0 1 0 4 2 1 0 2 0 2 3 2 1 2 1 4 0 2 4 0 4 0 3 3 3 0 3 0 3 3 3 0 3 0 0 0 0 0 0 0 0 0 0 
3 2 3 2 0 3 0 2 4 1 2 0 1 1 0 1 3 2 3 3 1 1 3 2 3 3 1 2 0 0 1 2 3 1 0 0 3 0 3 1 4 0 4 0 0 4 2 2 3 3 1 2 2 4 3 2 0 0 0 3 0 0 2 3 1 3 0 0 1 0 4 2 1 0 2 0 2 3 2 1 2 1 4 0 2 4 0 4 0 3 3 3 0 3 0 3 3 3 0 3 0 0 0 0 0 0 0 0 0 0 
# knockout 8
0 4 1 4 0 0 4 0 4 1 2 0 1 1 0 1 3 2 3 4 1 0 3 3 3 3 1 2 0 0 1 2 3 1 0 0 3 0 4 1 4 0 4 0 0 4 2 1 4 4 1 2 1 4 3 1 0 0 0 3 0 0 2 3 1 3 0 0 2 0 4 2 1 0 2 0 2 3 2 3 2 3 4 0 2 3 0 4 0 3 3 3 0 3 0 3 2 3 0 3 0 0 0 0 0 0 0 0 0 0 
0 4 1 4 0 0 4 0 4 1 2 0 1 1 0 1 3 2 3 4 1 0 3 3 3 3 1 2 0 0 1 2 3 1 0 0 3 0 4 1 4 0 4 0 0 4 2 1 4 4 1 2 1 4 3 1 0 0 0 3 0 0 2 3 1 3 0 0 2 0 4 2 1 0 2 0 2 3 2 3 2 3 4 0 2 3 0 4 0 3 3 3 0 3 0 3 2 3 0 3 0 0 0 0 0 0 0 0 0 0 
# knockout 9
2 1 3 3 0 3 3 3 0 4 4 3 1 1 0 2 3 2 3 3 1 0 3 2 3 3 1 2 0 0 1 2 3 1 0 0 3 0 3 1 4 0 4 0 0 3 2 1 2 4 1 2 2 4 3 3 0 0 0 3 0 0 2 3 1 3 0 0 2 0 4 2 1 0 1 0 2 3 2 1 1 1 4 0 2 2 0 4 0 3 3 3 0 3 0 2 3 3 0 3 0 0 0 0 0 0 0 0 0 0 
2 1 3 3 0 3 3 3 0 4 4 3 1 1 0 2 3 2 3 3 1 0 3 2 3 3 1 2 0 0 1 2 3 1 0 0 3 0 3 1 4 0 4 0 0 3 2 1 2 4 1 2 2 4 3 3 0 0 0 3 0 0 2 3 1 3 0 0 2 0 4 2 1 0 1 0 2 3 2 1 1 1 4 0 2 2 0 4 0 3 3 3 0 3 0 2 3 3 0 3 0 0 0 0 0 0 0 0 0 0 
# knockout 10
2 1 3 2 0 3 3 3 4 0 2 0 1 1 0 2 3 2 3 3 1 0 3 2 3 2 2 3 0 0 1 3 3 1 0 0 3 0 3 1 4 0 4 0 0 3 2 2 3 4 1 2 2 4 3 1 0 0 0 3 0 0 2 3 1 3 0 0 1 0 4 2 1 0 2 0 2 3 2 1 2 2 4 0 4 4 0 4 0 3 3 3 0 3 0 3 2 2 0 3 0 0 0 0 0 0 0 0 0 0 
2 1 3 2 0 3 3 3 4 0 2 0 1 1 0 2 3 2 3 3 1 0 3 2 3 2 2 3 0 0 1 3 3 1 0 0 3 0 3 1 4 0 4 0 0 3 2 2 3 4 1 2 2 4 3 1 0 0 0 3 0 0 2 3 1 3 0 0 1 0 4 2 1 0 2 0 2 3 2 1 2 2 4 0 4 4 0 4 0 3 3 3 0 3 0 3 2 2 0 3 0 0 0 0 0 0 0 0 0 0 
# knockout 11
1 1 3 2 0 3 3 3 4 1 0 0 1 1 0 2 3 2 3 3 1 0 4 2 3 3 1 2 0 0 1 2 3 1 0 0 3 0 3 1 4 0 4 0 0 4 2 1 3 4 1 2 2 4 3 1 0 0 0 3 0 0 2 3 1 3 0 0 1 0 4 2 1 0 2 0 2 3 2 1 2 2 4 0 2 4 0 4 0 3 4 3 0 3 0 3 2 3 0 3 0 0 0 0 0 0 0 0 0 0 
1 1 3 2 0 3 3 3 4 1 0 0 1 1 0 2 3 2 3 3 1 0 4 2 3 3 1 2 0 0 1 2 3 1 0 0 3 0 3 1 4 0 4 0 0 4 2 1 3 4 1 2 2 4 3 1 0 0 0 3 0 0 2 3 1 3 0 0 1 0 4 2 1 0 2 0 2 3 2 1 2 2 4 0 2 4 0 4 0 3 4 3 0 3 0 3 2 3 0 3 0 0 0 0 0 0 0 0 0 0 
# knockout 12
2 1 3 2 0 3 3 3 4 1 3 0 1 1 0 2 3 2 3 3 1 0 3 2 3 3 1 2 0 0 1 2 3 1 0 0 3 0 3 1 4 0 4 0 0 4 3 1 3 4 1 2 2 4 3 2 0 0 0 3 0 0 2 3 1 3 0 0 1 0 4 2 1 0 1 0 3 3 2 1 2 2 4 0 2 3 0 4 0 3 3 4 0 3 0 3 2 3 0 3 0 0 0 0 0 0 0 0 0 0 
2 1 3 2 0 3 3 3 4 1 3 0 1 1 0 2 3 2 3 3 1 0 3 2 3 3 1 2 0 0 1 2 3 1 0 0 3 0 3 1 4 0 4 0 0 4 3 1 3 4 1 2 2 4 3 2 0 0 0 3 0 0 2 3 1 3 0 0 1 0 4 2 1 0 1 0 3 3 2 1 2 2 4 0 2 3 0 4 0 3 3 4 0 3 0 3 2 3 0 3 0 0 0 0 0 0 0 0 0 0 
# knockout 13
2 1 3 3 0 3 3 4 4 2 2 0 0 0 1 1 2 0 3 4 1 0 3 3 3 1 1 3 0 0 0 2 3 1 0 0 3 3 3 1 4 0 4 0 0 4 2 3 3 4 1 2 2 4 3 1 0 0 0 3 0 0 4 3 1 3 0 0 1 0 4 2 1 0 3 0 2 2 2 0 2 2 4 0 3 4 2 4 2 3 3 3 0 3 0 2 2 2 0 3 0 0 0 0 0 0 0 0 0 0 
2 1 3 3 0 3 3 4 4 2 2 0 0 0 1 1 2 0 3 4 1 0 3 3 3 1 1 3 0 0 0 2 3 1 0 0 3 3 3 1 4 0 4 0 0 4 2 3 3 4 1 2 2 4 3 1 0 0 0 3 0 0 4 3 1 3 0 0 1 0 4 2 1 0 3 0 2 2 2 0 2 2 4 0 3 4 2 4 2 3 3 3 0 3 0 2 2 2 0 3 0 0 0 0 0 0 0 0 0 0 
# knockout 14
2 1 3 2 0 3 3 3 4 1 2 0 1 0 0 2 3 2 3 3 1 0 3 2 3 3 1 2 0 0 1 2 3 2 0 0 3 0 4 1 3 0 4 0 0 4 2 1 3 4 1 2 2 4 3 3 0 0 0 3 0 0 1 3 1 3 0 0 1 0 4 2 1 0 2 0 2 3 2 1 2 2 4 0 2 3 0 4 0 3 3 3 0 3 0 3 2 3 0 3 0 0 0 0 0 0 0 0 0 0 
2 1 3 2 0 3 3 3 4 1 2 0 1 0 0 2 3 2 3 3 1 0 3 2 3 3 1 2 0 0 1 2 3 2 0 0 3 0 4 1 3 0 4 0 0 4 2 1 3 4 1 2 2 4 3 3 0 0 0 3 0 0 1 3 1 3 0 0 1 0 4 2 1 0 2 0 2 3 2 1 2 2 4 0 2 3 0 4 0 3 3 3 0 3 0 3 2 3 0 3 0 0 0 0 0 0 0 0 0 0 
# knockout 15
2 1 3 1 0 3 3 2 4 1 2 0 1 1 0 3 3 2 3 3 1 0 3 2 3 3 1 1 0 0 1 1 3 2 0 0 3 1 4 1 4 0 4 0 0 4 1 1 3 4 1 2 2 4 4 2 0 0 0 2 0 0 3 3 1 3 0 0 1 0 4 2 1 0 2 0 2 4 2 1 2 2 4 0 2 3 0 3 0 3 3 3 0 4 0 3 2 4 0 3 0 0 0 0 0 0 0 0 0 0 
2 1 3 1 0 3 3 2 4 1 2 0 1 1 0 3 3 2 3 3 1 0 3 2 3 3 1 1 0 0 1 1 3 2 0 0 3 1 4 1 4 0 4 0 0 4 1 1 3 4 1 2 2 4 4 2 0 0 0 2 0 0 3 3 1 3 0 0 1 0 4 2 1 0 2 0 2 4 2 1 2 2 4 0 2 3 0 3 0 3 3 3 0 4 0 3 2 4 0 3 0 0 0 0 0 0 0 0 0 0 
# knockout 16
2 1 3 2 0 3 4 3 4 1 2 1 1 1 0 0 3 2 3 3 1 1 3 2 3 3 1 2 0 0 1 2 3 1 0 0 3 0 3 1 4 0 4 0 0 4 2 1 4 4 1 2 2 4 3 2 0 0 0 3 0 0 2 3 1 3 0 0 1 0 4 2 1 0 1 0 3 3 2 1 2 2 4 0 1 2 0 4 0 4 2 4 0 3 0 2 2 3 0 3 0 0 0 0 0 0 0 0 0 0 
2 1 3 2 0 3 4 3 4 1 2 1 1 1 0 0 3 2 3 3 1 1 3 2 3 3 1 2 0 0 1 2 3 1 0 0 3 0 3 1 4 0 4 0 0 4 2 1 4 4 1 2 2 4 3 2 0 0 0 3 0 0 2 3 1 3 0 0 1 0 4 2 1 0 1 0 3 3 2 1 2 2 4 0 1 2 0 4 0 4 2 4 0 3 0 2 2 3 0 3 0 0 0 0 0 0 0 0 0 0 
# knockout 17
2 1 3 2 2 3 0 2 4 1 2 0 1 1 0 2 0 2 3 3 1 0 3 2 3 3 0 1 0 0 0 2 0 0 0 0 2 0 3 1 4 0 4 4 0 4 1 3 3 4 0 2 2 4 3 0 0 0 0 2 0 0 2 0 1 3 0 0 1 0 4 2 1 0 2 0 2 3 2 1 2 2 4 0 2 4 1 4 0 3 2 3 3 0 3 0 2 3 0 3 0 0 0 0 0 0 0 0 0 0 
2 1 3 2 2 3 0 2 4 1 2 0 1 1 0 2 0 2 3 3 1 0 3 2 3 3 0 1 0 0 0 2 0 0 0 0 2 0 3 1 4 0 4 4 0 4 1 3 3 4 0 2 2 4 3 0 0 0 0 2 0 0 2 0 1 3 0 0 1 0 4 2 1 0 2 0 2 3 2 1 2 2 4 0 2 4 1 4 0 3 2 3 3 0 3 0 2 3 0 3 0 0 0 0 0 0 0 0 0 0 
# knockout 18
2 1 3 2 0 3 3 3 4 2 2 0 1 1 0 1 3 0 3 3 1 0 3 2 3 3 1 3 0 0 0 1 3 1 0 0 3 0 3 1 4 0 4 0 0 4 1 1 3 4 0 2 2 4 3 1 0 0 0 3 0 0 2 3 1 3 0 0 1 0 4 2 1 0 2 0 4 3 2 1 2 3 4 0 3 4 0 4 0 3 3 4 0 2 0 3 3 2 0 3 0 0 0 0 0 0 0 0 0 0 
2 1 3 2 0 3 3 3 4 2 2 0 1 1 0 1 3 0 3 3 1 0 3 2 3 3 1 3 0 0 0 1 3 1 0 0 3 0 3 1 4 0 4 0 0 4 1 1 3 4 0 2 2 4 3 1 0 0 0 3 0 0 2 3 1 3 0 0 1 0 4 2 1 0 2 0 4 3 2 1 2 3 4 0 3 4 0 4 0 3 3 4 0 2 0 3 3 2 0 3 0 0 0 0 0 0 0 0 0 0 
# knockout 19
2 1 2 3 0 3 3 3 4 1 2 0 1 2 0 2 3 2 0 3 1 1 3 1 3 4 1 2 0 0 1 2 4 1 0 0 3 0 3 1 3 0 4 0 0 4 1 1 3 4 1 2 2 4 3 3 0 0 0 2 0 0 2 3 1 4 0 0 1 0 4 2 1 0 2 0 2 3 2 1 2 1 4 0 2 3 0 4 0 3 3 3 0 3 0 3 2 3 0 3 0 0 0 0 0 0 0 0 0 0 
2 1 2 3 0 3 3 3 4 1 2 0 1 2 0 2 3 2 0 3 1 1 3 1 3 4 1 2 0 0 1 2 4 1 0 0 3 0 3 1 3 0 4 0 0 4 1 1 3 4 1 2 2 4 3 3 0 0 0 2 0 0 2 3 1 4 0 0 1 0 4 2 1 0 2 0 2 3 2 1 2 1 4 0 2 3 0 4 0 3 3 3 0 3 0 3 2 3 0 3 0 0 0 0 0 0 0 0 0 0 
# knockout 20
2 1 3 1 0 3 2 3 4 1 2 0 1 1 0 2 3 2 3 0 1 0 3 2 3 2 1 2 0 0 0 2 3 1 0 0 3 0 3 1 4 0 4 0 0 4 2 1 3 4 1 2 2 4 3 2 0 0 0 3 0 0 2 3 1 3 0 0 2 0 4 3 1 0 2 0 2 2 2 1 2 2 4 0 1 3 0 4 0 3 3 3 0 3 0 3 2 3 0 3 0 0 0 0 0 0 0 0 0 0 
2 1 3 1 0 3 2 3 4 1 2 0 1 1 0 2 3 2 3 0 1 0 3 2 3 2 1 2 0 0 0 2 3 1 0 0 3 0 3 1 4 0 4 0 0 4 2 1 3 4 1 2 2 4 3 2 0 0 0 3 0 0 2 3 1 3 0 0 2 0 4 3 1 0 2 0 2 2 2 1 2 2 4 0 1 3 0 4 0 3 3 3 0 3 0 3 2 3 0 3 0 0 0 0 0 0 0 0 0 0 
# knockout 21
2 1 3 2 0 3 3 2 4 1 2 1 1 1 0 1 3 1 3 3 0 1 3 2 3 4 1 2 0 0 1 2 3 1 0 1 3 0 3 1 4 0 4 0 0 4 2 2 3 4 3 1 2 4 4 3 0 0 0 3 0 0 2 3 1 3 0 0 2 0 4 3 1 0 2 0 2 3 2 2 2 1 4 0 1 3 0 4 0 3 3 2 0 3 0 3 2 3 0 3 0 0 0 0 0 0 0 0 0 0 
2 1 3 2 0 3 3 2 4 1 2 1 1 1 0 1 3 1 3 3 0 1 3 2 3 4 1 2 0 0 1 2 3 1 0 1 3 0 3 1 4 0 4 0 0 4 2 2 3 4 3 1 2 4 4 3 0 0 0 3 0 0 2 3 1 3 0 0 2 0 4 3 1 0 2 0 2 3 2 2 2 1 4 0 1 3 0 4 0 3 3 2 0 3 0 3 2 3 0 3 0 0 0 0 0 0 0 0 0 0 
# knockout 22
2 1 3 2 2 3 0 3 4 1 2 0 0 1 0 2 0 2 4 3 1 0 3 2 3 1 0 0 0 0 0 2 0 0 0 0 1 2 3 0 4 0 4 3 0 4 2 2 3 4 1 2 2 4 3 0 0 0 1 3 0 0 3 0 1 3 0 0 3 0 3 2 1 0 2 0 2 2 2 0 2 1 4 0 3 3 4 4 3 3 3 4 4 0 3 0 2 3 0 3 0 0 0 0 0 0 0 0 0 0 
2 1 3 2 2 3 0 3 4 1 2 0 0 1 0 2 0 2 4 3 1 0 3 2 3 1 0 0 0 0 0 2 0 0 0 0 1 2 3 0 4 0 4 3 0 4 2 2 3 4 1 2 2 4 3 0 0 0 1 3 0 0 3 0 1 3 0 0 3 0 3 2 1 0 2 0 2 2 2 0 2 1 4 0 3 3 4 4 3 3 3 4 4 0 3 0 2 3 0 3 0 0 0 0 0 0 0 0 0 0 
# knockout 23
2 1 3 2 0 4 2 3 4 1 2 0 1 1 0 2 3 2 3 3 1 0 0 2 3 3 1 2 0 0 1 2 3 1 0 0 3 0 2 1 4 0 4 0 0 4 2 2 3 4 1 2 2 4 4 2 0 0 0 2 0 0 2 3 1 3 0 0 1 0 4 2 1 0 2 0 2 3 2 1 1 2 4 0 2 3 0 3 0 3 4 3 0 3 0 3 2 3 0 3 0 0 0 0 0 0 0 0 0 0 
2 1 3 2 0 4 2 3 4 1 2 0 1 1 0 2 3 2 3 3 1 0 0 2 3 3 1 2 0 0 1 2 3 1 0 0 3 0 2 1 4 0 4 0 0 4 2 2 3 4 1 2 2 4 4 2 0 0 0 2 0 0 2 3 1 3 0 0 1 0 4 2 1 0 2 0 2 3 2 1 1 2 4 0 2 3 0 3 0 3 4 3 0 3 0 3 2 3 0 3 0 0 0 0 0 0 0 0 0 0 
# knockout 24
2 1 3 2 0 3 3 3 4 1 2 0 1 1 0 1 3 2 3 3 1 0 3 0 3 3 1 2 0 0 0 2 3 1 0 0 3 0 3 1 3 0 4 0 0 4 2 1 4 4 1 2 2 4 3 1 0 0 0 3 0 0 2 3 1 3 0 0 1 0 4 2 1 0 2 0 3 3 2 1 2 2 4 0 3 4 0 4 0 4 3 4 0 3 0 3 2 3 0 3 0 0 0 0 0 0 0 0 0 0 
2 1 3 2 0 3 3 3 4 1 2 0 1 1 0 1 3 2 3 3 1 0 3 0 3 3 1 2 0 0 0 2 3 1 0 0 3 0 3 1 3 0 4 0 0 4 2 1 4 4 1 2 2 4 3 1 0 0 0 3 0 0 2 3 1 3 0 0 1 0 4 2 1 0 2 0 3 3 2 1 2 2 4 0 3 4 0 4 0 4 3 4 0 3 0 3 2 3 0 3 0 0 0 0 0 0 0 0 0 0 
# knockout 25
2 1 3 2 0 3 3 3 4 1 1 1 2 1 0 2 3 2 3 3 1 1 3 1 0 3 1 2 0 0 1 3 3 1 0 1 3 0 4 1 4 0 4 0 0 4 2 1 3 4 1 2 2 4 3 3 0 0 0 3 0 0 2 3 1 3 0 0 1 0 4 2 1 0 2 0 2 3 2 1 2 2 4 0 2 3 0 4 0 3 3 3 0 3 0 3 2 3 0 3 0 0 0 0 0 0 0 0 0 0 
2 1 3 2 0 3 3 3 4 1 1 1 2 1 0 2 3 2 3 3 1 1 3 1 0 3 1 2 0 0 1 3 3 1 0 1 3 0 4 1 4 0 4 0 0 4 2 1 3 4 1 2 2 4 3 3 0 0 0 3 0 0 2 3 1 3 0 0 1 0 4 2 1 0 2 0 2 3 2 1 2 2 4 0 2 3 0 4 0 3 3 3 0 3 0 3 2 3 0 3 0 0 0 0 0 0 0 0 0 0 
# knockout 26
2 1 4 2 0 4 3 3 4 1 2 0 1 1 0 2 3 1 3 3 1 0 3 2 3 0 1 3 0 0 1 2 3 1 0 0 3 1 4 1 4 0 4 0 0 4 2 4 4 4 1 2 2 4 3 2 0 0 4 3 0 0 4 3 1 3 0 0 1 0 3 2 1 0 4 0 2 1 2 1 2 2 4 0 2 3 0 4 0 3 3 3 0 3 0 3 2 3 0 3 0 0 0 0 0 0 0 0 0 0 
2 1 4 2 0 4 3 3 4 1 2 0 1 1 0 2 3 1 3 3 1 0 3 2 3 0 1 3 0 0 1 2 3 1 0 0 3 1 4 1 4 0 4 0 0 4 2 4 4 4 1 2 2 4 3 2 0 0 4 3 0 0 4 3 1 3 0 0 1 0 3 2 1 0 4 0 2 1 2 1 2 2 4 0 2 3 0 4 0 3 3 3 0 3 0 3 2 3 0 3 0 0 0 0 0 0 0 0 0 0 
# knockout 27
2 1 3 2 0 3 4 3 4 2 2 0 1 2 0 1 3 2 3 3 1 0 3 2 3 3 0 0 0 0 0 0 0 0 0 0 4 0 3 1 4 0 4 0 0 4 2 2 3 4 1 2 2 4 3 0 0 0 0 3 0 0 2 3 1 3 0 0 1 0 4 2 1 0 2 0 3 3 2 1 2 2 4 0 2 3 0 4 0 3 3 3 0 3 0 2 2 3 0 3 0 0 0 0 0 0 0 0 0 0 
2 1 3 2 0 3 4 3 4 2 2 0 1 2 0 1 3 2 3 3 1 0 3 2 3 3 0 0 0 0 0 0 0 0 0 0 4 0 3 1 4 0 4 0 0 4 2 2 3 4 1 2 2 4 3 0 0 0 0 3 0 0 2 3 1 3 0 0 1 0 4 2 1 0 2 0 3 3 2 1 2 2 4 0 2 3 0 4 0 3 3 3 0 3 0 2 2 3 0 3 0 0 0 0 0 0 0 0 0 0 
# knockout 28
2 2 3 2 0 3 2 3 3 2 2 0 1 1 0 2 3 2 3 3 1 0 3 2 3 3 1 0 0 0 1 2 3 1 0 0 3 0 3 1 3 0 4 0 0 4 2 1 3 4 1 2 2 4 3 0 0 0 0 3 0 0 2 3 1 3 0 0 1 0 4 2 1 0 2 0 3 3 2 1 2 2 4 0 2 4 0 4 0 3 3 3 0 3 0 2 2 3 0 3 0 0 0 0 0 0 0 0 0 0 
2 2 3 2 0 3 2 3 3 2 2 0 1 1 0 2 3 2 3 3 1 0 3 2 3 3 1 0 0 0 1 2 3 1 0 0 3 0 3 1 3 0 4 0 0 4 2 1 3 4 1 2 2 4 3 0 0 0 0 3 0 0 2 3 1 3 0 0 1 0 4 2 1 0 2 0 3 3 2 1 2 2 4 0 2 4 0 4 0 3 3 3 0 3 0 2 2 3 0 3 0 0 0 0 0 0 0 0 0 0 
# knockout 29
2 1 3 2 0 3 2 3 4 1 2 1 0 1 0 2 3 1 3 3 1 0 3 2 3 3 1 2 0 0 1 2 3 1 0 0 3 0 3 1 3 0 4 1 0 4 2 1 3 4 1 2 2 4 4 0 0 0 4 3 0 0 2 3 1 3 0 0 1 0 4 2 1 0 2 0 2 3 2 1 2 1 4 0 2 3 0 4 0 3 3 3 0 3 0 3 2 3 0 3 0 0 0 0 0 0 0 0 0 0 
2 1 3 2 0 3 2 3 4 1 2 1 0 1 0 2 3 1 3 3 1 0 3 2 3 3 1 2 0 0 1 2 3 1 0 0 3 0 3 1 3 0 4 1 0 4 2 1 3 4 1 2 2 4 4 0 0 0 4 3 0 0 2 3 1 3 0 0 1 0 4 2 1 0 2 0 2 3 2 1 2 1 4 0 2 3 0 4 0 3 3 3 0 3 0 3 2 3 0 3 0 0 0 0 0 0 0 0 0 0 
# knockout 30
2 1 3 2 0 4 3 3 4 1 2 1 1 1 0 2 3 2 3 3 1 1 3 2 3 3 1 2 0 0 1 3 3 1 0 0 3 0 3 1 4 0 4 0 0 4 3 1 3 4 1 2 2 4 3 2 0 0 0 3 0 0 2 3 2 3 0 0 1 0 4 2 1 0 2 0 2 3 3 2 2 2 4 0 2 2 0 4 0 3 3 3 0 3 0 3 3 4 0 3 0 0 0 0 0 0 0 0 0 0 
2 1 3 2 0 4 3 3 4 1 2 1 1 1 0 2 3 2 3 3 1 1 3 2 3 3 1 2 0 0 1 3 3 1 0 0 3 0 3 1 4 0 4 0 0 4 3 1 3 4 1 2 2 4 3 2 0 0 0 3 0 0 2 3 2 3 0 0 1 0 4 2 1 0 2 0 2 3 3 2 2 2 4 0 2 2 0 4 0 3 3 3 0 3 0 3 3 4 0 3 0 0 0 0 0 0 0 0 0 0 
# knockout 31
2 1 3 2 0 3 3 3 4 2 2 0 1 1 0 2 3 2 3 3 1 0 3 2 3 3 1 2 0 0 0 2 3 2 0 0 3 0 3 1 4 0 4 0 0 4 2 1 4 4 1 2 2 4 3 1 0 0 0 3 0 0 1 3 1 3 0 1 1 0 4 2 1 0 2 0 2 3 2 1 2 2 4 0 2 2 0 4 0 4 3 3 0 3 0 3 2 4 0 3 0 0 0 0 0 0 0 0 0 0 
2 1 3 2 0 3 3 3 4 2 2 0 1 1 0 2 3 2 3 3 1 0 3 2 3 3 1 2 0 0 0 2 3 2 0 0 3 0 3 1 4 0 4 0 0 4 2 1 4 4 1 2 2 4 3 1 0 0 0 3 0 0 1 3 1 3 0 1 1 0 4 2 1 0 2 0 2 3 2 1 2 2 4 0 2 2 0 4 0 4 3 3 0 3 0 3 2 4 0 3 0 0 0 0 0 0 0 0 0 0 
# knockout 32
2 1 3 2 0 3 3 3 4 0 2 0 1 1 0 2 3 2 3 3 1 0 3 2 3 4 1 2 0 0 1 0 3 1 0 0 3 0 3 0 4 0 4 0 0 4 2 1 3 4 0 3 2 4 3 2 0 0 0 3 0 0 2 3 1 3 0 0 1 0 3 2 1 0 2 0 3 3 2 1 2 2 4 0 2 3 0 4 0 3 3 3 0 3 0 2 2 3 0 3 0 0 0 0 0 0 0 0 0 0 
2 1 3 2 0 3 3 3 4 0 2 0 1 1 0 2 3 2 3 3 1 0 3 2 3 4 1 2 0 0 1 0 3 1 0 0 3 0 3 0 4 0 4 0 0 4 2 1 3 4 0 3 2 4 3 2 0 0 0 3 0 0 2 3 1 3 0 0 1 0 3 2 1 0 2 0 3 3 2 1 2 2 4 0 2 3 0 4 0 3 3 3 0 3 0 2 2 3 0 3 0 0 0 0 0 0 0 0 0 0 
# knockout 33
2 1 4 2 0 3 3 3 4 1 2 0 1 1 0 1 2 2 3 3 1 0 3 2 3 3 1 3 0 0 2 2 0 1 0 0 3 0 2 1 4 0 4 0 0 4 2 1 2 4 1 2 2 4 3 2 0 0 0 3 0 0 2 3 1 3 0 0 1 0 4 2 1 0 2 0 2 3 2 1 2 1 4 0 2 3 0 4 0 2 3 3 0 3 0 3 2 3 0 3 0 0 0 0 0 0 0 0 0 0 
2 1 4 2 0 3 3 3 4 1 2 0 1 1 0 1 2 2 3 3 1 0 3 2 3 3 1 3 0 0 2 2 0 1 0 0 3 0 2 1 4 0 4 0 0 4 2 1 2 4 1 2 2 4 3 2 0 0 0 3 0 0 2 3 1 3 0 0 1 0 4 2 1 0 2 0 2 3 2 1 2 1 4 0 2 3 0 4 0 2 3 3 0 3 0 3 2 3 0 3 0 0 0 0 0 0 0 0 0 0 
# knockout 34
2 1 3 2 0 3 3 3 4 1 2 0 1 1 0 1 3 1 3 3 1 0 3 2 3 3 2 2 0 0 1 2 3 0 0 0 3 0 3 1 4 0 4 0 0 4 2 1 3 4 1 2 2 4 3 2 0 0 0 3 0 0 2 3 1 3 0 0 1 0 4 2 1 0 2 0 2 3 2 1 2 1 4 0 1 2 0 4 0 3 3 3 0 3 0 3 3 3 0 3 0 0 0 0 0 0 0 0 0 0 
2 1 3 2 0 3 3 3 4 1 2 0 1 1 0 1 3 1 3 3 1 0 3 2 3 3 2 2 0 0 1 2 3 0 0 0 3 0 3 1 4 0 4 0 0 4 2 1 3 4 1 2 2 4 3 2 0 0 0 3 0 0 2 3 1 3 0 0 1 0 4 2 1 0 2 0 2 3 2 1 2 1 4 0 1 2 0 4 0 3 3 3 0 3 0 3 3 3 0 3 0 0 0 0 0 0 0 0 0 0 
# knockout 35
2 1 3 2 0 3 2 3 4 1 2 0 1 1 0 2 3 2 3 3 1 0 3 2 1 3 1 2 0 0 1 2 3 1 0 0 3 0 3 1 4 0 4 0 0 4 2 1 3 4 1 4 2 4 3 2 0 0 0 4 0 0 2 3 1 3 0 0 1 0 4 2 2 0 2 0 2 4 2 1 2 1 4 0 3 3 0 4 0 3 3 3 0 3 0 3 2 3 0 3 0 0 0 0 0 0 0 0 0 0 
2 1 3 2 0 3 2 3 4 1 2 0 1 1 0 2 3 2 3 3 1 0 3 2 1 3 1 2 0 0 1 2 3 1 0 0 3 0 3 1 4 0 4 0 0 4 2 1 3 4 1 4 2 4 3 2 0 0 0 4 0 0 2 3 1 3 0 0 1 0 4 2 2 0 2 0 2 4 2 1 2 1 4 0 3 3 0 4 0 3 3 3 0 3 0 3 2 3 0 3 0 0 0 0 0 0 0 0 0 0 
# knockout 36
2 1 3 2 0 3 2 3 4 1 2 0 1 1 0 1 3 2 3 3 1 0 3 2 3 2 1 2 0 0 1 1 3 1 0 0 4 2 3 1 3 0 4 0 0 4 2 1 3 4 1 2 2 3 3 2 0 0 0 4 0 0 4 3 1 3 0 0 1 0 4 2 0 0 2 0 2 3 2 0 2 1 4 0 3 4 2 4 2 3 3 3 0 3 0 3 0 3 0 3 0 0 0 0 0 0 0 0 0 0 
2 1 3 2 0 3 2 3 4 1 2 0 1 1 0 1 3 2 3 3 1 0 3 2 3 2 1 2 0 0 1 1 3 1 0 0 4 2 3 1 3 0 4 0 0 4 2 1 3 4 1 2 2 3 3 2 0 0 0 4 0 0 4 3 1 3 0 0 1 0 4 2 0 0 2 0 2 3 2 0 2 1 4 0 3 4 2 4 2 3 3 3 0 3 0 3 0 3 0 3 0 0 0 0 0 0 0 0 0 0 
# knockout 37
2 1 3 3 0 3 3 3 4 1 3 0 1 1 0 2 3 2 3 3 1 0 3 2 3 3 1 3 0 0 1 2 3 1 0 0 0 0 3 1 3 0 4 0 0 4 1 1 3 3 1 2 2 4 4 1 0 0 0 3 0 0 2 3 1 3 0 0 1 0 4 2 1 0 2 0 2 3 2 1 2 2 4 0 2 3 0 4 0 3 3 4 0 3 0 3 3 4 0 3 0 0 0 0 0 0 0 0 0 0 
2 1 3 3 0 3 3 3 4 1 3 0 1 1 0 2 3 2 3 3 1 0 3 2 3 3 1 3 0 0 1 2 3 1 0 0 0 0 3 1 3 0 4 0 0 4 1 1 3 3 1 2 2 4 4 1 0 0 0 3 0 0 2 3 1 3 0 0 1 0 4 2 1 0 2 0 2 3 2 1 2 2 4 0 2 3 0 4 0 3 3 4 0 3 0 3 3 4 0 3 0 0 0 0 0 0 0 0 0 0 
# knockout 38
2 1 3 2 0 4 3 3 4 1 2 0 1 1 0 2 3 2 3 3 1 0 3 2 3 3 1 2 0 0 1 2 3 1 0 0 3 0 2 1 4 0 4 0 0 4 2 2 3 4 1 2 2 4 3 1 0 0 0 3 0 0 2 3 1 3 0 0 1 0 4 2 1 0 1 0 2 3 2 2 2 2 4 0 3 4 0 4 0 3 3 3 0 3 0 3 2 4 0 3 0 0 0 0 0 0 0 0 0 0 
2 1 3 2 0 4 3 3 4 1 2 0 1 1 0 2 3 2 3 3 1 0 3 2 3 3 1 2 0 0 1 2 3 1 0 0 3 0 2 1 4 0 4 0 0 4 2 2 3 4 1 2 2 4 3 1 0 0 0 3 0 0 2 3 1 3 0 0 1 0 4 2 1 0 1 0 2 3 2 2 2 2 4 0 3 4 0 4 0 3 3 3 0 3 0 3 2 4 0 3 0 0 0 0 0 0 0 0 0 0 
# knockout 39
2 1 3 2 0 4 3 3 4 1 3 1 1 1 0 1 3 2 3 3 1 1 3 2 3 3 1 2 0 0 1 2 3 1 0 0 3 0 0 4 4 0 4 0 0 4 2 1 3 4 1 2 2 4 3 2 0 0 0 3 0 0 2 3 1 3 0 0 1 0 4 2 1 0 2 0 4 3 2 1 1 2 4 0 2 3 0 4 0 3 3 3 0 4 0 2 2 4 0 3 0 0 0 0 0 0 0 0 0 0 
2 1 3 2 0 4 3 3 4 1 3 1 1 1 0 1 3 2 3 3 1 1 3 2 3 3 1 2 0 0 1 2 3 1 0 0 3 0 0 4 4 0 4 0 0 4 2 1 3 4 1 2 2 4 3 2 0 0 0 3 0 0 2 3 1 3 0 0 1 0 4 2 1 0 2 0 4 3 2 1 1 2 4 0 2 3 0 4 0 3 3 3 0 4 0 2 2 4 0 3 0 0 0 0 0 0 0 0 0 0 
# knockout 40
2 1 3 1 0 3 3 3 4 2 2 0 0 2 0 1 3 2 3 3 1 0 3 2 4 3 1 2 0 0 1 2 3 1 0 0 2 0 3 0 4 0 4 0 0 4 3 1 3 4 1 2 2 4 3 2 0 0 0 3 0 0 2 3 1 3 0 0 1 0 4 2 1 0 2 0 2 3 2 1 2 2 4 0 2 3 0 4 0 2 3 3 0 3 0 2 2 3 0 3 0 0 0 0 0 0 0 0 0 0 
2 1 3 1 0 3 3 3 4 2 2 0 0 2 0 1 3 2 3 3 1 0 3 2 4 3 1 2 0 0 1 2 3 1 0 0 2 0 3 0 4 0 4 0 0 4 3 1 3 4 1 2 2 4 3 2 0 0 0 3 0 0 2 3 1 3 0 0 1 0 4 2 1 0 2 0 2 3 2 1 2 2 4 0 2 3 0 4 0 2 3 3 0 3 0 2 2 3 0 3 0 0 0 0 0 0 0 0 0 0 
# knockout 41
2 1 3 2 0 3 3 3 4 1 2 0 1 1 0 2 3 2 3 3 1 0 3 2 3 3 1 2 0 0 1 2 3 1 1 0 3 0 3 1 0 0 4 0 0 4 2 1 3 4 1 2 2 4 3 2 0 0 0 3 0 0 2 3 1 3 0 0 1 0 3 2 1 0 2 0 2 3 2 1 2 1 4 0 2 3 0 4 0 3 3 3 0 3 0 3 2 3 0 3 0 0 0 0 0 0 0 0 0 0 
2 1 3 2 0 3 3 3 4 1 2 0 1 1 0 2 3 2 3 3 1 0 3 2 3 3 1 2 0 0 1 2 3 1 1 0 3 0 3 1 0 0 4 0 0 4 2 1 3 4 1 2 2 4 3 2 0 0 0 3 0 0 2 3 1 3 0 0 1 0 3 2 1 0 2 0 2 3 2 1 2 1 4 0 2 3 0 4 0 3 3 3 0 3 0 3 2 3 0 3 0 0 0 0 0 0 0 0 0 0 
# knockout 42
2 1 3 3 0 3 3 3 4 1 2 0 1 1 0 1 3 2 2 3 1 0 3 2 3 3 1 1 0 0 1 2 3 1 0 0 3 0 3 1 4 0 4 0 0 3 1 1 3 4 1 2 2 4 3 1 0 0 0 4 0 0 2 3 1 3 0 0 0 0 4 2 1 0 2 0 3 3 2 1 2 1 4 0 2 3 0 4 0 3 3 4 0 3 0 3 2 3 0 3 0 0 0 0 0 0 0 0 0 0 
2 1 3 3 0 3 3 3 4 1 2 0 1 1 0 1 3 2 2 3 1 0 3 2 3 3 1 1 0 0 1 2 3 1 0 0 3 0 3 1 4 0 4 0 0 3 1 1 3 4 1 2 2 4 3 1 0 0 0 4 0 0 2 3 1 3 0 0 0 0 4 2 1 0 2 0 3 3 2 1 2 1 4 0 2 3 0 4 0 3 3 4 0 3 0 3 2 3 0 3 0 0 0 0 0 0 0 0 0 0 
# knockout 43
2 1 3 2 0 3 3 3 4 1 2 0 1 1 0 2 3 2 4 3 1 0 3 2 3 3 1 2 0 0 1 2 3 1 0 0 3 1 4 1 3 0 0 0 0 4 2 1 3 4 1 2 2 4 3 3 0 0 0 3 0 0 4 3 1 3 0 0 1 0 4 2 1 0 2 0 2 3 2 0 2 1 4 0 2 3 0 4 3 3 3 3 0 3 0 3 2 3 0 3 0 0 0 0 0 0 0 0 0 0 
2 1 3 2 0 3 3 3 4 1 2 0 1 1 0 2 3 2 4 3 1 0 3 2 3 3 1 2 0 0 1 2 3 1 0 0 3 1 4 1 3 0 0 0 0 4 2 1 3 4 1 2 2 4 3 3 0 0 0 3 0 0 4 3 1 3 0 0 1 0 4 2 1 0 2 0 2 3 2 0 2 1 4 0 2 3 0 4 3 3 3 3 0 3 0 3 2 3 0 3 0 0 0 0 0 0 0 0 0 0 
# knockout 44
3 1 3 2 0 3 3 2 4 1 2 0 1 1 0 2 3 2 3 3 1 0 3 2 3 3 1 2 0 0 1 2 3 1 0 0 2 0 3 1 4 0 4 0 0 4 2 1 3 4 1 2 2 4 3 2 0 0 0 3 0 0 2 3 1 3 0 0 1 0 4 2 1 0 1 0 2 3 2 1 2 2 4 0 2 3 0 4 0 3 3 3 0 3 0 3 2 4 0 3 0 0 0 0 0 0 0 0 0 0 
3 1 3 2 0 3 3 2 4 1 2 0 1 1 0 2 3 2 3 3 1 0 3 2 3 3 1 2 0 0 1 2 3 1 0 0 2 0 3 1 4 0 4 0 0 4 2 1 3 4 1 2 2 4 3 2 0 0 0 3 0 0 2 3 1 3 0 0 1 0 4 2 1 0 1 0 2 3 2 1 2 2 4 0 2 3 0 4 0 3 3 3 0 3 0 3 2 4 0 3 0 0 0 0 0 0 0 0 0 0 
# knockout 45
2 1 3 2 0 3 4 3 4 1 2 0 1 1 0 1 3 1 3 3 1 1 3 2 3 3 1 2 0 0 0 2 3 1 0 0 3 0 4 1 4 0 4 0 0 4 2 2 3 4 1 2 2 4 3 1 0 0 0 3 0 0 2 3 1 3 0 0 1 0 3 2 1 0 2 0 3 3 2 2 2 2 4 0 3 3 0 4 0 3 2 3 0 3 0 2 2 3 0 3 0 0 0 0 0 0 0 0 0 0 
2 1 3 2 0 3 4 3 4 1 2 0 1 1 0 1 3 1 3 3 1 1 3 2 3 3 1 2 0 0 0 2 3 1 0 0 3 0 4 1 4 0 4 0 0 4 2 2 3 4 1 2 2 4 3 1 0 0 0 3 0 0 2 3 1 3 0 0 1 0 3 2 1 0 2 0 3 3 2 2 2 2 4 0 3 3 0 4 0 3 2 3 0 3 0 2 2 3 0 3 0 0 0 0 0 0 0 0 0 0 
# knockout 46
2 1 3 2 0 3 3 3 4 2 2 0 1 1 0 2 3 2 3 3 1 0 4 2 3 3 1 2 0 0 1 1 3 1 0 0 3 0 3 1 4 0 4 0 0 0 2 1 3 3 1 2 2 4 3 1 0 0 0 3 0 0 2 3 1 2 0 0 1 0 4 2 1 0 2 0 3 3 2 0 2 3 4 0 2 4 0 4 0 3 3 3 0 3 0 3 2 4 0 3 0 0 0 0 0 0 0 0 0 0 
2 1 3 2 0 3 3 3 4 2 2 0 1 1 0 2 3 2 3 3 1 0 4 2 3 3 1 2 0 0 1 1 3 1 0 0 3 0 3 1 4 0 4 0 0 0 2 1 3 3 1 2 2 4 3 1 0 0 0 3 0 0 2 3 1 2 0 0 1 0 4 2 1 0 2 0 3 3 2 0 2 3 4 0 2 4 0 4 0 3 3 3 0 3 0 3 2 4 0 3 0 0 0 0 0 0 0 0 0 0 
# knockout 47
1 2 3 2 0 3 3 3 4 1 2 0 1 1 0 2 3 2 3 3 1 0 3 2 3 3 1 2 0 0 1 2 3 2 0 0 3 0 3 1 4 0 4 0 0 4 0 1 4 4 1 2 2 4 3 2 0 0 0 3 0 0 2 3 1 3 0 0 1 0 4 2 1 0 2 0 3 3 2 1 2 2 4 0 3 3 0 4 0 2 3 3 0 3 0 3 2 3 0 2 0 0 0 0 0 0 0 0 0 0 
1 2 3 2 0 3 3 3 4 1 2 0 1 1 0 2 3 2 3 3 1 0 3 2 3 3 1 2 0 0 1 2 3 2 0 0 3 0 3 1 4 0 4 0 0 4 0 1 4 4 1 2 2 4 3 2 0 0 0 3 0 0 2 3 1 3 0 0 1 0 4 2 1 0 2 0 3 3 2 1 2 2 4 0 3 3 0 4 0 2 3 3 0 3 0 3 2 3 0 2 0 0 0 0 0 0 0 0 0 0 
# knockout 48
2 1 3 2 0 3 3 3 4 1 3 1 2 1 0 1 2 2 3 3 1 1 3 2 3 3 1 2 0 0 1 2 3 1 0 0 4 0 3 1 3 0 4 0 0 4 2 0 2 4 1 2 3 4 3 3 1 0 0 3 0 0 2 3 1 3 0 0 1 0 3 2 1 0 2 0 2 3 2 1 2 2 4 0 2 3 0 4 0 3 3 3 0 3 0 3 3 3 0 3 0 0 0 0 0 0 0 0 0 0 
2 1 3 2 0 3 3 3 4 1 3 1 2 1 0 1 2 2 3 3 1 1 3 2 3 3 1 2 0 0 1 2 3 1 0 0 4 0 3 1 3 0 4 0 0 4 2 0 2 4 1 2 3 4 3 3 1 0 0 3 0 0 2 3 1 3 0 0 1 0 3 2 1 0 2 0 2 3 2 1 2 2 4 0 2 3 0 4 0 3 3 3 0 3 0 3 3 3 0 3 0 0 0 0 0 0 0 0 0 0 
# knockout 49
2 1 3 2 0 3 3 3 4 2 2 0 1 1 0 2 3 2 3 3 1 0 3 2 3 4 1 2 0 0 1 2 3 1 0 0 3 0 3 1 3 0 4 0 0 4 2 1 0 4 1 4 2 4 3 2 0 0 0 3 0 0 2 3 1 3 0 0 1 0 4 2 0 0 2 0 2 3 2 1 2 2 4 0 2 4 0 4 0 2 3 3 0 3 0 3 2 3 0 3 0 0 0 0 0 0 0 0 0 0 
2 1 3 2 0 3 3 3 4 2 2 0 1 1 0 2 3 2 3 3 1 0 3 2 3 4 1 2 0 0 1 2 3 1 0 0 3 0 3 1 3 0 4 0 0 4 2 1 0 4 1 4 2 4 3 2 0 0 0 3 0 0 2 3 1 3 0 0 1 0 4 2 0 0 2 0 2 3 2 1 2 2 4 0 2 4 0 4 0 2 3 3 0 3 0 3 2 3 0 3 0 0 0 0 0 0 0 0 0 0 
# knockout 50
1 1 3 2 0 3 3 3 4 2 2 1 1 1 0 2 3 2 3 3 1 0 3 2 3 3 1 2 0 0 1 2 3 1 0 0 3 0 3 1 4 0 4 0 0 4 2 1 3 0 1 2 2 4 3 2 0 0 0 3 0 0 2 3 1 3 0 0 1 0 4 2 1 0 2 0 2 2 2 1 2 1 4 0 3 3 0 4 0 3 3 3 0 3 0 3 2 3 0 3 0 0 0 0 0 0 0 0 0 0 
1 1 3 2 0 3 3 3 4 2 2 1 1 1 0 2 3 2 3 3 1 0 3 2 3 3 1 2 0 0 1 2 3 1 0 0 3 0 3 1 4 0 4 0 0 4 2 1 3 0 1 2 2 4 3 2 0 0 0 3 0 0 2 3 1 3 0 0 1 0 4 2 1 0 2 0 2 2 2 1 2 1 4 0 3 3 0 4 0 3 3 3 0 3 0 3 2 3 0 3 0 0 0 0 0 0 0 0 0 0 
# knockout 51
2 2 3 2 0 3 2 3 4 1 2 0 1 1 0 1 2 2 3 2 1 1 3 2 3 2 1 2 0 0 1 2 4 1 0 0 3 0 3 1 3 0 4 0 0 4 2 1 3 4 0 2 3 4 3 2 0 0 0 3 0 0 2 3 1 3 0 0 1 0 4 2 1 0 1 0 2 3 2 1 2 2 4 0 2 3 0 4 0 2 3 4 0 3 0 3 2 3 0 3 0 0 0 0 0 0 0 0 0 0 
2 2 3 2 0 3 2 3 4 1 2 0 1 1 0 1 2 2 3 2 1 1 3 2 3 2 1 2 0 0 1 2 4 1 0 0 3 0 3 1 3 0 4 0 0 4 2 1 3 4 0 2 3 4 3 2 0 0 0 3 0 0 2 3 1 3 0 0 1 0 4 2 1 0 1 0 2 3 2 1 2 2 4 0 2 3 0 4 0 2 3 4 0 3 0 3 2 3 0 3 0 0 0 0 0 0 0 0 0 0 
# knockout 52
2 1 3 3 0 3 3 3 4 1 2 0 1 1 0 2 3 2 3 3 1 0 3 2 3 2 1 2 0 0 1 2 3 1 0 0 3 1 3 1 4 0 4 0 0 4 2 1 2 4 0 0 2 4 4 2 0 0 0 3 0 0 3 3 1 3 0 0 1 0 4 2 1 0 2 0 2 3 3 0 2 2 4 0 3 3 1 4 2 3 3 4 0 3 0 2 2 3 0 3 0 0 0 0 0 0 0 0 0 0 
2 1 3 3 0 3 3 3 4 1 2 0 1 1 0 2 3 2 3 3 1 0 3 2 3 2 1 2 0 0 1 2 3 1 0 0 3 1 3 1 4 0 4 0 0 4 2 1 2 4 0 0 2 4 4 2 0 0 0 3 0 0 3 3 1 3 0 0 1 0 4 2 1 0 2 0 2 3 3 0 2 2 4 0 3 3 1 4 2 3 3 4 0 3 0 2 2 3 0 3 0 0 0 0 0 0 0 0 0 0 
# knockout 53
2 1 3 2 0 3 3 3 4 1 2 0 1 1 0 2 3 1 3 3 1 0 3 2 3 3 1 2 0 0 1 2 3 1 0 0 3 0 3 1 4 0 4 0 0 4 2 1 3 4 1 2 0 4 3 1 0 0 0 3 0 0 2 3 1 3 0 0 2 0 4 2 1 0 1 0 2 3 2 1 2 2 4 0 2 3 0 4 0 3 2 3 0 3 0 3 2 3 0 3 0 0 0 0 0 0 0 0 0 0 
2 1 3 2 0 3 3 3 4 1 2 0 1 1 0 2 3 1 3 3 1 0 3 2 3 3 1 2 0 0 1 2 3 1 0 0 3 0 3 1 4 0 4 0 0 4 2 1 3 4 1 2 0 4 3 1 0 0 0 3 0 0 2 3 1 3 0 0 2 0 4 2 1 0 1 0 2 3 2 1 2 2 4 0 2 3 0 4 0 3 2 3 0 3 0 3 2 3 0 3 0 0 0 0 0 0 0 0 0 0 
# knockout 54
2 1 3 1 0 3 3 3 4 2 2 0 1 1 0 2 3 2 3 3 1 0 3 2 3 3 1 2 0 0 1 2 3 1 0 0 3 0 3 1 4 0 4 0 0 4 2 2 3 4 1 2 2 0 3 2 0 0 0 2 0 0 1 3 1 3 0 0 1 0 4 2 1 0 2 0 3 3 2 1 2 2 4 0 2 3 0 4 0 3 2 3 0 3 0 3 3 3 0 3 0 0 0 0 0 0 0 0 0 0 
2 1 3 1 0 3 3 3 4 2 2 0 1 1 0 2 3 2 3 3 1 0 3 2 3 3 1 2 0 0 1 2 3 1 0 0 3 0 3 1 4 0 4 0 0 4 2 2 3 4 1 2 2 0 3 2 0 0 0 2 0 0 1 3 1 3 0 0 1 0 4 2 1 0 2 0 3 3 2 1 2 2 4 0 2 3 0 4 0 3 2 3 0 3 0 3 3 3 0 3 0 0 0 0 0 0 0 0 0 0 
# knockout 55
2 1 3 2 0 3 3 3 4 1 2 0 1 1 0 1 3 2 3 3 1 0 3 1 3 3 1 1 0 0 1 2 3 1 0 0 3 0 3 1 4 0 4 0 0 4 2 1 3 4 1 2 2 4 0 3 0 0 0 4 0 1 1 3 1 2 0 0 1 0 4 2 1 0 2 1 2 3 2 1 2 2 4 0 2 3 0 4 0 4 3 4 0 3 0 3 2 3 0 3 0 0 0 0 0 0 0 0 0 0 
2 1 3 2 0 3 3 3 4 1 2 0 1 1 0 1 3 2 3 3 1 0 3 1 3 3 1 1 0 0 1 2 3 1 0 0 3 0 3 1 4 0 4 0 0 4 2 1 3 4 1 2 2 4 0 3 0 0 0 4 0 1 1 3 1 2 0 0 1 0 4 2 1 0 2 1 2 3 2 1 2 2 4 0 2 3 0 4 0 4 3 4 0 3 0 3 2 3 0 3 0 0 0 0 0 0 0 0 0 0 
# knockout 56
2 1 3 2 0 3 3 3 4 1 3 0 1 1 1 1 3 2 3 3 1 0 2 2 3 3 1 2 0 0 1 2 3 1 0 0 3 0 3 1 4 0 4 0 0 4 2 1 4 4 1 2 2 4 3 0 0 0 0 2 0 0 2 3 1 3 0 0 1 0 4 2 1 0 2 0 2 3 2 1 2 2 4 0 2 4 0 4 0 3 3 4 0 3 0 3 2 3 0 3 0 0 0 0 0 0 0 0 0 0 
2 1 3 2 0 3 3 3 4 1 3 0 1 1 1 1 3 2 3 3 1 0 2 2 3 3 1 2 0 0 1 2 3 1 0 0 3 0 3 1 4 0 4 0 0 4 2 1 4 4 1 2 2 4 3 0 0 0 0 2 0 0 2 3 1 3 0 0 1 0 4 2 1 0 2 0 2 3 2 1 2 2 4 0 2 4 0 4 0 3 3 4 0 3 0 3 2 3 0 3 0 0 0 0 0 0 0 0 0 0 
# knockout 57
3 1 3 3 0 3 3 3 4 1 2 1 1 2 0 2 3 2 3 3 1 0 3 2 3 3 1 3 0 0 1 2 3 1 0 0 3 0 3 1 4 0 4 0 0 4 2 1 4 4 1 2 2 4 4 2 0 0 0 3 0 0 2 3 1 3 0 0 1 0 4 2 1 0 2 0 3 3 3 1 2 2 4 0 2 4 0 4 0 3 3 3 0 4 0 3 2 4 0 3 0 0 0 0 0 0 0 0 0 0 
3 1 3 3 0 3 3 3 4 1 2 1 1 2 0 2 3 2 3 3 1 0 3 2 3 3 1 3 0 0 1 2 3 1 0 0 3 0 3 1 4 0 4 0 0 4 2 1 4 4 1 2 2 4 4 2 0 0 0 3 0 0 2 3 1 3 0 0 1 0 4 2 1 0 2 0 3 3 3 1 2 2 4 0 2 4 0 4 0 3 3 3 0 4 0 3 2 4 0 3 0 0 0 0 0 0 0 0 0 0 
# knockout 58
2 1 3 2 0 3 2 3 4 2 2 0 1 1 0 1 3 2 4 3 1 1 3 2 3 3 1 2 0 0 1 2 3 2 0 0 3 0 4 1 4 0 4 0 0 4 2 1 3 4 1 2 2 4 3 2 0 0 0 3 0 0 2 3 1 3 0 0 1 0 3 2 1 0 2 0 2 3 2 1 2 2 4 0 2 3 0 4 0 3 3 3 0 3 0 3 2 4 0 3 0 0 0 0 0 0 0 0 0 0 
2 1 3 2 0 3 2 3 4 2 2 0 1 1 0 1 3 2 4 3 1 1 3 2 3 3 1 2 0 0 1 2 3 2 0 0 3 0 4 1 4 0 4 0 0 4 2 1 3 4 1 2 2 4 3 2 0 0 0 3 0 0 2 3 1 3 0 0 1 0 3 2 1 0 2 0 2 3 2 1 2 2 4 0 2 3 0 4 0 3 3 3 0 3 0 3 2 4 0 3 0 0 0 0 0 0 0 0 0 0 
# knockout 59
2 1 3 2 0 3 3 3 4 1 2 0 1 1 0 2 3 2 3 3 1 0 3 3 3 3 1 2 0 0 1 2 3 1 0 0 3 0 3 1 3 0 4 0 0 4 2 1 2 4 0 2 2 4 3 2 0 0 0 3 0 0 2 3 1 3 0 0 1 0 4 2 1 0 2 0 2 4 2 1 2 2 4 0 3 3 0 4 0 3 3 3 0 3 0 2 2 3 0 3 0 0 0 0 0 0 0 0 0 0 
2 1 3 2 0 3 3 3 4 1 2 0 1 1 0 2 3 2 3 3 1 0 3 3 3 3 1 2 0 0 1 2 3 1 0 0 3 0 3 1 3 0 4 0 0 4 2 1 2 4 0 2 2 4 3 2 0 0 0 3 0 0 2 3 1 3 0 0 1 0 4 2 1 0 2 0 2 4 2 1 2 2 4 0 3 3 0 4 0 3 3 3 0 3 0 2 2 3 0 3 0 0 0 0 0 0 0 0 0 0 
# knockout 60
2 2 3 2 0 3 3 3 4 2 2 0 1 1 0 2 3 2 3 2 1 0 3 2 3 4 1 1 0 0 1 2 3 1 0 0 3 0 3 1 3 0 4 0 0 4 2 2 3 4 2 2 2 4 3 2 0 0 0 0 0 0 2 3 1 3 0 0 1 0 4 2 1 0 2 0 2 2 2 1 2 2 4 0 2 2 0 4 0 3 3 4 0 3 0 3 2 4 0 3 0 0 0 0 0 0 0 0 0 0 
2 2 3 2 0 3 3 3 4 2 2 0 1 1 0 2 3 2 3 2 1 0 3 2 3 4 1 1 0 0 1 2 3 1 0 0 3 0 3 1 3 0 4 0 0 4 2 2 3 4 2 2 2 4 3 2 0 0 0 0 0 0 2 3 1 3 0 0 1 0 4 2 1 0 2 0 2 2 2 1 2 2 4 0 2 2 0 4 0 3 3 4 0 3 0 3 2 4 0 3 0 0 0 0 0 0 0 0 0 0 
# knockout 61
2 1 3 2 0 3 3 3 4 1 2 0 1 1 0 1 3 2 3 3 1 0 3 2 3 4 1 3 0 0 0 2 3 1 0 0 3 0 3 1 4 0 4 0 0 4 2 1 3 4 1 2 2 4 3 1 0 0 0 3 0 0 2 3 1 3 0 0 1 0 4 2 1 0 3 0 2 3 2 1 2 2 4 0 2 3 0 4 0 3 2 4 0 2 0 3 2 4 0 3 0 0 0 0 0 0 0 0 0 0 
2 1 3 2 0 3 3 3 4 1 2 0 1 1 0 1 3 2 3 3 1 0 3 2 3 4 1 3 0 0 0 2 3 1 0 0 3 0 3 1 4 0 4 0 0 4 2 1 3 4 1 2 2 4 3 1 0 0 0 3 0 0 2 3 1 3 0 0 1 0 4 2 1 0 3 0 2 3 2 1 2 2 4 0 2 3 0 4 0 3 2 4 0 2 0 3 2 4 0 3 0 0 0 0 0 0 0 0 0 0 
# knockout 62
2 1 3 2 0 3 3 2 4 1 2 0 1 1 0 2 4 2 3 3 1 0 3 2 3 4 2 2 0 0 1 3 3 1 0 0 3 0 3 0 4 0 4 0 0 4 2 1 3 4 1 2 2 4 3 3 0 0 0 3 0 0 1 3 1 3 0 0 1 0 4 2 1 0 2 0 2 3 2 1 2 2 4 0 2 3 0 4 0 3 3 3 0 3 0 3 2 3 0 3 0 0 0 0 0 0 0 0 0 0 
2 1 3 2 0 3 3 2 4 1 2 0 1 1 0 2 4 2 3 3 1 0 3 2 3 4 2 2 0 0 1 3 3 1 0 0 3 0 3 0 4 0 4 0 0 4 2 1 3 4 1 2 2 4 3 3 0 0 0 3 0 0 1 3 1 3 0 0 1 0 4 2 1 0 2 0 2 3 2 1 2 2 4 0 2 3 0 4 0 3 3 3 0 3 0 3 2 3 0 3 0 0 0 0 0 0 0 0 0 0 
# knockout 63
2 1 3 2 0 3 3 3 4 2 2 0 1 1 0 1 3 2 3 3 1 0 3 2 3 4 1 2 0 0 1 2 3 1 0 0 3 1 3 1 4 0 4 0 0 4 2 2 3 4 1 2 2 4 3 2 0 0 0 3 0 0 0 3 1 3 0 0 1 0 4 2 1 0 2 0 4 3 3 0 2 1 4 0 2 3 0 4 0 3 4 3 0 3 0 3 2 3 0 3 0 0 0 0 0 0 0 0 0 0 
2 1 3 2 0 3 3 3 4 2 2 0 1 1 0 1 3 2 3 3 1 0 3 2 3 4 1 2 0 0 1 2 3 1 0 0 3 1 3 1 4 0 4 0 0 4 2 2 3 4 1 2 2 4 3 2 0 0 0 3 0 0 0 3 1 3 0 0 1 0 4 2 1 0 2 0 4 3 3 0 2 1 4 0 2 3 0 4 0 3 4 3 0 3 0 3 2 3 0 3 0 0 0 0 0 0 0 0 0 0 
# knockout 64
2 1 3 2 2 3 0 3 4 1 3 0 1 1 0 1 0 2 3 3 1 0 3 2 3 2 0 2 0 0 0 2 0 0 0 0 2 2 3 1 4 0 4 2 0 4 2 1 3 4 1 2 2 4 4 0 0 0 0 3 0 0 4 0 1 3 0 0 2 0 3 2 1 0 2 0 2 3 2 0 2 2 4 0 2 3 0 4 2 3 3 3 4 0 3 0 4 3 0 3 0 0 0 0 0 0 0 0 0 0 
2 1 3 2 2 3 0 3 4 1 3 0 1 1 0 1 0 2 3 3 1 0 3 2 3 2 0 2 0 0 0 2 0 0 0 0 2 2 3 1 4 0 4 2 0 4 2 1 3 4 1 2 2 4 4 0 0 0 0 3 0 0 4 0 1 3 0 0 2 0 3 2 1 0 2 0 2 3 2 0 2 2 4 0 2 3 0 4 2 3 3 3 4 0 3 0 4 3 0 3 0 0 0 0 0 0 0 0 0 0 
# knockout 65
3 0 1 1 3 3 0 3 4 1 2 0 0 3 4 2 0 1 3 4 0 0 3 3 2 0 0 1 0 0 0 2 0 0 0 0 0 4 3 1 4 0 4 3 0 4 4 3 2 2 0 2 2 4 3 0 0 0 4 3 0 0 3 0 0 3 0 4 4 0 0 0 2 4 2 2 0 0 4 0 0 0 4 0 3 3 3 4 0 3 3 3 4 0 4 0 4 3 4 0 0 0 0 0 0 0 0 0 0 0 
3 0 1 1 3 3 0 3 4 1 2 0 0 3 4 2 0 1 3 4 0 0 3 3 2 0 0 1 0 0 0 2 0 0 0 0 0 4 3 1 4 0 4 3 0 4 4 3 2 2 0 2 2 4 3 0 0 0 4 3 0 0 3 0 0 3 0 4 4 0 0 0 2 4 2 2 0 0 4 0 0 0 4 0 3 3 3 4 0 3 3 3 4 0 4 0 4 3 4 0 0 0 0 0 0 0 0 0 0 0 
# knockout 66
2 1 3 2 0 3 3 3 4 1 2 1 1 1 0 1 3 2 3 3 1 1 3 2 3 3 2 2 0 0 1 2 3 1 0 0 3 0 4 1 4 0 4 0 0 4 2 1 2 4 1 1 2 4 3 1 0 0 0 3 0 0 1 3 1 0 0 0 1 0 4 2 1 0 2 0 2 3 3 1 2 2 4 0 2 3 0 4 0 3 3 3 0 3 0 2 3 4 0 3 0 0 0 0 0 0 0 0 0 0 
2 1 3 2 0 3 3 3 4 1 2 1 1 1 0 1 3 2 3 3 1 1 3 2 3 3 2 2 0 0 1 2 3 1 0 0 3 0 4 1 4 0 4 0 0 4 2 1 2 4 1 1 2 4 3 1 0 0 0 3 0 0 1 3 1 0 0 0 1 0 4 2 1 0 2 0 2 3 3 1 2 2 4 0 2 3 0 4 0 3 3 3 0 3 0 2 3 4 0 3 0 0 0 0 0 0 0 0 0 0 
# knockout 67
2 1 3 2 0 3 3 3 4 1 2 0 1 1 0 2 3 2 3 3 1 0 3 2 3 4 1 3 0 0 1 2 3 1 0 0 3 0 3 1 4 0 4 0 0 4 2 1 3 4 1 2 2 4 3 1 0 0 0 3 0 0 2 3 1 3 0 0 1 0 4 2 1 0 2 0 2 3 2 1 2 2 4 0 1 3 0 4 0 3 3 4 0 3 0 3 2 3 0 3 0 0 0 0 0 0 0 0 0 0 
2 1 3 2 0 3 3 3 4 1 2 0 1 1 0 2 3 2 3 3 1 0 3 2 3 4 1 3 0 0 1 2 3 1 0 0 3 0 3 1 4 0 4 0 0 4 2 1 3 4 1 2 2 4 3 1 0 0 0 3 0 0 2 3 1 3 0 0 1 0 4 2 1 0 2 0 2 3 2 1 2 2 4 0 1 3 0 4 0 3 3 4 0 3 0 3 2 3 0 3 0 0 0 0 0 0 0 0 0 0 
# knockout 68
2 1 3 1 0 3 3 3 4 1 2 0 1 1 0 1 3 2 3 3 1 0 3 2 3 2 1 2 0 0 1 2 3 1 0 0 3 1 2 1 3 0 4 0 0 4 2 1 3 4 1 2 2 4 3 2 0 0 0 3 0 0 3 3 1 3 0 0 1 0 4 2 1 0 2 0 2 3 2 0 2 2 4 0 3 3 2 4 0 3 3 3 0 3 0 3 2 3 0 3 0 0 0 0 0 0 0 0 0 0 
2 1 3 1 0 3 3 3 4 1 2 0 1 1 0 1 3 2 3 3 1 0 3 2 3 2 1 2 0 0 1 2 3 1 0 0 3 1 2 1 3 0 4 0 0 4 2 1 3 4 1 2 2 4 3 2 0 0 0 3 0 0 3 3 1 3 0 0 1 0 4 2 1 0 2 0 2 3 2 0 2 2 4 0 3 3 2 4 0 3 3 3 0 3 0 3 2 3 0 3 0 0 0 0 0 0 0 0 0 0 
# knockout 69
2 1 3 3 0 3 3 3 4 1 2 0 1 1 0 2 3 2 3 3 1 0 4 2 3 4 1 2 0 0 0 2 3 1 0 0 3 0 3 1 4 0 4 0 0 3 2 1 3 4 0 2 2 4 3 2 0 0 0 2 0 0 2 2 1 3 0 0 0 0 3 2 1 0 2 0 3 3 2 2 2 2 4 0 3 4 0 4 0 3 3 4 0 3 0 2 2 3 0 3 0 0 0 0 0 0 0 0 0 0 
2 1 3 3 0 3 3 3 4 1 2 0 1 1 0 2 3 2 3 3 1 0 4 2 3 4 1 2 0 0 0 2 3 1 0 0 3 0 3 1 4 0 4 0 0 3 2 1 3 4 0 2 2 4 3 2 0 0 0 2 0 0 2 2 1 3 0 0 0 0 3 2 1 0 2 0 3 3 2 2 2 2 4 0 3 4 0 4 0 3 3 4 0 3 0 2 2 3 0 3 0 0 0 0 0 0 0 0 0 0 
# knockout 70
2 1 3 2 0 3 2 3 4 1 3 0 1 1 0 2 3 1 3 2 1 0 3 2 3 3 2 2 0 0 1 1 3 1 0 0 3 0 3 1 4 0 4 0 0 4 2 1 4 4 1 2 2 4 3 4 0 0 0 3 0 0 2 3 1 3 0 0 1 0 4 2 1 0 2 0 2 3 2 1 2 2 4 0 2 3 0 4 0 2 3 3 0 3 0 3 3 3 0 3 0 0 0 0 0 0 0 0 0 0 
2 1 3 2 0 3 2 3 4 1 3 0 1 1 0 2 3 1 3 2 1 0 3 2 3 3 2 2 0 0 1 1 3 1 0 0 3 0 3 1 4 0 4 0 0 4 2 1 4 4 1 2 2 4 3 4 0 0 0 3 0 0 2 3 1 3 0 0 1 0 4 2 1 0 2 0 2 3 2 1 2 2 4 0 2 3 0 4 0 2 3 3 0 3 0 3 3 3 0 3 0 0 0 0 0 0 0 0 0 0 
# knockout 71
4 0 1 1 2 3 0 3 4 2 2 0 0 3 3 2 0 0 3 4 0 0 2 2 3 0 0 1 0 0 0 2 0 0 0 0 0 3 3 1 3 0 4 3 0 4 4 4 3 3 0 4 2 4 4 0 0 0 3 3 0 0 4 0 0 4 0 3 3 0 0 0 1 4 0 3 1 0 4 0 0 0 4 0 3 3 4 4 2 3 3 3 4 0 3 0 3 4 4 0 0 0 0 0 0 0 0 0 0 0 
4 0 1 1 2 3 0 3 4 2 2 0 0 3 3 2 0 0 3 4 0 0 2 2 3 0 0 1 0 0 0 2 0 0 0 0 0 3 3 1 3 0 4 3 0 4 4 4 3 3 0 4 2 4 4 0 0 0 3 3 0 0 4 0 0 4 0 3 3 0 0 0 1 4 0 3 1 0 4 0 0 0 4 0 3 3 4 4 2 3 3 3 4 0 3 0 3 4 4 0 0 0 0 0 0 0 0 0 0 0 
# knockout 72
3 0 1 1 3 4 0 3 4 1 2 0 0 2 3 3 0 1 3 3 0 0 4 3 3 0 0 1 0 0 0 2 0 0 0 0 0 4 3 1 4 0 4 3 0 4 4 2 3 1 0 2 3 4 3 0 0 0 4 3 0 0 3 0 0 3 0 4 3 0 0 0 1 3 0 3 0 0 2 0 0 0 4 0 2 3 4 4 0 3 3 3 4 0 4 0 2 3 4 0 0 0 0 0 0 0 0 0 0 0 
3 0 1 1 3 4 0 3 4 1 2 0 0 2 3 3 0 1 3 3 0 0 4 3 3 0 0 1 0 0 0 2 0 0 0 0 0 4 3 1 4 0 4 3 0 4 4 2 3 1 0 2 3 4 3 0 0 0 4 3 0 0 3 0 0 3 0 4 3 0 0 0 1 3 0 3 0 0 2 0 0 0 4 0 2 3 4 4 0 3 3 3 4 0 4 0 2 3 4 0 0 0 0 0 0 0 0 0 0 0 
# knockout 73
2 1 3 2 0 3 3 3 4 1 2 0 1 1 0 2 3 2 4 3 1 0 3 2 3 3 1 2 0 0 0 2 3 1 0 0 3 0 3 1 3 0 4 0 0 4 2 1 3 4 1 2 2 4 3 1 0 0 0 3 0 0 2 3 1 3 0 0 1 0 3 2 0 0 2 0 2 4 2 1 2 1 4 0 2 3 0 4 0 3 3 3 0 2 0 3 2 2 0 3 0 0 0 0 0 0 0 0 0 0 
2 1 3 2 0 3 3 3 4 1 2 0 1 1 0 2 3 2 4 3 1 0 3 2 3 3 1 2 0 0 0 2 3 1 0 0 3 0 3 1 3 0 4 0 0 4 2 1 3 4 1 2 2 4 3 1 0 0 0 3 0 0 2 3 1 3 0 0 1 0 3 2 0 0 2 0 2 4 2 1 2 1 4 0 2 3 0 4 0 3 3 3 0 2 0 3 2 2 0 3 0 0 0 0 0 0 0 0 0 0 
# knockout 74
3 2 3 2 0 3 2 2 4 1 2 1 3 1 0 0 3 1 1 3 2 2 2 0 3 3 1 3 0 0 1 2 3 1 0 3 3 0 3 1 4 0 4 0 0 3 2 1 3 4 3 0 2 4 3 2 0 0 0 4 0 0 2 3 3 3 0 0 2 1 4 4 2 0 2 0 2 4 2 3 2 2 4 0 0 1 0 1 0 3 3 3 0 3 0 3 2 4 0 3 0 0 0 0 0 0 0 0 0 0 
3 2 3 2 0 3 2 2 4 1 2 1 3 1 0 0 3 1 1 3 2 2 2 0 3 3 1 3 0 0 1 2 3 1 0 3 3 0 3 1 4 0 4 0 0 3 2 1 3 4 3 0 2 4 3 2 0 0 0 4 0 0 2 3 3 3 0 0 2 1 4 4 2 0 2 0 2 4 2 3 2 2 4 0 0 1 0 1 0 3 3 3 0 3 0 3 2 4 0 3 0 0 0 0 0 0 0 0 0 0 
# knockout 75
2 1 3 1 0 3 3 3 3 1 3 0 1 1 0 3 3 2 3 3 1 0 3 2 3 2 1 2 0 0 1 2 3 1 0 0 3 0 3 1 4 0 4 0 0 3 2 1 3 4 1 2 2 4 4 2 0 0 0 3 0 0 2 3 1 3 0 0 1 0 4 3 1 0 0 0 2 3 2 1 2 1 4 0 2 3 0 4 0 3 3 3 0 3 0 3 2 3 0 3 0 0 0 0 0 0 0 0 0 0 
2 1 3 1 0 3 3 3 3 1 3 0 1 1 0 3 3 2 3 3 1 0 3 2 3 2 1 2 0 0 1 2 3 1 0 0 3 0 3 1 4 0 4 0 0 3 2 1 3 4 1 2 2 4 4 2 0 0 0 3 0 0 2 3 1 3 0 0 1 0 4 3 1 0 0 0 2 3 2 1 2 1 4 0 2 3 0 4 0 3 3 3 0 3 0 3 2 3 0 3 0 0 0 0 0 0 0 0 0 0 
# knockout 76
2 1 3 2 0 3 3 3 4 1 2 0 1 1 1 2 4 2 3 3 1 0 3 2 3 3 1 2 0 0 0 2 4 1 0 0 3 0 3 1 4 0 4 0 0 4 2 2 4 4 1 2 2 4 4 0 0 0 0 3 0 0 2 3 1 3 0 0 1 0 4 2 1 0 2 0 2 3 2 1 1 2 4 0 2 3 0 4 0 3 3 3 0 3 0 4 2 3 0 3 0 0 0 0 0 0 0 0 0 0 
2 1 3 2 0 3 3 3 4 1 2 0 1 1 1 2 4 2 3 3 1 0 3 2 3 3 1 2 0 0 0 2 4 1 0 0 3 0 3 1 4 0 4 0 0 4 2 2 4 4 1 2 2 4 4 0 0 0 0 3 0 0 2 3 1 3 0 0 1 0 4 2 1 0 2 0 2 3 2 1 1 2 4 0 2 3 0 4 0 3 3 3 0 3 0 4 2 3 0 3 0 0 0 0 0 0 0 0 0 0 
# knockout 77
2 1 3 2 0 3 3 3 4 2 2 1 2 1 0 2 4 1 3 3 1 1 3 2 3 3 2 3 0 0 1 2 3 1 0 0 3 0 3 1 4 0 4 0 0 4 2 2 3 4 1 1 2 4 3 2 0 0 0 4 0 0 2 3 1 3 0 0 1 0 4 2 1 0 3 0 0 3 2 1 2 1 4 0 1 3 0 4 0 3 2 3 0 3 0 3 2 4 0 3 0 0 0 0 0 0 0 0 0 0 
2 1 3 2 0 3 3 3 4 2 2 1 2 1 0 2 4 1 3 3 1 1 3 2 3 3 2 3 0 0 1 2 3 1 0 0 3 0 3 1 4 0 4 0 0 4 2 2 3 4 1 1 2 4 3 2 0 0 0 4 0 0 2 3 1 3 0 0 1 0 4 2 1 0 3 0 0 3 2 1 2 1 4 0 1 3 0 4 0 3 2 3 0 3 0 3 2 4 0 3 0 0 0 0 0 0 0 0 0 0 
# knockout 78
2 1 3 2 0 3 3 2 4 1 2 0 1 1 0 2 3 2 3 3 1 0 3 2 3 3 1 2 0 0 1 2 3 1 0 0 3 0 3 1 4 0 4 0 0 4 3 1 3 4 1 2 2 4 3 2 0 0 0 3 0 0 2 3 1 3 0 0 1 0 4 2 1 0 2 0 3 0 4 1 1 1 4 0 2 3 0 4 0 3 2 3 0 3 0 3 2 4 0 3 0 0 0 0 0 0 0 0 0 0 
2 1 3 2 0 3 3 2 4 1 2 0 1 1 0 2 3 2 3 3 1 0 3 2 3 3 1 2 0 0 1 2 3 1 0 0 3 0 3 1 4 0 4 0 0 4 3 1 3 4 1 2 2 4 3 2 0 0 0 3 0 0 2 3 1 3 0 0 1 0 4 2 1 0 2 0 3 0 4 1 1 1 4 0 2 3 0 4 0 3 2 3 0 3 0 3 2 4 0 3 0 0 0 0 0 0 0 0 0 0 
# knockout 79
2 1 3 2 0 4 3 2 4 1 2 0 1 1 0 2 3 2 4 3 3 0 3 2 2 3 1 2 0 0 1 2 3 1 0 0 3 0 3 1 4 0 4 0 0 4 2 1 3 4 1 2 2 4 3 1 0 0 0 3 0 0 2 3 1 3 0 0 2 0 3 2 0 0 2 0 2 3 0 1 2 1 4 0 2 3 0 4 0 0 3 3 0 3 0 2 2 3 0 3 0 0 0 0 0 0 0 0 0 0 
2 1 3 2 0 4 3 2 4 1 2 0 1 1 0 2 3 2 4 3 3 0 3 2 2 3 1 2 0 0 1 2 3 1 0 0 3 0 3 1 4 0 4 0 0 4 2 1 3 4 1 2 2 4 3 1 0 0 0 3 0 0 2 3 1 3 0 0 2 0 3 2 0 0 2 0 2 3 0 1 2 1 4 0 2 3 0 4 0 0 3 3 0 3 0 2 2 3 0 3 0 0 0 0 0 0 0 0 0 0 
# knockout 80
2 1 3 1 0 3 3 3 4 1 2 0 1 1 0 1 3 2 3 3 1 0 3 2 3 4 1 2 0 0 1 2 3 1 0 0 2 0 3 1 4 0 4 0 0 4 2 2 3 4 1 2 2 4 3 2 0 0 0 3 0 0 2 3 2 3 0 0 1 0 4 2 1 0 2 0 2 3 2 0 2 2 4 0 2 3 0 4 0 3 3 3 0 3 0 3 2 4 0 3 0 0 0 0 0 0 0 0 0 0 
2 1 3 1 0 3 3 3 4 1 2 0 1 1 0 1 3 2 3 3 1 0 3 2 3 4 1 2 0 0 1 2 3 1 0 0 2 0 3 1 4 0 4 0 0 4 2 2 3 4 1 2 2 4 3 2 0 0 0 3 0 0 2 3 2 3 0 0 1 0 4 2 1 0 2 0 2 3 2 0 2 2 4 0 2 3 0 4 0 3 3 3 0 3 0 3 2 4 0 3 0 0 0 0 0 0 0 0 0 0 
# knockout 81
2 1 3 2 0 3 3 3 3 1 2 0 1 1 0 2 3 3 2 3 1 1 3 1 3 4 1 2 0 0 1 2 3 1 0 0 3 0 3 1 4 0 4 0 0 4 2 1 3 4 1 2 2 4 3 2 0 0 0 3 0 0 2 3 2 3 0 0 1 0 4 2 1 0 1 0 3 3 2 1 0 1 4 0 1 2 0 4 0 3 3 3 0 3 0 3 2 3 0 3 0 0 0 0 0 0 0 0 0 0 
2 1 3 2 0 3 3 3 3 1 2 0 1 1 0 2 3 3 2 3 1 1 3 1 3 4 1 2 0 0 1 2 3 1 0 0 3 0 3 1 4 0 4 0 0 4 2 1 3 4 1 2 2 4 3 2 0 0 0 3 0 0 2 3 2 3 0 0 1 0 4 2 1 0 1 0 3 3 2 1 0 1 4 0 1 2 0 4 0 3 3 3 0 3 0 3 2 3 0 3 0 0 0 0 0 0 0 0 0 0 
# knockout 82
2 1 3 2 0 3 3 3 4 1 1 0 1 1 0 1 3 2 3 3 1 0 3 2 3 4 1 2 0 0 1 2 4 1 0 0 3 0 2 1 4 0 4 0 0 4 2 1 4 4 1 2 2 4 3 2 0 0 0 3 0 0 2 3 1 3 0 0 1 0 4 2 1 0 2 0 4 3 2 1 2 0 4 0 2 3 0 4 0 3 3 3 0 3 0 3 2 3 0 3 0 0 0 0 0 0 0 0 0 0 
2 1 3 2 0 3 3 3 4 1 1 0 1 1 0 1 3 2 3 3 1 0 3 2 3 4 1 2 0 0 1 2 4 1 0 0 3 0 2 1 4 0 4 0 0 4 2 1 4 4 1 2 2 4 3 2 0 0 0 3 0 0 2 3 1 3 0 0 1 0 4 2 1 0 2 0 4 3 2 1 2 0 4 0 2 3 0 4 0 3 3 3 0 3 0 3 2 3 0 3 0 0 0 0 0 0 0 0 0 0 
# knockout 83
2 1 3 2 0 4 3 3 4 1 2 0 1 1 0 2 3 2 4 3 1 0 2 2 4 3 1 2 0 0 1 2 3 1 0 0 3 0 0 4 4 0 4 0 0 3 2 2 2 4 1 2 2 4 3 2 0 0 0 3 0 0 2 3 1 3 0 0 1 0 4 2 1 0 2 0 2 3 2 1 2 2 0 0 2 3 0 4 0 3 3 3 0 3 0 3 2 3 0 3 0 0 0 0 0 0 0 0 0 0 
2 1 3 2 0 4 3 3 4 1 2 0 1 1 0 2 3 2 4 3 1 0 2 2 4 3 1 2 0 0 1 2 3 1 0 0 3 0 0 4 4 0 4 0 0 3 2 2 2 4 1 2 2 4 3 2 0 0 0 3 0 0 2 3 1 3 0 0 1 0 4 2 1 0 2 0 2 3 2 1 2 2 0 0 2 3 0 4 0 3 3 3 0 3 0 3 2 3 0 3 0 0 0 0 0 0 0 0 0 0 
# knockout 84
2 1 3 2 0 3 3 3 4 1 2 0 2 1 1 1 3 1 3 2 2 1 3 1 3 3 1 2 0 0 1 2 3 1 0 0 3 0 3 1 4 0 4 0 0 4 2 1 3 4 2 2 2 4 3 2 0 0 0 2 0 0 2 3 1 3 0 0 1 0 4 2 1 0 2 0 2 3 2 2 2 2 4 0 2 3 0 4 0 3 3 4 0 3 0 2 2 3 0 3 0 0 0 0 0 0 0 0 0 0 
2 1 3 2 0 3 3 3 4 1 2 0 2 1 1 1 3 1 3 2 2 1 3 1 3 3 1 2 0 0 1 2 3 1 0 0 3 0 3 1 4 0 4 0 0 4 2 1 3 4 2 2 2 4 3 2 0 0 0 2 0 0 2 3 1 3 0 0 1 0 4 2 1 0 2 0 2 3 2 2 2 2 4 0 2 3 0 4 0 3 3 4 0 3 0 2 2 3 0 3 0 0 0 0 0 0 0 0 0 0 
# knockout 85
2 1 3 2 0 3 3 3 4 1 2 1 1 1 0 1 3 2 3 3 1 0 3 2 3 3 1 2 0 0 1 1 3 1 0 0 3 0 2 1 4 0 4 0 0 4 2 1 3 4 1 2 2 4 3 3 0 0 0 4 0 0 2 3 1 3 0 0 1 0 3 2 1 0 2 0 2 3 2 2 2 1 4 0 0 3 0 4 0 3 3 3 0 3 0 3 2 4 0 3 0 0 0 0 0 0 0 0 0 0 
2 1 3 2 0 3 3 3 4 1 2 1 1 1 0 1 3 2 3 3 1 0 3 2 3 3 1 2 0 0 1 1 3 1 0 0 3 0 2 1 4 0 4 0 0 4 2 1 3 4 1 2 2 4 3 3 0 0 0 4 0 0 2 3 1 3 0 0 1 0 3 2 1 0 2 0 2 3 2 2 2 1 4 0 0 3 0 4 0 3 3 3 0 3 0 3 2 4 0 3 0 0 0 0 0 0 0 0 0 0 
# knockout 86
2 2 3 2 0 3 3 3 4 1 2 0 1 1 0 2 2 2 4 2 1 1 3 1 3 3 1 2 0 0 1 3 3 1 0 0 3 0 3 1 4 0 4 0 0 4 2 1 3 4 1 2 2 4 3 1 0 0 0 3 0 0 2 3 1 3 0 0 1 0 4 2 1 0 1 0 2 3 2 1 2 1 4 0 2 0 0 4 0 3 3 3 0 3 0 3 2 3 0 3 0 0 0 0 0 0 0 0 0 0 
2 2 3 2 0 3 3 3 4 1 2 0 1 1 0 2 2 2 4 2 1 1 3 1 3 3 1 2 0 0 1 3 3 1 0 0 3 0 3 1 4 0 4 0 0 4 2 1 3 4 1 2 2 4 3 1 0 0 0 3 0 0 2 3 1 3 0 0 1 0 4 2 1 0 1 0 2 3 2 1 2 1 4 0 2 0 0 4 0 3 3 3 0 3 0 3 2 3 0 3 0 0 0 0 0 0 0 0 0 0 
# knockout 87
2 1 3 2 0 3 2 3 4 1 2 0 1 1 0 2 3 2 3 3 1 0 2 2 3 4 1 2 0 0 1 2 3 1 0 0 3 0 4 1 4 0 4 0 0 4 2 1 3 4 1 2 2 4 4 2 0 0 0 3 0 0 2 3 1 3 0 0 1 0 4 2 1 0 2 0 2 3 2 1 2 2 4 0 2 3 0 4 0 3 3 3 0 3 0 3 3 3 0 3 0 0 0 0 0 0 0 0 0 0 
2 1 3 2 0 3 2 3 4 1 2 0 1 1 0 2 3 2 3 3 1 0 2 2 3 4 1 2 0 0 1 2 3 1 0 0 3 0 4 1 4 0 4 0 0 4 2 1 3 4 1 2 2 4 4 2 0 0 0 3 0 0 2 3 1 3 0 0 1 0 4 2 1 0 2 0 2 3 2 1 2 2 4 0 2 3 0 4 0 3 3 3 0 3 0 3 3 3 0 3 0 0 0 0 0 0 0 0 0 0 
# knockout 88
2 1 3 2 0 3 3 2 4 2 2 0 1 1 0 2 3 2 4 3 1 0 3 2 3 3 1 2 0 0 1 2 3 1 0 0 3 0 3 1 4 0 4 0 0 4 2 1 2 4 1 2 2 4 3 2 0 0 0 3 0 0 1 3 1 3 0 0 1 0 4 2 1 0 2 0 2 3 2 1 2 2 4 0 2 3 0 0 0 3 3 2 0 3 0 2 2 3 0 3 0 0 0 0 0 0 0 0 0 0 
2 1 3 2 0 3 3 2 4 2 2 0 1 1 0 2 3 2 4 3 1 0 3 2 3 3 1 2 0 0 1 2 3 1 0 0 3 0 3 1 4 0 4 0 0 4 2 1 2 4 1 2 2 4 3 2 0 0 0 3 0 0 1 3 1 3 0 0 1 0 4 2 1 0 2 0 2 3 2 1 2 2 4 0 2 3 0 0 0 3 3 2 0 3 0 2 2 3 0 3 0 0 0 0 0 0 0 0 0 0 
# knockout 89
2 1 3 2 0 3 3 3 4 1 2 0 1 1 0 2 3 3 3 3 1 0 4 2 2 4 1 2 0 0 1 2 3 1 0 0 3 0 3 1 3 0 4 0 0 4 2 1 3 4 1 2 2 4 4 2 0 0 0 3 0 0 1 3 1 3 0 0 1 0 4 2 1 0 1 0 2 3 2 1 2 2 4 0 2 3 0 4 0 3 2 3 0 3 0 3 2 3 0 3 0 0 0 0 0 0 0 0 0 0 
2 1 3 2 0 3 3 3 4 1 2 0 1 1 0 2 3 3 3 3 1 0 4 2 2 4 1 2 0 0 1 2 3 1 0 0 3 0 3 1 3 0 4 0 0 4 2 1 3 4 1 2 2 4 4 2 0 0 0 3 0 0 1 3 1 3 0 0 1 0 4 2 1 0 1 0 2 3 2 1 2 2 4 0 2 3 0 4 0 3 2 3 0 3 0 3 2 3 0 3 0 0 0 0 0 0 0 0 0 0 
# knockout 90
2 1 3 2 0 3 2 2 4 1 2 1 1 1 0 1 3 2 3 3 1 0 3 2 3 4 1 2 0 0 2 2 3 1 0 0 3 0 3 1 4 0 4 0 0 4 1 1 4 4 1 2 2 4 3 2 0 0 0 3 0 0 2 3 1 3 0 0 1 0 4 2 1 0 2 0 2 3 2 1 2 2 4 0 2 3 0 4 0 0 3 3 0 3 0 3 2 4 0 3 0 0 0 0 0 0 0 0 0 0 
2 1 3 2 0 3 2 2 4 1 2 1 1 1 0 1 3 2 3 3 1 0 3 2 3 4 1 2 0 0 2 2 3 1 0 0 3 0 3 1 4 0 4 0 0 4 1 1 4 4 1 2 2 4 3 2 0 0 0 3 0 0 2 3 1 3 0 0 1 0 4 2 1 0 2 0 2 3 2 1 2 2 4 0 2 3 0 4 0 0 3 3 0 3 0 3 2 4 0 3 0 0 0 0 0 0 0 0 0 0 
# knockout 91
2 1 3 2 0 3 3 3 4 1 3 0 1 1 0 2 3 2 3 3 1 0 3 2 3 3 1 2 0 0 1 2 3 1 0 0 3 0 4 1 4 0 3 0 0 3 2 1 3 4 1 2 2 4 3 2 0 0 0 3 0 0 2 3 1 3 0 0 1 0 4 2 1 0 2 0 3 3 2 1 2 2 4 0 2 3 0 4 0 3 0 3 0 3 0 3 2 3 0 3 0 0 0 0 0 0 0 0 0 0 
2 1 3 2 0 3 3 3 4 1 3 0 1 1 0 2 3 2 3 3 1 0 3 2 3 3 1 2 0 0 1 2 3 1 0 0 3 0 4 1 4 0 3 0 0 3 2 1 3 4 1 2 2 4 3 2 0 0 0 3 0 0 2 3 1 3 0 0 1 0 4 2 1 0 2 0 3 3 2 1 2 2 4 0 2 3 0 4 0 3 0 3 0 3 0 3 2 3 0 3 0 0 0 0 0 0 0 0 0 0 
# knockout 92
2 1 3 2 0 3 2 3 4 1 2 0 1 1 0 2 3 2 3 3 1 0 3 2 3 3 1 2 0 0 2 2 3 1 0 0 3 0 4 1 4 0 4 0 0 4 3 1 3 4 1 2 2 4 3 3 1 0 0 3 0 0 1 3 1 3 0 0 1 0 4 2 1 0 2 0 3 2 2 1 2 2 4 0 3 4 1 4 0 3 3 0 0 3 0 3 2 4 0 3 0 0 0 0 0 0 0 0 0 0 
2 1 3 2 0 3 2 3 4 1 2 0 1 1 0 2 3 2 3 3 1 0 3 2 3 3 1 2 0 0 2 2 3 1 0 0 3 0 4 1 4 0 4 0 0 4 3 1 3 4 1 2 2 4 3 3 1 0 0 3 0 0 1 3 1 3 0 0 1 0 4 2 1 0 2 0 3 2 2 1 2 2 4 0 3 4 1 4 0 3 3 0 0 3 0 3 2 4 0 3 0 0 0 0 0 0 0 0 0 0 
# knockout 93
2 1 3 3 0 3 3 3 4 1 2 0 1 1 0 2 3 2 3 3 1 0 3 2 3 3 1 2 0 0 1 2 3 1 0 0 3 1 3 1 4 0 4 0 0 3 2 1 3 4 1 2 2 4 3 1 0 0 0 2 0 0 2 3 1 3 0 0 1 0 4 2 1 0 2 0 4 3 2 0 1 2 4 0 2 4 0 4 0 3 3 3 0 2 0 2 2 3 0 3 0 0 0 0 0 0 0 0 0 0 
2 1 3 3 0 3 3 3 4 1 2 0 1 1 0 2 3 2 3 3 1 0 3 2 3 3 1 2 0 0 1 2 3 1 0 0 3 1 3 1 4 0 4 0 0 3 2 1 3 4 1 2 2 4 3 1 0 0 0 2 0 0 2 3 1 3 0 0 1 0 4 2 1 0 2 0 4 3 2 0 1 2 4 0 2 4 0 4 0 3 3 3 0 2 0 2 2 3 0 3 0 0 0 0 0 0 0 0 0 0 
# knockout 94
2 1 3 2 0 3 3 3 4 2 2 0 1 1 0 2 3 1 3 3 1 0 3 2 3 3 1 4 0 0 1 2 4 1 0 0 3 0 4 1 4 0 4 0 0 4 2 2 3 4 1 2 2 4 3 0 0 0 0 3 0 0 2 3 1 3 0 0 1 0 4 2 1 0 2 0 2 3 2 1 2 2 4 0 2 3 0 4 0 3 3 4 0 0 0 3 3 4 0 3 0 0 0 0 0 0 0 0 0 0 
2 1 3 2 0 3 3 3 4 2 2 0 1 1 0 2 3 1 3 3 1 0 3 2 3 3 1 4 0 0 1 2 4 1 0 0 3 0 4 1 4 0 4 0 0 4 2 2 3 4 1 2 2 4 3 0 0 0 0 3 0 0 2 3 1 3 0 0 1 0 4 2 1 0 2 0 2 3 2 1 2 2 4 0 2 3 0 4 0 3 3 4 0 0 0 3 3 4 0 3 0 0 0 0 0 0 0 0 0 0 
# knockout 95
2 1 3 2 0 3 2 3 4 1 2 0 1 1 0 2 3 2 3 3 1 0 3 2 3 3 1 2 0 0 1 3 3 1 0 0 3 0 3 1 4 0 4 0 0 3 2 1 3 4 1 2 2 4 4 2 0 0 0 2 0 0 1 3 1 3 0 0 1 0 4 2 1 0 2 0 3 3 2 1 2 2 4 0 2 4 0 4 0 3 3 4 0 3 0 3 3 4 0 3 0 0 0 0 0 0 0 0 0 0 
2 1 3 2 0 3 2 3 4 1 2 0 1 1 0 2 3 2 3 3 1 0 3 2 3 3 1 2 0 0 1 3 3 1 0 0 3 0 3 1 4 0 4 0 0 3 2 1 3 4 1 2 2 4 4 2 0 0 0 2 0 0 1 3 1 3 0 0 1 0 4 2 1 0 2 0 3 3 2 1 2 2 4 0 2 4 0 4 0 3 3 4 0 3 0 3 3 4 0 3 0 0 0 0 0 0 0 0 0 0 
# knockout 96
2 1 3 2 0 3 3 3 4 2 2 0 1 1 0 2 3 2 3 3 1 0 4 2 3 3 1 2 0 0 1 2 3 1 0 0 3 0 4 1 4 0 4 0 0 4 2 2 3 4 1 2 2 4 4 0 0 0 0 3 0 0 2 3 1 3 0 0 1 0 4 2 1 0 2 0 2 4 2 1 2 2 4 0 2 2 0 4 0 3 3 3 0 3 0 0 2 4 0 2 0 0 0 0 0 0 0 0 0 0 
2 1 3 2 0 3 3 3 4 2 2 0 1 1 0 2 3 2 3 3 1 0 4 2 3 3 1 2 0 0 1 2 3 1 0 0 3 0 4 1 4 0 4 0 0 4 2 2 3 4 1 2 2 4 4 0 0 0 0 3 0 0 2 3 1 3 0 0 1 0 4 2 1 0 2 0 2 4 2 1 2 2 4 0 2 2 0 4 0 3 3 3 0 3 0 0 2 4 0 2 0 0 0 0 0 0 0 0 0 0 
# knockout 97
2 1 3 3 0 3 3 3 4 1 2 0 1 1 0 2 3 2 3 3 1 0 3 2 3 3 1 2 1 0 1 3 3 1 0 0 3 0 3 1 4 0 4 0 0 4 2 1 3 4 1 2 2 4 3 2 0 0 0 3 0 0 2 3 1 3 0 0 1 0 4 3 1 0 2 0 2 3 2 1 2 1 4 0 2 3 0 4 0 3 3 3 0 3 0 2 0 3 0 2 0 0 0 0 0 0 0 0 0 0 
2 1 3 3 0 3 3 3 4 1 2 0 1 1 0 2 3 2 3 3 1 0 3 2 3 3 1 2 1 0 1 3 3 1 0 0 3 0 3 1 4 0 4 0 0 4 2 1 3 4 1 2 2 4 3 2 0 0 0 3 0 0 2 3 1 3 0 0 1 0 4 3 1 0 2 0 2 3 2 1 2 1 4 0 2 3 0 4 0 3 3 3 0 3 0 2 0 3 0 2 0 0 0 0 0 0 0 0 0 0 
# knockout 98
2 1 3 2 0 3 3 2 4 1 2 0 1 1 0 2 3 2 3 3 1 0 3 2 3 3 1 2 0 0 1 3 3 2 0 0 3 0 3 0 4 0 4 0 0 4 2 1 3 4 1 2 1 4 3 3 0 0 0 3 0 0 2 3 1 3 0 0 1 0 4 2 1 0 2 0 2 4 2 1 2 2 4 1 2 3 0 4 0 3 3 3 0 3 0 2 2 0 0 3 0 0 0 0 0 0 0 0 0 0 
2 1 3 2 0 3 3 2 4 1 2 0 1 1 0 2 3 2 3 3 1 0 3 2 3 3 1 2 0 0 1 3 3 2 0 0 3 0 3 0 4 0 4 0 0 4 2 1 3 4 1 2 1 4 3 3 0 0 0 3 0 0 2 3 1 3 0 0 1 0 4 2 1 0 2 0 2 4 2 1 2 2 4 1 2 3 0 4 0 3 3 3 0 3 0 2 2 0 0 3 0 0 0 0 0 0 0 0 0 0 
# knockout 99
2 1 3 2 0 3 3 2 4 1 2 0 1 1 0 2 3 2 3 3 1 0 3 2 2 3 1 2 0 0 1 2 3 1 0 0 3 0 3 1 4 0 4 0 0 4 1 1 3 4 1 2 2 4 3 1 0 0 0 3 0 0 2 3 1 3 0 0 2 0 4 3 1 0 2 0 2 3 2 2 2 2 4 0 2 3 0 3 0 3 3 2 0 3 0 3 2 3 0 3 0 0 0 0 0 0 0 0 0 0 
2 1 3 2 0 3 3 2 4 1 2 0 1 1 0 2 3 2 3 3 1 0 3 2 2 3 1 2 0 0 1 2 3 1 0 0 3 0 3 1 4 0 4 0 0 4 1 1 3 4 1 2 2 4 3 1 0 0 0 3 0 0 2 3 1 3 0 0 2 0 4 3 1 0 2 0 2 3 2 2 2 2 4 0 2 3 0 3 0 3 3 2 0 3 0 3 2 3 0 3 0 0 0 0 0 0 0 0 0 0 
# knockout 100
2 1 4 2 0 3 3 3 4 1 2 0 1 1 0 2 3 2 3 3 1 0 3 2 3 4 1 2 0 0 1 2 3 1 0 0 3 0 3 1 4 0 4 0 0 4 2 1 3 4 1 2 2 4 3 1 0 0 0 4 0 0 2 3 1 3 0 0 1 0 4 2 1 0 1 0 2 3 2 1 2 2 4 0 2 3 0 4 0 3 3 4 0 3 0 3 2 3 0 0 0 0 0 0 0 0 0 0 0 0 
2 1 4 2 0 3 3 3 4 1 2 0 1 1 0 2 3 2 3 3 1 0 3 2 3 4 1 2 0 0 1 2 3 1 0 0 3 0 3 1 4 0 4 0 0 4 2 1 3 4 1 2 2 4 3 1 0 0 0 4 0 0 2 3 1 3 0 0 1 0 4 2 1 0 1 0 2 3 2 1 2 2 4 0 2 3 0 4 0 3 3 4 0 3 0 3 2 3 0 0 0 0 0 0 0 0 0 0 0 0 
