# knockout 1
0 0 1 4 3 4 0 3 3 4 0 0 0 0 0 
0 0 1 4 3 4 0 3 3 4 0 0 0 0 0 
# knockout 2
0 0 3 3 3 3 0 4 3 4 0 0 0 0 0 
0 0 3 3 3 3 0 4 3 4 0 0 0 0 0 
# knockout 3
3 0 0 3 0 3 0 3 3 4 0 0 0 0 0 
3 0 0 3 0 3 0 3 3 4 0 0 0 0 0 
# knockout 4
3 4 0 0 1 2 2 1 3 4 0 0 0 0 0 
3 4 0 0 1 2 2 1 3 4 0 0 0 0 0 
# knockout 5
3 0 0 3 0 3 0 3 3 4 0 0 0 0 0 
3 0 0 3 0 3 0 3 3 4 0 0 0 0 0 
# knockout 6
3 1 2 3 0 0 0 4 3 4 0 0 0 0 0 
3 1 2 3 0 0 0 4 3 4 0 0 0 0 0 
# knockout 7
3 0 2 3 0 3 0 3 3 4 0 0 0 0 0 
3 0 2 3 0 3 0 3 3 4 0 0 0 0 0 
# knockout 8
3 0 3 3 0 3 1 0 3 4 0 0 0 0 0 
3 0 3 3 0 3 1 0 3 4 0 0 0 0 0 
# knockout 9
3 2 4 3 1 2 2 3 0 4 0 0 0 0 0 
3 2 4 3 1 2 2 3 0 4 0 0 0 0 0 
# knockout 10
4 0 1 4 0 4 0 3 3 0 0 0 0 0 0 
4 0 1 4 0 4 0 3 3 0 0 0 0 0 0 
