# knockout 1
0 4 2 1 4 1 4 4 4 3 0 0 0 0 0 
0 4 2 1 4 1 4 4 4 3 0 0 0 0 0 
# knockout 2
4 0 3 4 0 1 3 3 4 4 0 0 0 0 0 
4 0 3 4 0 1 3 3 4 4 0 0 0 0 0 
# knockout 3
3 1 0 1 0 1 4 4 4 3 0 0 0 0 0 
3 1 0 1 0 1 4 4 4 3 0 0 0 0 0 
# knockout 4
4 1 4 0 0 0 0 3 3 3 0 0 0 0 0 
4 1 4 0 0 0 0 3 3 3 0 0 0 0 0 
# knockout 5
4 1 3 3 0 1 3 3 4 4 0 0 0 0 0 
4 1 3 3 0 1 3 3 4 4 0 0 0 0 0 
# knockout 6
3 4 3 4 0 0 3 3 4 4 0 0 0 0 0 
3 4 3 4 0 0 3 3 4 4 0 0 0 0 0 
# knockout 7
3 1 3 0 0 0 0 3 4 3 0 0 0 0 0 
3 1 3 0 0 0 0 3 4 3 0 0 0 0 0 
# knockout 8
4 3 3 4 0 4 3 0 4 3 0 0 0 0 0 
4 3 3 4 0 4 3 0 4 3 0 0 0 0 0 
# knockout 9
4 1 1 1 0 0 4 4 0 0 0 0 0 0 0 
4 1 1 1 0 0 4 4 0 0 0 0 0 0 0 
# knockout 10
4 1 3 1 0 1 4 3 4 0 0 0 0 0 0 
4 1 3 1 0 1 4 3 4 0 0 0 0 0 0 
